1697723266.582467, 0
1697723266.599057, 1
1697723266.616178, 0
1697723266.633059, 2
1697723266.650657, 7
1697723266.667306, 6
1697723266.684172, 13
1697723266.701323, 17
1697723266.718140, 19
1697723266.734968, 24
1697723266.752074, 27
1697723266.769427, 31
1697723266.786271, 36
1697723266.803409, 40
1697723266.820366, 44
1697723266.836939, 49
1697723266.854296, 53
1697723266.871213, 59
1697723266.888369, 66
1697723266.905386, 70
1697723266.922897, 75
1697723266.940054, 80
1697723266.956992, 85
1697723266.973961, 89
1697723266.990674, 94
1697723267.007874, 100
1697723267.024878, 104
1697723267.042131, 109
1697723267.059270, 114
1697723267.076666, 119
1697723267.093992, 122
1697723267.111333, 128
1697723267.128694, 133
1697723267.146422, 138
1697723267.163449, 140
1697723267.180274, 140
1697723267.197363, 140
1697723267.214121, 140
1697723267.231155, 140
1697723267.248327, 140
1697723267.265666, 140
1697723267.282835, 140
1697723267.300038, 140
1697723267.317276, 140
1697723267.334295, 140
1697723267.351907, 140
1697723267.368432, 140
1697723267.385200, 139
1697723267.402254, 140
1697723267.419502, 140
1697723267.436166, 139
1697723267.453100, 140
1697723267.470374, 140
1697723267.488113, 140
1697723267.505299, 139
1697723267.522133, 140
1697723267.539087, 140
1697723267.556341, 139
1697723267.573331, 140
1697723267.590382, 140
1697723267.607603, 140
1697723267.624300, 140
1697723267.640963, 140
1697723267.658220, 139
1697723267.675171, 140
1697723267.692071, 140
1697723267.709034, 139
1697723267.725911, 140
1697723267.742923, 140
1697723267.760203, 139
1697723267.777291, 139
1697723267.794835, 140
1697723267.811553, 139
1697723267.828627, 139
1697723267.845693, 140
1697723267.862559, 139
1697723267.879459, 139
1697723267.896732, 140
1697723267.913706, 139
1697723267.930558, 139
1697723267.947618, 140
1697723267.964554, 139
1697723267.981524, 139
1697723267.998447, 140
1697723268.015228, 139
1697723268.031977, 139
1697723268.050172, 139
1697723268.067728, 140
1697723268.084684, 140
1697723268.101811, 139
1697723268.118796, 140
1697723268.135311, 139
1697723268.152272, 139
1697723268.169095, 140
1697723268.186198, 139
1697723268.203000, 139
1697723268.219980, 139
1697723268.237092, 140
1697723268.254314, 139
1697723268.271078, 140
1697723268.288142, 140
1697723268.305647, 140
1697723268.322656, 140
1697723268.339604, 140
1697723268.356292, 139
1697723268.372878, 137
1697723268.390208, 137
1697723268.407681, 137
1697723268.424867, 140
1697723268.442042, 139
1697723268.458805, 139
1697723268.475767, 140
1697723268.493039, 140
1697723268.509964, 139
1697723268.527203, 139
1697723268.544105, 139
1697723268.560905, 139
1697723268.578307, 140
1697723268.595713, 139
1697723268.612778, 139
1697723268.630279, 140
1697723268.647237, 140
1697723268.664021, 140
1697723268.680978, 138
1697723268.698931, 138
1697723268.715920, 138
1697723268.733146, 138
1697723268.750235, 137
1697723268.767179, 139
1697723268.784521, 138
1697723268.801247, 139
1697723268.818130, 140
1697723268.835506, 139
1697723268.852575, 140
1697723268.869471, 139
1697723268.886958, 139
1697723268.904631, 136
1697723268.921184, 136
1697723268.938419, 136
1697723268.956759, 137
1697723268.974142, 136
1697723268.991634, 136
1697723269.008968, 137
1697723269.026089, 136
1697723269.043036, 137
1697723269.060026, 137
1697723269.076944, 138
1697723269.094208, 140
1697723269.111058, 140
1697723269.128339, 138
1697723269.145366, 136
1697723269.162467, 136
1697723269.179894, 137
1697723269.196985, 138
1697723269.213780, 137
1697723269.230952, 137
1697723269.247609, 137
1697723269.264471, 137
1697723269.282091, 138
1697723269.299652, 139
1697723269.316833, 138
1697723269.333565, 138
1697723269.350638, 138
1697723269.367192, 139
1697723269.384408, 140
1697723269.401813, 135
1697723269.418872, 136
1697723269.436036, 137
1697723269.452781, 138
1697723269.469334, 137
1697723269.486447, 135
1697723269.503525, 136
1697723269.520437, 137
1697723269.537291, 136
1697723269.553812, 137
1697723269.570927, 136
1697723269.587845, 137
1697723269.604978, 137
1697723269.621996, 139
1697723269.638882, 140
1697723269.655558, 136
1697723269.672230, 137
1697723269.688901, 138
1697723269.705636, 139
1697723269.722924, 137
1697723269.739803, 136
1697723269.756831, 137
1697723269.774344, 138
1697723269.791663, 137
1697723269.808384, 139
1697723269.825284, 137
1697723269.842116, 138
1697723269.858619, 138
1697723269.876219, 139
1697723269.893307, 140
1697723269.910484, 137
1697723269.927767, 136
1697723269.944664, 137
1697723269.962689, 138
1697723269.979661, 137
1697723269.996723, 137
1697723270.013837, 137
1697723270.030798, 136
1697723270.048040, 137
1697723270.065027, 138
1697723270.081889, 135
1697723270.098615, 137
1697723270.115368, 138
1697723270.132795, 139
1697723270.149792, 137
1697723270.167261, 134
1697723270.184241, 131
1697723270.200677, 129
1697723270.217426, 127
1697723270.234106, 123
1697723270.251525, 119
1697723270.268225, 117
1697723270.284859, 113
1697723270.302204, 109
1697723270.319106, 106
1697723270.335936, 103
1697723270.353172, 99
1697723270.370264, 97
1697723270.387200, 90
1697723270.404991, 85
1697723270.421840, 79
1697723270.438566, 71
1697723270.455726, 65
1697723270.472494, 58
1697723270.489234, 50
1697723270.506557, 48
1697723270.523439, 48
1697723270.540305, 48
1697723270.557688, 48
1697723270.574824, 49
1697723270.592156, 48
1697723270.609597, 48
1697723270.626463, 49
1697723270.643848, 49
1697723270.661487, 49
1697723270.678283, 48
1697723270.695778, 49
1697723270.712758, 49
1697723270.729661, 49
1697723270.747096, 50
1697723270.763833, 49
1697723270.781346, 49
1697723270.798928, 50
1697723270.816167, 49
1697723270.833161, 50
1697723270.850412, 50
1697723270.867697, 49
1697723270.884632, 49
1697723270.901762, 49
1697723270.919178, 51
1697723270.935901, 50
1697723270.952821, 50
1697723270.970172, 51
1697723270.987218, 50
1697723271.003899, 50
1697723271.020885, 50
1697723271.037381, 50
1697723271.054371, 51
1697723271.071509, 51
1697723271.088345, 50
1697723271.105395, 51
1697723271.123279, 51
1697723271.140689, 50
1697723271.157670, 51
1697723271.174604, 51
1697723271.191729, 51
1697723271.208957, 51
1697723271.225815, 51
1697723271.242721, 52
1697723271.259773, 51
1697723271.276828, 51
1697723271.294081, 52
1697723271.311267, 51
1697723271.328026, 52
1697723271.345280, 52
1697723271.362242, 52
1697723271.379273, 52
1697723271.396662, 52
1697723271.413600, 51
1697723271.430342, 52
1697723271.447800, 52
1697723271.465209, 52
1697723271.481872, 52
1697723271.499402, 53
1697723271.516430, 53
1697723271.533289, 52
1697723271.550397, 52
1697723271.567270, 53
1697723271.584262, 52
1697723271.601015, 53
1697723271.617860, 53
1697723271.635224, 53
1697723271.652079, 53
1697723271.668741, 53
1697723271.685870, 52
1697723271.702624, 52
1697723271.719415, 53
1697723271.736145, 53
1697723271.753134, 54
1697723271.769801, 55
1697723271.787445, 55
1697723271.804278, 53
1697723271.821023, 54
1697723271.838444, 55
1697723271.855290, 54
1697723271.872121, 53
1697723271.889429, 54
1697723271.906215, 53
1697723271.923774, 54
1697723271.940980, 54
1697723271.957714, 53
1697723271.975112, 53
1697723271.991842, 53
1697723272.008713, 53
1697723272.025646, 54
1697723272.042379, 55
1697723272.058953, 55
1697723272.075739, 54
1697723272.092408, 54
1697723272.109058, 55
1697723272.126030, 55
1697723272.142747, 54
1697723272.159208, 55
1697723272.176023, 54
1697723272.192756, 55
1697723272.210047, 54
1697723272.226892, 54
1697723272.243784, 55
1697723272.261035, 55
1697723272.277983, 55
1697723272.294883, 55
1697723272.312451, 55
1697723272.329221, 56
1697723272.346103, 56
1697723272.362897, 56
1697723272.379620, 57
1697723272.396339, 56
1697723272.413134, 55
1697723272.430172, 56
1697723272.447147, 57
1697723272.464586, 57
1697723272.481492, 56
1697723272.498251, 55
1697723272.515706, 56
1697723272.532554, 56
1697723272.549390, 56
1697723272.567130, 54
1697723272.583957, 56
1697723272.600694, 55
1697723272.617875, 56
1697723272.634637, 57
1697723272.651082, 56
1697723272.667847, 56
1697723272.684587, 56
1697723272.701733, 57
1697723272.718667, 56
1697723272.735476, 56
1697723272.752846, 57
1697723272.769791, 56
1697723272.786585, 57
1697723272.803836, 56
1697723272.821275, 57
1697723272.838196, 56
1697723272.855414, 57
1697723272.872518, 57
1697723272.889257, 56
1697723272.906544, 57
1697723272.923524, 58
1697723272.940491, 58
1697723272.957448, 57
1697723272.974229, 58
1697723272.991161, 57
1697723273.008286, 57
1697723273.025388, 58
1697723273.042808, 57
1697723273.059870, 57
1697723273.076531, 58
1697723273.093500, 58
1697723273.110489, 57
1697723273.127636, 58
1697723273.144878, 58
1697723273.161781, 57
1697723273.178705, 57
1697723273.195659, 57
1697723273.212558, 57
1697723273.229361, 59
1697723273.246210, 59
1697723273.263037, 59
1697723273.279753, 58
1697723273.296623, 59
1697723273.313723, 59
1697723273.330878, 58
1697723273.347867, 59
1697723273.365052, 59
1697723273.381769, 59
1697723273.398763, 59
1697723273.415722, 59
1697723273.432369, 58
1697723273.449679, 59
1697723273.466512, 59
1697723273.483365, 58
1697723273.500872, 58
1697723273.518185, 59
1697723273.535475, 60
1697723273.552618, 59
1697723273.569487, 59
1697723273.587184, 59
1697723273.604150, 59
1697723273.621140, 60
1697723273.638551, 60
1697723273.656963, 58
1697723273.674014, 59
1697723273.691208, 59
1697723273.708056, 59
1697723273.724933, 60
1697723273.742781, 60
1697723273.759348, 59
1697723273.775879, 59
1697723273.792724, 59
1697723273.809646, 59
1697723273.826121, 60
1697723273.842952, 61
1697723273.859849, 61
1697723273.876786, 60
1697723273.893878, 61
1697723273.910569, 61
1697723273.927437, 60
1697723273.945035, 61
1697723273.961989, 61
1697723273.978834, 61
1697723273.995741, 61
1697723274.012459, 61
1697723274.029330, 60
1697723274.046548, 61
1697723274.063427, 60
1697723274.080018, 61
1697723274.097269, 61
1697723274.113842, 61
1697723274.130994, 61
1697723274.148332, 61
1697723274.165123, 62
1697723274.182832, 62
1697723274.199722, 61
1697723274.216584, 61
1697723274.233734, 62
1697723274.250931, 61
1697723274.267864, 62
1697723274.284894, 62
1697723274.301944, 61
1697723274.318798, 62
1697723274.336354, 62
1697723274.353351, 61
1697723274.370307, 61
1697723274.387544, 61
1697723274.404387, 61
1697723274.421160, 62
1697723274.439044, 62
1697723274.456162, 61
1697723274.473300, 61
1697723274.490088, 63
1697723274.507581, 63
1697723274.524103, 62
1697723274.541175, 63
1697723274.557946, 63
1697723274.574831, 62
1697723274.591628, 63
1697723274.608479, 63
1697723274.625733, 63
1697723274.642396, 63
1697723274.659269, 63
1697723274.678228, 62
1697723274.695039, 62
1697723274.711843, 62
1697723274.728794, 62
1697723274.746002, 63
1697723274.763196, 63
1697723274.780288, 63
1697723274.797299, 62
1697723274.814359, 64
1697723274.831446, 64
1697723274.848680, 63
1697723274.865861, 63
1697723274.882963, 63
1697723274.900124, 64
1697723274.917114, 64
1697723274.934269, 64
1697723274.951199, 63
1697723274.968561, 64
1697723274.986078, 63
1697723275.003740, 64
1697723275.021326, 64
1697723275.038363, 64
1697723275.055461, 63
1697723275.072795, 64
1697723275.089837, 64
1697723275.106813, 64
1697723275.124299, 64
1697723275.141402, 65
1697723275.158665, 65
1697723275.176165, 64
1697723275.193305, 64
1697723275.210140, 65
1697723275.227693, 64
1697723275.245016, 64
1697723275.262128, 64
1697723275.278981, 65
1697723275.296139, 64
1697723275.314064, 64
1697723275.330863, 64
1697723275.347747, 65
1697723275.364603, 65
1697723275.381691, 65
1697723275.399122, 65
1697723275.416352, 65
1697723275.433618, 65
1697723275.451037, 65
1697723275.468087, 65
1697723275.485199, 66
1697723275.502943, 65
1697723275.520075, 65
1697723275.537076, 66
1697723275.554185, 66
1697723275.571748, 66
1697723275.588581, 66
1697723275.605422, 65
1697723275.622912, 66
1697723275.639807, 66
1697723275.656554, 66
1697723275.673844, 65
1697723275.690722, 65
1697723275.707648, 66
1697723275.725264, 66
1697723275.743275, 66
1697723275.760120, 66
1697723275.777557, 67
1697723275.794656, 65
1697723275.811690, 66
1697723275.829275, 67
1697723275.846678, 67
1697723275.863755, 67
1697723275.881190, 67
1697723275.898172, 67
1697723275.914933, 67
1697723275.932299, 66
1697723275.949294, 66
1697723275.965911, 67
1697723275.982963, 66
1697723275.999737, 67
1697723276.016997, 67
1697723276.034017, 67
1697723276.050953, 67
1697723276.068244, 67
1697723276.085304, 67
1697723276.102059, 68
1697723276.118797, 67
1697723276.135632, 67
1697723276.152757, 67
1697723276.170205, 68
1697723276.187249, 68
1697723276.203990, 68
1697723276.220873, 68
1697723276.237549, 68
1697723276.254863, 67
1697723276.272233, 67
1697723276.289549, 68
1697723276.306048, 68
1697723276.322884, 68
1697723276.339711, 68
1697723276.356511, 68
1697723276.373252, 68
1697723276.390004, 68
1697723276.407193, 68
1697723276.423978, 68
1697723276.441044, 68
1697723276.457994, 68
1697723276.474864, 68
1697723276.491852, 68
1697723276.509319, 68
1697723276.526555, 69
1697723276.543333, 68
1697723276.561068, 69
1697723276.578502, 69
1697723276.595397, 68
1697723276.612545, 68
1697723276.629373, 69
1697723276.646066, 68
1697723276.663033, 69
1697723276.679901, 69
1697723276.697061, 68
1697723276.714090, 69
1697723276.730818, 68
1697723276.748045, 70
1697723276.764770, 69
1697723276.781644, 69
1697723276.798957, 69
1697723276.815745, 70
1697723276.832617, 68
1697723276.850142, 68
1697723276.866944, 69
1697723276.883779, 70
1697723276.901275, 70
1697723276.917925, 69
1697723276.934892, 70
1697723276.952099, 70
1697723276.968984, 69
1697723276.985824, 70
1697723277.003182, 70
1697723277.020082, 70
1697723277.037303, 70
1697723277.054295, 70
1697723277.071512, 71
1697723277.088403, 70
1697723277.105434, 69
1697723277.122424, 70
1697723277.139865, 71
1697723277.156836, 70
1697723277.173508, 70
1697723277.190398, 70
1697723277.207463, 70
1697723277.224751, 70
1697723277.241917, 71
1697723277.258769, 71
1697723277.275739, 71
1697723277.292662, 71
1697723277.309626, 71
1697723277.326936, 71
1697723277.343853, 71
1697723277.360714, 70
1697723277.377908, 70
1697723277.394824, 71
1697723277.411686, 70
1697723277.429281, 71
1697723277.446064, 71
1697723277.462864, 71
1697723277.479690, 71
1697723277.496371, 71
1697723277.513414, 72
1697723277.530216, 72
1697723277.547173, 72
1697723277.564547, 73
1697723277.581998, 72
1697723277.599085, 72
1697723277.616294, 73
1697723277.633212, 73
1697723277.650009, 72
1697723277.666895, 72
1697723277.683744, 71
1697723277.700689, 72
1697723277.717896, 72
1697723277.734639, 71
1697723277.751290, 72
1697723277.768588, 73
1697723277.785880, 72
1697723277.803097, 73
1697723277.819741, 73
1697723277.836613, 74
1697723277.854202, 72
1697723277.870836, 73
1697723277.887647, 73
1697723277.905333, 73
1697723277.921958, 73
1697723277.938941, 73
1697723277.955764, 72
1697723277.972706, 72
1697723277.989205, 72
1697723278.007040, 73
1697723278.023985, 73
1697723278.040828, 73
1697723278.057961, 72
1697723278.075035, 74
1697723278.092003, 74
1697723278.109027, 74
1697723278.125899, 73
1697723278.143112, 74
1697723278.160292, 74
1697723278.177753, 74
1697723278.194692, 74
1697723278.211623, 75
1697723278.228818, 74
1697723278.245826, 72
1697723278.262470, 72
1697723278.279409, 74
1697723278.296510, 73
1697723278.313248, 73
1697723278.330085, 73
1697723278.347245, 72
1697723278.364141, 74
1697723278.380937, 75
1697723278.397675, 74
1697723278.414554, 75
1697723278.431517, 75
1697723278.448195, 75
1697723278.464912, 75
1697723278.481798, 75
1697723278.498563, 74
1697723278.515423, 74
1697723278.532386, 75
1697723278.549005, 74
1697723278.565814, 74
1697723278.583039, 74
1697723278.599758, 74
1697723278.616299, 74
1697723278.633234, 74
1697723278.650197, 75
1697723278.667545, 75
1697723278.685306, 75
1697723278.702249, 76
1697723278.719105, 75
1697723278.736311, 76
1697723278.753490, 75
1697723278.770015, 75
1697723278.786923, 76
1697723278.804340, 75
1697723278.821929, 75
1697723278.838954, 75
1697723278.855724, 75
1697723278.872847, 75
1697723278.889539, 74
1697723278.906335, 75
1697723278.923208, 75
1697723278.940111, 75
1697723278.956939, 74
1697723278.973767, 76
1697723278.990352, 76
1697723279.006968, 76
1697723279.023654, 77
1697723279.040483, 77
1697723279.057520, 76
1697723279.074725, 76
1697723279.091807, 77
1697723279.108418, 76
1697723279.125279, 77
1697723279.142220, 76
1697723279.159123, 76
1697723279.176122, 76
1697723279.192961, 76
1697723279.210238, 75
1697723279.227533, 76
1697723279.244457, 76
1697723279.261791, 75
1697723279.278649, 76
1697723279.295566, 77
1697723279.312468, 76
1697723279.329553, 77
1697723279.346991, 78
1697723279.363944, 78
1697723279.381030, 76
1697723279.397640, 77
1697723279.414946, 78
1697723279.431907, 77
1697723279.449564, 75
1697723279.466721, 76
1697723279.483723, 76
1697723279.500731, 76
1697723279.517979, 77
1697723279.534947, 76
1697723279.551934, 77
1697723279.569269, 77
1697723279.586774, 77
1697723279.604529, 78
1697723279.621737, 78
1697723279.638487, 77
1697723279.656247, 78
1697723279.673177, 78
1697723279.690146, 78
1697723279.707527, 76
1697723279.724547, 77
1697723279.741425, 79
1697723279.758927, 78
1697723279.775891, 77
1697723279.792520, 78
1697723279.809524, 77
1697723279.826703, 76
1697723279.843444, 78
1697723279.861424, 77
1697723279.878704, 76
1697723279.895776, 79
1697723279.913045, 79
1697723279.930151, 79
1697723279.946955, 78
1697723279.964567, 78
1697723279.981918, 79
1697723279.998732, 79
1697723280.016165, 79
1697723280.033198, 78
1697723280.049932, 79
1697723280.067813, 78
1697723280.084829, 77
1697723280.101509, 77
1697723280.119088, 79
1697723280.136387, 79
1697723280.153044, 77
1697723280.170969, 79
1697723280.188016, 79
1697723280.205091, 78
1697723280.222655, 79
1697723280.239474, 79
1697723280.256397, 79
1697723280.273830, 80
1697723280.290550, 80
1697723280.307727, 78
1697723280.324398, 80
1697723280.341568, 80
1697723280.358474, 79
1697723280.375291, 80
1697723280.391971, 79
1697723280.409163, 79
1697723280.425755, 79
1697723280.442698, 78
1697723280.460098, 79
1697723280.477589, 79
1697723280.494380, 79
1697723280.511217, 79
1697723280.528206, 79
1697723280.545043, 81
1697723280.562284, 81
1697723280.579255, 80
1697723280.596193, 81
1697723280.612885, 81
1697723280.629505, 81
1697723280.646150, 79
1697723280.663363, 81
1697723280.680107, 81
1697723280.697301, 79
1697723280.715469, 81
1697723280.732345, 80
1697723280.749476, 81
1697723280.766605, 81
1697723280.783437, 80
1697723280.800706, 80
1697723280.817388, 81
1697723280.834515, 82
1697723280.851768, 81
1697723280.868591, 81
1697723280.885411, 81
1697723280.902740, 80
1697723280.919591, 80
1697723280.936361, 82
1697723280.953577, 82
1697723280.970508, 81
1697723280.987207, 82
1697723281.003995, 80
1697723281.021000, 79
1697723281.037832, 80
1697723281.054946, 80
1697723281.071805, 80
1697723281.088469, 81
1697723281.106042, 81
1697723281.122953, 80
1697723281.140224, 82
1697723281.157928, 82
1697723281.174950, 81
1697723281.191944, 82
1697723281.209171, 82
1697723281.226098, 82
1697723281.243604, 81
1697723281.260606, 82
1697723281.277331, 81
1697723281.294501, 82
1697723281.311469, 82
1697723281.328555, 80
1697723281.345872, 80
1697723281.362642, 81
1697723281.379606, 81
1697723281.396604, 81
1697723281.413746, 82
1697723281.430514, 82
1697723281.447583, 82
1697723281.464904, 83
1697723281.481656, 83
1697723281.498905, 83
1697723281.515866, 83
1697723281.532689, 82
1697723281.550094, 82
1697723281.566897, 83
1697723281.583601, 83
1697723281.600635, 83
1697723281.617645, 83
1697723281.634860, 82
1697723281.652244, 81
1697723281.669037, 81
1697723281.686147, 82
1697723281.703117, 82
1697723281.720092, 81
1697723281.737898, 82
1697723281.755150, 83
1697723281.771881, 84
1697723281.788534, 84
1697723281.805356, 84
1697723281.821974, 83
1697723281.839365, 84
1697723281.856321, 84
1697723281.873142, 84
1697723281.890127, 83
1697723281.906970, 84
1697723281.923628, 84
1697723281.940914, 83
1697723281.957767, 84
1697723281.975370, 83
1697723281.992536, 83
1697723282.009258, 82
1697723282.026660, 82
1697723282.043639, 82
1697723282.060536, 83
1697723282.077862, 83
1697723282.094753, 83
1697723282.111794, 84
1697723282.129341, 84
1697723282.145996, 84
1697723282.162725, 84
1697723282.179940, 84
1697723282.197150, 85
1697723282.213799, 84
1697723282.231938, 85
1697723282.249457, 84
1697723282.266193, 84
1697723282.283152, 85
1697723282.300318, 84
1697723282.317060, 83
1697723282.334395, 83
1697723282.351369, 84
1697723282.368890, 84
1697723282.385671, 84
1697723282.402409, 84
1697723282.419833, 84
1697723282.436841, 85
1697723282.453548, 85
1697723282.470886, 85
1697723282.487901, 84
1697723282.504667, 85
1697723282.521399, 85
1697723282.538851, 84
1697723282.555334, 85
1697723282.573032, 85
1697723282.589875, 85
1697723282.606644, 85
1697723282.623812, 84
1697723282.640768, 84
1697723282.657400, 85
1697723282.675787, 84
1697723282.692797, 84
1697723282.709486, 85
1697723282.726953, 85
1697723282.744024, 86
1697723282.761066, 86
1697723282.778466, 86
1697723282.795469, 86
1697723282.812416, 86
1697723282.829272, 86
1697723282.846320, 86
1697723282.863280, 85
1697723282.880748, 86
1697723282.897544, 86
1697723282.914784, 85
1697723282.931679, 85
1697723282.948586, 85
1697723282.966420, 85
1697723282.983306, 85
1697723283.000050, 84
1697723283.017360, 85
1697723283.034500, 85
1697723283.051507, 86
1697723283.068371, 87
1697723283.085369, 87
1697723283.101872, 86
1697723283.119398, 86
1697723283.136462, 86
1697723283.153415, 87
1697723283.170922, 87
1697723283.187671, 86
1697723283.205021, 87
1697723283.222152, 87
1697723283.239220, 86
1697723283.256486, 86
1697723283.273400, 85
1697723283.290169, 86
1697723283.307575, 86
1697723283.324419, 86
1697723283.341172, 86
1697723283.359121, 86
1697723283.376297, 86
1697723283.393226, 86
1697723283.410280, 86
1697723283.427226, 86
1697723283.444243, 87
1697723283.461779, 87
1697723283.479282, 88
1697723283.496441, 88
1697723283.513525, 88
1697723283.530511, 88
1697723283.547382, 87
1697723283.565554, 88
1697723283.582636, 88
1697723283.599631, 86
1697723283.617096, 87
1697723283.633857, 87
1697723283.650500, 87
1697723283.667338, 87
1697723283.684188, 87
1697723283.701494, 87
1697723283.718511, 87
1697723283.735460, 87
1697723283.752654, 88
1697723283.769557, 88
1697723283.786265, 87
1697723283.803521, 87
1697723283.820541, 88
1697723283.837387, 87
1697723283.854386, 88
1697723283.871438, 88
1697723283.888373, 88
1697723283.905481, 87
1697723283.922418, 88
1697723283.939525, 88
1697723283.957051, 88
1697723283.973792, 88
1697723283.990934, 88
1697723284.008331, 87
1697723284.025414, 88
1697723284.042688, 88
1697723284.059694, 88
1697723284.076543, 88
1697723284.093605, 88
1697723284.110414, 88
1697723284.127024, 89
1697723284.144338, 89
1697723284.161210, 89
1697723284.178018, 88
1697723284.195766, 89
1697723284.212917, 89
1697723284.229861, 89
1697723284.247844, 89
1697723284.264743, 88
1697723284.281569, 88
1697723284.298278, 88
1697723284.315107, 88
1697723284.332026, 87
1697723284.349472, 88
1697723284.366433, 89
1697723284.383999, 89
1697723284.400675, 90
1697723284.417530, 89
1697723284.434838, 89
1697723284.452209, 90
1697723284.469344, 90
1697723284.486486, 89
1697723284.503773, 89
1697723284.520515, 90
1697723284.538072, 90
1697723284.555044, 89
1697723284.571867, 90
1697723284.589180, 89
1697723284.606019, 89
1697723284.622744, 89
1697723284.640239, 89
1697723284.656857, 88
1697723284.673544, 88
1697723284.691091, 88
1697723284.708197, 89
1697723284.725158, 90
1697723284.741959, 90
1697723284.759102, 90
1697723284.777007, 90
1697723284.793929, 90
1697723284.810845, 90
1697723284.828067, 90
1697723284.845275, 91
1697723284.862683, 91
1697723284.879966, 90
1697723284.897292, 91
1697723284.914113, 91
1697723284.930979, 91
1697723284.948082, 90
1697723284.965230, 90
1697723284.982887, 89
1697723284.999728, 90
1697723285.016399, 90
1697723285.033659, 90
1697723285.050403, 90
1697723285.067039, 91
1697723285.083999, 91
1697723285.100546, 91
1697723285.117579, 91
1697723285.134265, 90
1697723285.150950, 91
1697723285.167763, 91
1697723285.185158, 91
1697723285.202127, 91
1697723285.219331, 91
1697723285.236283, 91
1697723285.252995, 90
1697723285.269769, 91
1697723285.286919, 91
1697723285.303819, 91
1697723285.321311, 90
1697723285.338911, 91
1697723285.355627, 91
1697723285.372841, 90
1697723285.389499, 91
1697723285.406087, 91
1697723285.423383, 91
1697723285.440184, 92
1697723285.457414, 92
1697723285.474304, 92
1697723285.490945, 92
1697723285.507807, 92
1697723285.524536, 92
1697723285.541330, 91
1697723285.558097, 91
1697723285.574913, 92
1697723285.591472, 92
1697723285.608802, 92
1697723285.625743, 91
1697723285.642654, 91
1697723285.659995, 90
1697723285.676941, 90
1697723285.693717, 91
1697723285.710843, 91
1697723285.727735, 91
1697723285.744771, 92
1697723285.761886, 92
1697723285.778862, 93
1697723285.795999, 93
1697723285.813271, 92
1697723285.830285, 92
1697723285.847301, 92
1697723285.864457, 92
1697723285.881399, 93
1697723285.899238, 93
1697723285.915952, 92
1697723285.933181, 93
1697723285.950193, 93
1697723285.966962, 93
1697723285.983737, 92
1697723286.000946, 91
1697723286.018419, 92
1697723286.035348, 92
1697723286.052743, 92
1697723286.070211, 93
1697723286.086892, 93
1697723286.103556, 93
1697723286.121105, 93
1697723286.137681, 93
1697723286.155513, 93
1697723286.172587, 93
1697723286.188816, 93
1697723286.205842, 94
1697723286.222798, 94
1697723286.239686, 94
1697723286.256243, 94
1697723286.272856, 94
1697723286.289821, 93
1697723286.307106, 93
1697723286.324349, 93
1697723286.341437, 93
1697723286.358133, 92
1697723286.375259, 93
1697723286.392224, 93
1697723286.409357, 92
1697723286.426695, 93
1697723286.443766, 94
1697723286.460836, 94
1697723286.477767, 93
1697723286.494619, 93
1697723286.511615, 94
1697723286.528612, 94
1697723286.545987, 94
1697723286.562732, 94
1697723286.579616, 93
1697723286.596270, 93
1697723286.613370, 94
1697723286.630133, 94
1697723286.646857, 94
1697723286.663796, 93
1697723286.680382, 94
1697723286.697452, 94
1697723286.714453, 94
1697723286.731365, 93
1697723286.748095, 93
1697723286.764859, 93
1697723286.781876, 94
1697723286.798606, 95
1697723286.815641, 95
1697723286.832455, 95
1697723286.849142, 94
1697723286.865931, 94
1697723286.883246, 94
1697723286.900195, 94
1697723286.917353, 95
1697723286.934556, 95
1697723286.951521, 95
1697723286.968649, 95
1697723286.985806, 95
1697723287.002992, 95
1697723287.020082, 93
1697723287.037353, 93
1697723287.054083, 94
1697723287.070734, 94
1697723287.087752, 94
1697723287.104726, 95
1697723287.121397, 95
1697723287.138232, 95
1697723287.155241, 96
1697723287.172434, 95
1697723287.189845, 96
1697723287.206577, 96
1697723287.223248, 96
1697723287.240143, 96
1697723287.257016, 96
1697723287.273719, 95
1697723287.291101, 96
1697723287.307801, 96
1697723287.325386, 95
1697723287.343179, 96
1697723287.359908, 95
1697723287.377362, 95
1697723287.394171, 95
1697723287.410955, 95
1697723287.427924, 96
1697723287.444946, 95
1697723287.461630, 94
1697723287.478462, 95
1697723287.495193, 96
1697723287.511939, 96
1697723287.529244, 96
1697723287.545652, 97
1697723287.562430, 96
1697723287.579315, 96
1697723287.596308, 97
1697723287.613282, 96
1697723287.630162, 97
1697723287.647718, 97
1697723287.664445, 96
1697723287.682451, 97
1697723287.699687, 96
1697723287.716233, 96
1697723287.733547, 95
1697723287.750548, 95
1697723287.767705, 95
1697723287.784781, 96
1697723287.801389, 96
1697723287.817951, 95
1697723287.835863, 97
1697723287.852280, 97
1697723287.869003, 97
1697723287.885821, 97
1697723287.902642, 97
1697723287.919616, 98
1697723287.936393, 97
1697723287.953144, 97
1697723287.970497, 98
1697723287.987351, 97
1697723288.003910, 96
1697723288.020752, 97
1697723288.037600, 97
1697723288.054329, 96
1697723288.071180, 96
1697723288.087938, 96
1697723288.104548, 96
1697723288.121594, 97
1697723288.138667, 97
1697723288.155480, 96
1697723288.172755, 96
1697723288.189510, 98
1697723288.206721, 97
1697723288.224862, 98
1697723288.242007, 98
1697723288.259089, 98
1697723288.276253, 98
1697723288.293145, 98
1697723288.310158, 97
1697723288.326862, 98
1697723288.343641, 98
1697723288.360558, 99
1697723288.377565, 98
1697723288.394228, 98
1697723288.411392, 98
1697723288.428119, 97
1697723288.444913, 97
1697723288.462365, 98
1697723288.479403, 98
1697723288.496456, 96
1697723288.514021, 98
1697723288.531235, 98
1697723288.548102, 98
1697723288.565295, 99
1697723288.582786, 98
1697723288.599800, 98
1697723288.616677, 99
1697723288.633356, 99
1697723288.649897, 99
1697723288.666574, 99
1697723288.683565, 99
1697723288.700755, 98
1697723288.717836, 99
1697723288.734871, 99
1697723288.751928, 99
1697723288.768790, 98
1697723288.785821, 98
1697723288.802832, 97
1697723288.819948, 98
1697723288.837591, 98
1697723288.854677, 98
1697723288.871760, 98
1697723288.888636, 98
1697723288.905414, 99
1697723288.922130, 99
1697723288.938781, 99
1697723288.955593, 99
1697723288.972113, 99
1697723288.988899, 99
1697723289.005833, 100
1697723289.022615, 99
1697723289.039744, 98
1697723289.056507, 99
1697723289.073487, 99
1697723289.090424, 99
1697723289.107188, 100
1697723289.124240, 99
1697723289.141249, 99
1697723289.158293, 98
1697723289.175451, 99
1697723289.193299, 97
1697723289.210422, 98
1697723289.227387, 98
1697723289.244966, 99
1697723289.261828, 100
1697723289.278917, 100
1697723289.295927, 99
1697723289.313049, 100
1697723289.329618, 100
1697723289.346988, 100
1697723289.363799, 100
1697723289.380621, 101
1697723289.397754, 100
1697723289.415107, 100
1697723289.433222, 100
1697723289.450728, 101
1697723289.468382, 99
1697723289.485875, 100
1697723289.503083, 100
1697723289.520635, 99
1697723289.537968, 99
1697723289.554968, 100
1697723289.572123, 100
1697723289.589339, 98
1697723289.606717, 101
1697723289.624065, 100
1697723289.642047, 101
1697723289.659551, 101
1697723289.676566, 100
1697723289.694314, 101
1697723289.711325, 101
1697723289.728963, 100
1697723289.746613, 101
1697723289.763577, 101
1697723289.780968, 100
1697723289.798008, 100
1697723289.815127, 100
1697723289.832236, 100
1697723289.849157, 100
1697723289.866313, 100
1697723289.883924, 101
1697723289.900676, 100
1697723289.917868, 100
1697723289.935098, 101
1697723289.952365, 100
1697723289.969159, 101
1697723289.986226, 101
1697723290.002944, 101
1697723290.019656, 101
1697723290.037001, 102
1697723290.054183, 102
1697723290.072291, 101
1697723290.089462, 102
1697723290.106422, 101
1697723290.124145, 102
1697723290.141609, 101
1697723290.159038, 102
1697723290.176558, 102
1697723290.193560, 102
1697723290.210792, 101
1697723290.228801, 100
1697723290.245463, 101
1697723290.262454, 101
1697723290.279799, 100
1697723290.296752, 101
1697723290.313899, 101
1697723290.330942, 102
1697723290.347798, 102
1697723290.364490, 103
1697723290.381540, 102
1697723290.398912, 102
1697723290.415843, 103
1697723290.432780, 102
1697723290.449835, 101
1697723290.466985, 103
1697723290.484221, 103
1697723290.501033, 102
1697723290.517844, 103
1697723290.535109, 103
1697723290.551955, 102
1697723290.568762, 101
1697723290.585365, 102
1697723290.601992, 101
1697723290.619230, 102
1697723290.636267, 102
1697723290.653087, 102
1697723290.670156, 102
1697723290.687153, 102
1697723290.704028, 103
1697723290.720963, 103
1697723290.738261, 103
1697723290.755149, 103
1697723290.772346, 102
1697723290.789142, 103
1697723290.805774, 102
1697723290.823052, 102
1697723290.839843, 103
1697723290.856563, 103
1697723290.873873, 103
1697723290.891317, 102
1697723290.907993, 104
1697723290.925217, 104
1697723290.942436, 101
1697723290.959772, 102
1697723290.977090, 102
1697723290.993953, 102
1697723291.011483, 103
1697723291.028153, 103
1697723291.045024, 102
1697723291.062428, 103
1697723291.079081, 104
1697723291.096467, 104
1697723291.113297, 103
1697723291.130353, 104
1697723291.147127, 103
1697723291.164184, 104
1697723291.181134, 104
1697723291.198068, 104
1697723291.214826, 104
1697723291.231522, 104
1697723291.248292, 104
1697723291.265738, 104
1697723291.282496, 103
1697723291.299110, 103
1697723291.316190, 102
1697723291.332925, 103
1697723291.349667, 103
1697723291.366463, 103
1697723291.383463, 103
1697723291.400388, 104
1697723291.416912, 103
1697723291.433678, 103
1697723291.450666, 104
1697723291.467751, 104
1697723291.484694, 104
1697723291.502017, 105
1697723291.518821, 105
1697723291.535866, 104
1697723291.552655, 104
1697723291.569195, 105
1697723291.585968, 104
1697723291.602850, 105
1697723291.619471, 104
1697723291.636090, 105
1697723291.653599, 105
1697723291.670350, 105
1697723291.687053, 103
1697723291.704174, 103
1697723291.721027, 103
1697723291.737477, 103
1697723291.754522, 103
1697723291.771034, 103
1697723291.787642, 104
1697723291.804769, 104
1697723291.821546, 105
1697723291.838895, 105
1697723291.855643, 104
1697723291.872556, 105
1697723291.890165, 105
1697723291.906885, 105
1697723291.923753, 104
1697723291.941105, 105
1697723291.957916, 106
1697723291.974764, 105
1697723291.991774, 106
1697723292.008815, 106
1697723292.025512, 106
1697723292.042573, 106
1697723292.059490, 105
1697723292.076122, 104
1697723292.093168, 105
1697723292.110115, 105
1697723292.126979, 105
1697723292.144104, 104
1697723292.161036, 105
1697723292.177731, 105
1697723292.194576, 105
1697723292.211514, 105
1697723292.228502, 105
1697723292.245561, 105
1697723292.262530, 106
1697723292.279354, 106
1697723292.296577, 105
1697723292.313606, 105
1697723292.330431, 106
1697723292.347445, 106
1697723292.364506, 106
1697723292.381438, 106
1697723292.398416, 105
1697723292.415550, 106
1697723292.432378, 104
1697723292.448981, 105
1697723292.465879, 105
1697723292.482750, 106
1697723292.499860, 106
1697723292.516762, 105
1697723292.533739, 105
1697723292.550777, 106
1697723292.567688, 106
1697723292.584309, 107
1697723292.601136, 107
1697723292.617976, 106
1697723292.636007, 107
1697723292.653109, 107
1697723292.670020, 106
1697723292.687278, 106
1697723292.704123, 107
1697723292.720799, 107
1697723292.738032, 107
1697723292.755087, 107
1697723292.772220, 107
1697723292.789271, 106
1697723292.806203, 106
1697723292.822821, 106
1697723292.839596, 105
1697723292.856408, 106
1697723292.873526, 106
1697723292.890960, 106
1697723292.907594, 106
1697723292.924504, 105
1697723292.941653, 106
1697723292.958540, 107
1697723292.975124, 108
1697723292.991949, 108
1697723293.008928, 107
1697723293.025839, 108
1697723293.042738, 108
1697723293.059650, 107
1697723293.076692, 107
1697723293.093444, 107
1697723293.110219, 107
1697723293.126911, 108
1697723293.143832, 108
1697723293.160873, 107
1697723293.177953, 106
1697723293.195009, 106
1697723293.212071, 106
1697723293.229189, 106
1697723293.245968, 107
1697723293.262603, 107
1697723293.280038, 106
1697723293.297149, 106
1697723293.313753, 107
1697723293.330925, 107
1697723293.347404, 108
1697723293.364649, 108
1697723293.381876, 107
1697723293.398724, 107
1697723293.415653, 107
1697723293.432581, 107
1697723293.449354, 108
1697723293.466571, 108
1697723293.483543, 108
1697723293.500080, 106
1697723293.517107, 108
1697723293.534001, 109
1697723293.550793, 108
1697723293.567912, 108
1697723293.584959, 108
1697723293.601908, 107
1697723293.619066, 107
1697723293.635955, 108
1697723293.652587, 107
1697723293.669280, 107
1697723293.685986, 108
1697723293.702588, 108
1697723293.719619, 109
1697723293.736155, 109
1697723293.752678, 108
1697723293.769418, 108
1697723293.786039, 109
1697723293.802722, 109
1697723293.819526, 109
1697723293.836325, 109
1697723293.853733, 108
1697723293.870786, 108
1697723293.887751, 109
1697723293.904647, 109
1697723293.921662, 108
1697723293.938627, 107
1697723293.955839, 108
1697723293.972537, 107
1697723293.989624, 107
1697723294.007040, 108
1697723294.024012, 108
1697723294.040560, 107
1697723294.057461, 109
1697723294.073751, 110
1697723294.090761, 109
1697723294.107876, 110
1697723294.124879, 110
1697723294.141618, 109
1697723294.158114, 110
1697723294.175124, 110
1697723294.192162, 110
1697723294.209451, 110
1697723294.226289, 109
1697723294.242947, 110
1697723294.260191, 110
1697723294.277199, 110
1697723294.293769, 110
1697723294.310473, 110
1697723294.327352, 109
1697723294.344223, 109
1697723294.361382, 108
1697723294.378350, 109
1697723294.395258, 109
1697723294.411849, 109
1697723294.428724, 109
1697723294.445776, 109
1697723294.462555, 110
1697723294.479423, 110
1697723294.496308, 109
1697723294.513044, 110
1697723294.529655, 109
1697723294.547108, 110
1697723294.564718, 110
1697723294.581633, 109
1697723294.599128, 111
1697723294.615988, 111
1697723294.632871, 110
1697723294.650343, 111
1697723294.667344, 111
1697723294.684267, 111
1697723294.701570, 111
1697723294.718429, 110
1697723294.735014, 110
1697723294.752286, 109
1697723294.769291, 109
1697723294.785726, 109
1697723294.802988, 109
1697723294.819740, 110
1697723294.836555, 111
1697723294.853409, 111
1697723294.870140, 111
1697723294.887083, 111
1697723294.903643, 110
1697723294.920428, 111
1697723294.937548, 111
1697723294.954730, 111
1697723294.971492, 111
1697723294.988898, 111
1697723295.005732, 111
1697723295.022794, 111
1697723295.039671, 111
1697723295.056704, 111
1697723295.073860, 110
1697723295.090944, 111
1697723295.107646, 110
1697723295.124703, 109
1697723295.141846, 110
1697723295.158938, 111
1697723295.176291, 110
1697723295.193440, 111
1697723295.210048, 110
1697723295.226771, 111
1697723295.243799, 111
1697723295.260448, 112
1697723295.277344, 112
1697723295.294045, 111
1697723295.311633, 111
1697723295.328744, 111
1697723295.345526, 111
1697723295.362350, 112
1697723295.379132, 112
1697723295.396837, 111
1697723295.413723, 112
1697723295.430900, 112
1697723295.447590, 111
1697723295.464306, 112
1697723295.481330, 111
1697723295.498164, 111
1697723295.514789, 111
1697723295.532512, 111
1697723295.549641, 111
1697723295.566378, 111
1697723295.583061, 111
1697723295.600051, 111
1697723295.617047, 111
1697723295.634071, 111
1697723295.650893, 111
1697723295.667804, 111
1697723295.684458, 112
1697723295.701405, 112
1697723295.718901, 113
1697723295.736111, 113
1697723295.752783, 113
1697723295.769959, 113
1697723295.786920, 113
1697723295.803611, 113
1697723295.820573, 113
1697723295.837548, 112
1697723295.854733, 113
1697723295.872056, 112
1697723295.888694, 112
1697723295.905701, 112
1697723295.922691, 112
1697723295.939287, 111
1697723295.956507, 112
1697723295.973857, 112
1697723295.991452, 112
1697723296.008215, 112
1697723296.025121, 112
1697723296.042125, 113
1697723296.059310, 114
1697723296.076177, 113
1697723296.092889, 113
1697723296.110117, 113
1697723296.127200, 112
1697723296.143912, 113
1697723296.160946, 112
1697723296.177792, 113
1697723296.194465, 113
1697723296.212247, 112
1697723296.229643, 113
1697723296.246260, 113
1697723296.263294, 113
1697723296.280358, 112
1697723296.296906, 113
1697723296.313666, 113
1697723296.330450, 112
1697723296.347644, 113
1697723296.364583, 112
1697723296.381365, 112
1697723296.398291, 114
1697723296.415387, 114
1697723296.432327, 113
1697723296.449693, 114
1697723296.467336, 114
1697723296.484052, 113
1697723296.501632, 114
1697723296.518713, 114
1697723296.535577, 114
1697723296.552696, 114
1697723296.569348, 114
1697723296.585966, 114
1697723296.603594, 114
1697723296.621058, 114
1697723296.637874, 114
1697723296.655124, 113
1697723296.672161, 112
1697723296.688758, 113
1697723296.706233, 113
1697723296.723034, 113
1697723296.739526, 113
1697723296.756474, 113
1697723296.773238, 113
1697723296.789814, 114
1697723296.806537, 114
1697723296.823332, 114
1697723296.840137, 115
1697723296.856659, 115
1697723296.873359, 114
1697723296.890388, 114
1697723296.907128, 114
1697723296.923786, 114
1697723296.940509, 115
1697723296.957391, 115
1697723296.974423, 114
1697723296.991853, 114
1697723297.008801, 114
1697723297.025639, 115
1697723297.042424, 114
1697723297.059111, 114
1697723297.076204, 114
1697723297.093135, 114
1697723297.110016, 114
1697723297.126952, 114
1697723297.143762, 114
1697723297.160755, 114
1697723297.178139, 115
1697723297.195001, 115
1697723297.212083, 114
1697723297.229243, 114
1697723297.246266, 114
1697723297.263332, 115
1697723297.280164, 115
1697723297.297112, 115
1697723297.313588, 116
1697723297.330013, 115
1697723297.346897, 115
1697723297.363597, 115
1697723297.380876, 114
1697723297.397684, 115
1697723297.414178, 115
1697723297.430978, 116
1697723297.448396, 115
1697723297.464902, 115
1697723297.481977, 114
1697723297.499524, 115
1697723297.516770, 114
1697723297.533429, 114
1697723297.550416, 115
1697723297.567630, 116
1697723297.584109, 115
1697723297.600920, 115
1697723297.618093, 115
1697723297.634974, 115
1697723297.651763, 116
1697723297.668897, 116
1697723297.685750, 115
1697723297.702731, 116
1697723297.720180, 115
1697723297.737026, 116
1697723297.753829, 116
1697723297.771152, 116
1697723297.788123, 116
1697723297.805028, 116
1697723297.822433, 116
1697723297.839320, 116
1697723297.856981, 115
1697723297.874047, 115
1697723297.891114, 115
1697723297.908634, 116
1697723297.925434, 115
1697723297.942293, 114
1697723297.959712, 116
1697723297.976349, 118
1697723297.993301, 118
1697723298.010512, 117
1697723298.027410, 117
1697723298.044528, 117
1697723298.061562, 117
1697723298.078564, 117
1697723298.095134, 118
1697723298.111876, 118
1697723298.128789, 118
1697723298.145454, 118
1697723298.162585, 118
1697723298.179351, 117
1697723298.196655, 118
1697723298.213836, 118
1697723298.230829, 116
1697723298.248177, 115
1697723298.265057, 115
1697723298.282051, 117
1697723298.299230, 116
1697723298.316134, 116
1697723298.333122, 117
1697723298.349995, 116
1697723298.367012, 116
1697723298.384166, 117
1697723298.401556, 118
1697723298.418338, 117
1697723298.435216, 117
1697723298.452412, 117
1697723298.469596, 117
1697723298.486247, 117
1697723298.503606, 117
1697723298.520366, 117
1697723298.537520, 117
1697723298.554875, 117
1697723298.571682, 118
1697723298.588494, 118
1697723298.605848, 118
1697723298.622559, 117
1697723298.639560, 118
1697723298.656849, 117
1697723298.673764, 117
1697723298.690633, 117
1697723298.708053, 117
1697723298.724996, 116
1697723298.742614, 117
1697723298.759634, 117
1697723298.775990, 118
1697723298.792909, 118
1697723298.809887, 118
1697723298.826566, 118
1697723298.843698, 118
1697723298.860432, 118
1697723298.877059, 119
1697723298.894283, 119
1697723298.911007, 118
1697723298.928048, 118
1697723298.945203, 118
1697723298.962126, 118
1697723298.979218, 118
1697723298.996197, 118
1697723299.013474, 118
1697723299.031325, 118
1697723299.048282, 117
1697723299.065596, 116
1697723299.082877, 116
1697723299.099738, 117
1697723299.116452, 117
1697723299.133524, 117
1697723299.150599, 118
1697723299.167572, 117
1697723299.184906, 119
1697723299.201772, 118
1697723299.218744, 119
1697723299.236125, 119
1697723299.253031, 119
1697723299.269795, 118
1697723299.287190, 119
1697723299.304041, 119
1697723299.320894, 118
1697723299.338399, 118
1697723299.355171, 118
1697723299.372114, 118
1697723299.389318, 119
1697723299.406022, 119
1697723299.423235, 119
1697723299.440094, 119
1697723299.456993, 117
1697723299.474177, 118
1697723299.491088, 118
1697723299.508142, 118
1697723299.525230, 118
1697723299.541957, 118
1697723299.558716, 117
1697723299.575840, 118
1697723299.592806, 119
1697723299.609482, 119
1697723299.626316, 119
1697723299.643351, 120
1697723299.660305, 119
1697723299.677020, 119
1697723299.693911, 120
1697723299.711076, 119
1697723299.727967, 119
1697723299.744916, 120
1697723299.761965, 120
1697723299.778707, 120
1697723299.795809, 120
1697723299.812799, 119
1697723299.829943, 120
1697723299.847217, 120
1697723299.864009, 118
1697723299.881163, 118
1697723299.898079, 118
1697723299.915036, 118
1697723299.932299, 118
1697723299.949097, 119
1697723299.966254, 119
1697723299.983244, 119
1697723300.000101, 120
1697723300.017272, 120
1697723300.034411, 121
1697723300.051155, 120
1697723300.068259, 120
1697723300.085327, 120
1697723300.102695, 120
1697723300.119853, 120
1697723300.136596, 120
1697723300.153926, 119
1697723300.170784, 119
1697723300.187766, 120
1697723300.204739, 120
1697723300.221751, 120
1697723300.238631, 120
1697723300.256721, 121
1697723300.274150, 118
1697723300.291886, 119
1697723300.308860, 120
1697723300.326150, 120
1697723300.343191, 120
1697723300.360679, 120
1697723300.378050, 120
1697723300.395378, 121
1697723300.412583, 120
1697723300.429815, 121
1697723300.446990, 121
1697723300.464727, 121
1697723300.482516, 121
1697723300.499137, 121
1697723300.516743, 121
1697723300.533732, 121
1697723300.550705, 121
1697723300.568327, 121
1697723300.585581, 120
1697723300.602566, 121
1697723300.619545, 121
1697723300.636628, 121
1697723300.653855, 120
1697723300.670909, 120
1697723300.687813, 120
1697723300.704591, 120
1697723300.722095, 121
1697723300.739640, 120
1697723300.756504, 120
1697723300.773807, 120
1697723300.790745, 121
1697723300.807573, 120
1697723300.824707, 121
1697723300.841399, 122
1697723300.858093, 121
1697723300.875269, 121
1697723300.892128, 122
1697723300.909897, 121
1697723300.927659, 122
1697723300.944718, 122
1697723300.962353, 121
1697723300.979562, 122
1697723300.996983, 122
1697723301.014340, 121
1697723301.031509, 122
1697723301.048338, 122
1697723301.065641, 122
1697723301.082414, 122
1697723301.099406, 121
1697723301.116349, 121
1697723301.133130, 121
1697723301.149749, 121
1697723301.166780, 120
1697723301.183447, 120
1697723301.200048, 121
1697723301.216882, 122
1697723301.233666, 123
1697723301.250632, 121
1697723301.268486, 122
1697723301.285425, 122
1697723301.301980, 121
1697723301.320192, 122
1697723301.337035, 122
1697723301.353817, 122
1697723301.370981, 122
1697723301.387899, 123
1697723301.405283, 121
1697723301.422083, 122
1697723301.438532, 122
1697723301.456042, 122
1697723301.473049, 122
1697723301.489973, 123
1697723301.507401, 121
1697723301.524346, 121
1697723301.541147, 122
1697723301.558452, 122
1697723301.575192, 122
1697723301.592179, 122
1697723301.609239, 121
1697723301.625911, 122
1697723301.642731, 122
1697723301.659486, 122
1697723301.676295, 122
1697723301.693002, 123
1697723301.710477, 123
1697723301.727706, 122
1697723301.744178, 123
1697723301.760904, 123
1697723301.777646, 122
1697723301.794255, 123
1697723301.811601, 123
1697723301.828743, 123
1697723301.845445, 123
1697723301.862466, 124
1697723301.879083, 124
1697723301.895664, 123
1697723301.912958, 122
1697723301.930471, 123
1697723301.947904, 122
1697723301.965106, 122
1697723301.982258, 123
1697723301.999463, 123
1697723302.016388, 122
1697723302.033503, 122
1697723302.050983, 124
1697723302.068377, 123
1697723302.085613, 124
1697723302.102428, 123
1697723302.119387, 123
1697723302.136279, 124
1697723302.153509, 123
1697723302.170453, 124
1697723302.187112, 124
1697723302.204156, 124
1697723302.220963, 123
1697723302.237612, 123
1697723302.254443, 123
1697723302.271169, 123
1697723302.288515, 124
1697723302.305745, 124
1697723302.322818, 123
1697723302.340110, 123
1697723302.357515, 123
1697723302.374496, 122
1697723302.391667, 123
1697723302.408890, 123
1697723302.425848, 122
1697723302.443184, 122
1697723302.460146, 125
1697723302.476924, 124
1697723302.494328, 124
1697723302.511263, 124
1697723302.528195, 125
1697723302.545008, 124
1697723302.562019, 124
1697723302.579573, 125
1697723302.597359, 124
1697723302.614789, 124
1697723302.632279, 125
1697723302.649575, 124
1697723302.666522, 124
1697723302.683559, 125
1697723302.700388, 125
1697723302.717363, 124
1697723302.734817, 124
1697723302.751901, 124
1697723302.768681, 124
1697723302.785580, 124
1697723302.802610, 124
1697723302.819487, 124
1697723302.836163, 124
1697723302.853008, 124
1697723302.869850, 124
1697723302.886736, 125
1697723302.903285, 125
1697723302.919816, 124
1697723302.936868, 125
1697723302.953790, 124
1697723302.970359, 125
1697723302.987695, 125
1697723303.004810, 125
1697723303.021765, 125
1697723303.038414, 124
1697723303.055174, 125
1697723303.072526, 126
1697723303.089506, 126
1697723303.106256, 125
1697723303.123215, 126
1697723303.140368, 125
1697723303.157256, 124
1697723303.173804, 124
1697723303.190407, 124
1697723303.207152, 124
1697723303.224409, 125
1697723303.240990, 125
1697723303.257886, 124
1697723303.275181, 125
1697723303.291977, 125
1697723303.309270, 125
1697723303.326040, 125
1697723303.342787, 126
1697723303.360150, 126
1697723303.376848, 126
1697723303.393645, 126
1697723303.410699, 125
1697723303.427522, 125
1697723303.443926, 126
1697723303.461192, 125
1697723303.477789, 126
1697723303.494474, 126
1697723303.512095, 126
1697723303.528917, 125
1697723303.545775, 125
1697723303.562466, 126
1697723303.579129, 125
1697723303.596051, 125
1697723303.613153, 125
1697723303.630291, 125
1697723303.647153, 124
1697723303.664304, 124
1697723303.681332, 124
1697723303.698307, 125
1697723303.715394, 127
1697723303.732393, 127
1697723303.749926, 126
1697723303.766695, 127
1697723303.783640, 127
1697723303.800903, 127
1697723303.817719, 127
1697723303.834177, 127
1697723303.851588, 126
1697723303.868686, 126
1697723303.885821, 127
1697723303.902899, 126
1697723303.919931, 126
1697723303.936708, 126
1697723303.953780, 126
1697723303.970874, 126
1697723303.987713, 127
1697723304.005126, 127
1697723304.021967, 124
1697723304.038732, 125
1697723304.055677, 125
1697723304.072501, 125
1697723304.089262, 126
1697723304.106219, 126
1697723304.123097, 125
1697723304.140206, 127
1697723304.157176, 126
1697723304.174199, 126
1697723304.190673, 127
1697723304.208538, 127
1697723304.225240, 127
1697723304.241788, 127
1697723304.258788, 127
1697723304.275460, 126
1697723304.292895, 127
1697723304.311984, 128
1697723304.328758, 128
1697723304.345546, 127
1697723304.362317, 128
1697723304.379375, 128
1697723304.396690, 127
1697723304.413726, 128
1697723304.430664, 128
1697723304.447778, 127
1697723304.464834, 126
1697723304.481675, 126
1697723304.498928, 126
1697723304.515959, 126
1697723304.532717, 127
1697723304.549949, 127
1697723304.566966, 126
1697723304.583947, 128
1697723304.601106, 128
1697723304.619067, 127
1697723304.636106, 127
1697723304.653170, 128
1697723304.670237, 127
1697723304.687167, 128
1697723304.704036, 128
1697723304.721016, 127
1697723304.738211, 128
1697723304.755591, 128
1697723304.772317, 128
1697723304.789350, 127
1697723304.806635, 127
1697723304.823817, 127
1697723304.840458, 128
1697723304.857590, 128
1697723304.874437, 127
1697723304.891123, 127
1697723304.908218, 127
1697723304.925016, 126
1697723304.942296, 127
1697723304.959028, 128
1697723304.975927, 128
1697723304.993348, 128
1697723305.010773, 129
1697723305.027726, 129
1697723305.044828, 129
1697723305.061646, 128
1697723305.078209, 129
1697723305.094704, 129
1697723305.111271, 128
1697723305.128082, 129
1697723305.144990, 129
1697723305.161876, 129
1697723305.178404, 129
1697723305.196110, 128
1697723305.212656, 129
1697723305.229736, 129
1697723305.246687, 129
1697723305.263475, 128
1697723305.280984, 129
1697723305.297994, 128
1697723305.314760, 128
1697723305.332253, 127
1697723305.349473, 128
1697723305.366131, 128
1697723305.382753, 127
1697723305.399866, 128
1697723305.416740, 129
1697723305.433843, 129
1697723305.450607, 129
1697723305.467145, 129
1697723305.484094, 128
1697723305.501034, 128
1697723305.517818, 129
1697723305.535232, 128
1697723305.551817, 129
1697723305.568322, 129
1697723305.585730, 130
1697723305.602439, 129
1697723305.619109, 129
1697723305.636555, 130
1697723305.653231, 129
1697723305.670170, 130
1697723305.687477, 130
1697723305.704354, 129
1697723305.721578, 128
1697723305.738342, 128
1697723305.755304, 129
1697723305.772809, 129
1697723305.789631, 129
1697723305.806425, 128
1697723305.823395, 127
1697723305.840371, 128
1697723305.857231, 129
1697723305.874045, 129
1697723305.890891, 130
1697723305.907532, 130
1697723305.925037, 129
1697723305.941741, 130
1697723305.958177, 130
1697723305.975128, 129
1697723305.991815, 130
1697723306.009125, 130
1697723306.026155, 130
1697723306.042858, 130
1697723306.059965, 129
1697723306.077257, 130
1697723306.093943, 130
1697723306.111317, 130
1697723306.128942, 130
1697723306.145930, 129
1697723306.163020, 129
1697723306.179922, 129
1697723306.196878, 129
1697723306.213636, 129
1697723306.230036, 130
1697723306.246728, 130
1697723306.263773, 130
1697723306.280600, 131
1697723306.297735, 130
1697723306.314555, 131
1697723306.331450, 131
1697723306.348784, 131
1697723306.365666, 130
1697723306.382447, 131
1697723306.399533, 131
1697723306.416392, 130
1697723306.433189, 131
1697723306.449868, 131
1697723306.466746, 130
1697723306.483689, 131
1697723306.501050, 131
1697723306.517831, 130
1697723306.534220, 130
1697723306.551045, 130
1697723306.567956, 131
1697723306.584835, 130
1697723306.601810, 130
1697723306.618619, 130
1697723306.635100, 130
1697723306.652144, 130
1697723306.668934, 130
1697723306.686087, 129
1697723306.703513, 130
1697723306.720259, 131
1697723306.737512, 131
1697723306.754415, 130
1697723306.771508, 131
1697723306.788297, 130
1697723306.805179, 131
1697723306.821981, 131
1697723306.839252, 131
1697723306.855919, 130
1697723306.872741, 131
1697723306.890429, 131
1697723306.907340, 131
1697723306.924116, 132
1697723306.940793, 132
1697723306.957873, 132
1697723306.974754, 131
1697723306.992056, 131
1697723307.008943, 131
1697723307.025730, 131
1697723307.042943, 131
1697723307.059915, 131
1697723307.076538, 131
1697723307.093457, 131
1697723307.110329, 131
1697723307.127215, 130
1697723307.144311, 132
1697723307.161303, 132
1697723307.178106, 132
1697723307.195282, 131
1697723307.212499, 131
1697723307.229613, 131
1697723307.246187, 132
1697723307.263013, 132
1697723307.280212, 132
1697723307.297142, 131
1697723307.314323, 131
1697723307.331187, 132
1697723307.347984, 132
1697723307.364763, 132
1697723307.382300, 132
1697723307.399021, 132
1697723307.415453, 132
1697723307.432455, 132
1697723307.449370, 131
1697723307.465946, 130
1697723307.482685, 131
1697723307.499375, 130
1697723307.516391, 132
1697723307.533267, 132
1697723307.549752, 132
1697723307.566081, 132
1697723307.582738, 133
1697723307.599802, 133
1697723307.616902, 132
1697723307.634030, 132
1697723307.650910, 133
1697723307.667902, 132
1697723307.684970, 133
1697723307.701797, 133
1697723307.719111, 132
1697723307.736158, 132
1697723307.752828, 132
1697723307.769673, 132
1697723307.786330, 133
1697723307.803308, 133
1697723307.820674, 133
1697723307.837896, 133
1697723307.856539, 132
1697723307.873868, 132
1697723307.891112, 132
1697723307.908280, 132
1697723307.925460, 132
1697723307.942681, 131
1697723307.959796, 132
1697723307.976604, 132
1697723307.993431, 131
1697723308.010985, 131
1697723308.027790, 133
1697723308.044647, 132
1697723308.061734, 133
1697723308.078474, 133
1697723308.095160, 133
1697723308.112786, 132
1697723308.129669, 132
1697723308.146839, 133
1697723308.164310, 133
1697723308.181191, 134
1697723308.197811, 134
1697723308.214911, 133
1697723308.231771, 134
1697723308.248656, 133
1697723308.265411, 133
1697723308.282056, 134
1697723308.299213, 134
1697723308.315844, 134
1697723308.332513, 133
1697723308.349286, 133
1697723308.366305, 133
1697723308.383209, 133
1697723308.400234, 133
1697723308.417349, 133
1697723308.434554, 133
1697723308.451486, 133
1697723308.468346, 134
1697723308.484998, 133
1697723308.502052, 133
1697723308.518675, 133
1697723308.535646, 133
1697723308.552553, 134
1697723308.569252, 134
1697723308.586962, 133
1697723308.604113, 134
1697723308.620733, 134
1697723308.638144, 134
1697723308.654808, 134
1697723308.671753, 134
1697723308.688969, 133
1697723308.706120, 134
1697723308.722560, 134
1697723308.739473, 134
1697723308.756295, 133
1697723308.773118, 133
1697723308.790806, 133
1697723308.807681, 132
1697723308.824332, 133
1697723308.841501, 134
1697723308.858294, 133
1697723308.875775, 134
1697723308.892633, 134
1697723308.909434, 134
1697723308.926572, 134
1697723308.943431, 135
1697723308.960334, 135
1697723308.977657, 134
1697723308.994664, 134
1697723309.011432, 134
1697723309.028679, 134
1697723309.045474, 135
1697723309.062432, 135
1697723309.079748, 134
1697723309.096689, 134
1697723309.113605, 134
1697723309.130291, 134
1697723309.147439, 135
1697723309.164629, 135
1697723309.181812, 135
1697723309.198848, 135
1697723309.215670, 133
1697723309.232127, 133
1697723309.249069, 134
1697723309.265711, 134
1697723309.283095, 134
1697723309.300046, 133
1697723309.317228, 134
1697723309.334790, 134
1697723309.352168, 134
1697723309.369635, 135
1697723309.386552, 135
1697723309.403305, 135
1697723309.420387, 135
1697723309.437741, 135
1697723309.454517, 134
1697723309.471737, 135
1697723309.488393, 135
1697723309.504914, 136
1697723309.521900, 135
1697723309.538547, 136
1697723309.555269, 136
1697723309.572587, 135
1697723309.589578, 135
1697723309.606492, 135
1697723309.623464, 135
1697723309.640138, 136
1697723309.656827, 135
1697723309.674076, 135
1697723309.690776, 134
1697723309.707839, 134
1697723309.725022, 135
1697723309.741741, 134
1697723309.758477, 135
1697723309.775136, 134
1697723309.792142, 135
1697723309.809876, 136
1697723309.826570, 136
1697723309.843430, 135
1697723309.860124, 136
1697723309.877237, 136
1697723309.894176, 135
1697723309.911524, 136
1697723309.928333, 136
1697723309.944960, 136
1697723309.962543, 136
1697723309.979329, 136
1697723309.995816, 136
1697723310.013153, 137
1697723310.029925, 136
1697723310.046777, 135
1697723310.064036, 136
1697723310.080634, 136
1697723310.098188, 136
1697723310.114959, 135
1697723310.131789, 135
1697723310.148736, 135
1697723310.165244, 136
1697723310.181901, 134
1697723310.198704, 136
1697723310.215070, 136
1697723310.231860, 136
1697723310.249883, 137
1697723310.266899, 137
1697723310.283918, 136
1697723310.301284, 137
1697723310.318167, 137
1697723310.335020, 137
1697723310.352276, 137
1697723310.369167, 137
1697723310.386084, 136
1697723310.403148, 137
1697723310.420199, 137
1697723310.437075, 137
1697723310.454420, 135
1697723310.471309, 137
1697723310.487983, 136
1697723310.505023, 137
1697723310.521861, 137
1697723310.539093, 137
1697723310.555964, 137
1697723310.572699, 136
1697723310.589633, 135
1697723310.606914, 136
1697723310.623673, 136
1697723310.640605, 136
1697723310.657618, 135
1697723310.674781, 136
1697723310.691592, 137
1697723310.708345, 137
1697723310.724916, 137
1697723310.741931, 137
1697723310.758926, 137
1697723310.775963, 138
1697723310.793229, 136
1697723310.810390, 137
1697723310.827229, 137
1697723310.844384, 138
1697723310.861463, 138
1697723310.878381, 137
1697723310.895728, 138
1697723310.912544, 138
1697723310.929961, 138
1697723310.946986, 138
1697723310.963866, 137
1697723310.981411, 137
1697723310.998390, 136
1697723311.016248, 136
1697723311.033342, 137
1697723311.050155, 136
1697723311.067278, 137
1697723311.084878, 136
1697723311.102529, 137
1697723311.119951, 137
1697723311.137114, 138
1697723311.154003, 137
1697723311.171112, 138
1697723311.188066, 138
1697723311.205756, 138
1697723311.222853, 138
1697723311.240064, 138
1697723311.256810, 139
1697723311.274047, 137
1697723311.291257, 137
1697723311.308170, 137
1697723311.325308, 138
1697723311.342444, 138
1697723311.359297, 138
1697723311.376109, 138
1697723311.393143, 137
1697723311.410285, 137
1697723311.427326, 138
1697723311.444250, 138
1697723311.461306, 137
1697723311.478213, 137
1697723311.495674, 137
1697723311.512912, 137
1697723311.529714, 138
1697723311.546824, 138
1697723311.563699, 138
1697723311.580533, 138
1697723311.597711, 138
1697723311.614563, 139
1697723311.631256, 139
1697723311.648301, 139
1697723311.665016, 138
1697723311.682778, 139
1697723311.700113, 139
1697723311.717283, 139
1697723311.734559, 139
1697723311.751443, 138
1697723311.768909, 139
1697723311.786118, 139
1697723311.802800, 138
1697723311.820026, 139
1697723311.837230, 139
1697723311.854127, 139
1697723311.870940, 139
1697723311.887945, 138
1697723311.905448, 138
1697723311.922181, 138
1697723311.939291, 138
1697723311.956277, 138
1697723311.972961, 139
1697723311.990025, 138
1697723312.006656, 138
1697723312.023770, 138
1697723312.040803, 139
1697723312.057718, 139
1697723312.074634, 140
1697723312.091727, 139
1697723312.108532, 139
1697723312.125733, 139
1697723312.142260, 139
1697723312.158947, 139
1697723312.176589, 139
1697723312.193640, 140
1697723312.210654, 139
1697723312.227892, 139
1697723312.244571, 139
1697723312.261607, 140
1697723312.278813, 140
1697723312.295805, 139
1697723312.312691, 139
1697723312.329783, 140
1697723312.347046, 140
1697723312.363910, 139
1697723312.381452, 138
1697723312.398786, 139
1697723312.415255, 138
1697723312.432283, 139
1697723312.449210, 139
1697723312.467061, 138
1697723312.486009, 140
1697723312.503795, 140
1697723312.521389, 139
1697723312.538980, 140
1697723312.555751, 140
1697723312.573346, 139
1697723312.590286, 138
1697723312.606797, 138
1697723312.623785, 139
1697723312.640319, 139
1697723312.657048, 139
1697723312.673921, 140
1697723312.690842, 139
1697723312.707492, 139
1697723312.724693, 140
1697723312.742038, 139
1697723312.758970, 139
1697723312.776152, 139
1697723312.793265, 140
1697723312.809837, 139
1697723312.826709, 138
1697723312.843556, 138
1697723312.860073, 138
1697723312.876772, 138
1697723312.893187, 139
1697723312.910047, 139
1697723312.927041, 138
1697723312.944054, 139
1697723312.960638, 138
1697723312.977486, 140
1697723312.994633, 139
1697723313.011919, 139
1697723313.029136, 139
1697723313.045773, 138
1697723313.062503, 137
1697723313.079367, 139
1697723313.096072, 139
1697723313.112628, 137
1697723313.129141, 138
1697723313.145629, 138
1697723313.162785, 138
1697723313.179464, 137
1697723313.196077, 137
1697723313.213036, 137
1697723313.229651, 137
1697723313.246868, 132
1697723313.263653, 125
1697723313.280365, 117
1697723313.297469, 111
1697723313.314157, 104
1697723313.330799, 97
1697723313.347630, 90
1697723313.364250, 83
1697723313.380926, 77
1697723313.398170, 70
1697723313.414904, 67
1697723313.431479, 68
1697723313.448549, 68
1697723313.465111, 68
1697723313.482274, 68
1697723313.499250, 69
1697723313.516525, 68
1697723313.533442, 68
1697723313.550401, 67
1697723313.567251, 67
1697723313.584588, 67
1697723313.601306, 68
1697723313.618363, 68
1697723313.636009, 67
1697723313.652760, 67
1697723313.669686, 68
1697723313.687238, 69
1697723313.703911, 69
1697723313.720546, 68
1697723313.737489, 69
1697723313.754707, 68
1697723313.771796, 69
1697723313.789073, 69
1697723313.805954, 69
1697723313.822748, 68
1697723313.839697, 68
1697723313.856363, 67
1697723313.873142, 69
1697723313.890369, 68
1697723313.907315, 68
1697723313.924097, 68
1697723313.941267, 68
1697723313.958144, 70
1697723313.975226, 69
1697723313.992032, 69
1697723314.009058, 70
1697723314.026381, 70
1697723314.043211, 69
1697723314.059780, 70
1697723314.076868, 69
1697723314.093694, 69
1697723314.110481, 69
1697723314.128206, 69
1697723314.145222, 70
1697723314.161807, 69
1697723314.179094, 69
1697723314.195985, 69
1697723314.213387, 69
1697723314.230292, 69
1697723314.246908, 69
1697723314.264237, 70
1697723314.280897, 70
1697723314.297755, 70
1697723314.315234, 71
1697723314.331840, 71
1697723314.348586, 71
1697723314.365810, 70
1697723314.382669, 71
1697723314.399505, 69
1697723314.415992, 69
1697723314.433048, 69
1697723314.450057, 69
1697723314.467790, 69
1697723314.485019, 69
1697723314.501953, 70
1697723314.519153, 70
1697723314.536527, 71
1697723314.553208, 71
1697723314.570440, 71
1697723314.587291, 71
1697723314.603809, 71
1697723314.620646, 71
1697723314.637233, 72
1697723314.653793, 71
1697723314.670779, 71
1697723314.687715, 72
1697723314.704697, 70
1697723314.721311, 70
1697723314.738127, 70
1697723314.755208, 70
1697723314.772055, 71
1697723314.788926, 71
1697723314.805981, 70
1697723314.822952, 72
1697723314.839785, 73
1697723314.857108, 73
1697723314.873974, 73
1697723314.890752, 73
1697723314.908002, 74
1697723314.924879, 72
1697723314.941643, 72
1697723314.958693, 73
1697723314.975317, 73
1697723314.992064, 71
1697723315.009299, 71
1697723315.026128, 72
1697723315.042964, 71
1697723315.060495, 71
1697723315.077272, 71
1697723315.093739, 72
1697723315.110757, 72
1697723315.127497, 72
1697723315.145228, 73
1697723315.162781, 73
1697723315.180277, 72
1697723315.198415, 72
1697723315.216794, 72
1697723315.233381, 73
1697723315.250656, 73
1697723315.267528, 73
1697723315.284579, 73
1697723315.301477, 72
1697723315.318337, 72
1697723315.335120, 71
1697723315.352292, 72
1697723315.369052, 72
1697723315.385809, 72
1697723315.403172, 72
1697723315.420158, 73
1697723315.437149, 73
1697723315.454301, 73
1697723315.471225, 74
1697723315.487959, 74
1697723315.505159, 74
1697723315.521932, 74
1697723315.538554, 74
1697723315.555467, 74
1697723315.571899, 73
1697723315.588566, 72
1697723315.605637, 73
1697723315.622184, 73
1697723315.638790, 73
1697723315.657460, 73
1697723315.674280, 73
1697723315.691550, 73
1697723315.709005, 74
1697723315.725731, 75
1697723315.742865, 73
1697723315.759518, 73
1697723315.776559, 75
1697723315.793819, 74
1697723315.810461, 75
1697723315.826949, 75
1697723315.843967, 75
1697723315.860888, 75
1697723315.877653, 75
1697723315.896315, 73
1697723315.913629, 73
1697723315.930301, 73
1697723315.947427, 73
1697723315.964389, 74
1697723315.981222, 74
1697723315.998389, 75
1697723316.015223, 74
1697723316.032082, 74
1697723316.049104, 76
1697723316.065462, 75
1697723316.082182, 74
1697723316.098914, 75
1697723316.115489, 75
1697723316.132330, 75
1697723316.149234, 76
1697723316.165891, 76
1697723316.182799, 76
1697723316.199597, 75
1697723316.216418, 75
1697723316.233713, 75
1697723316.250412, 74
1697723316.267190, 74
1697723316.283973, 74
1697723316.300826, 75
1697723316.317592, 76
1697723316.335068, 75
1697723316.351768, 76
1697723316.368586, 77
1697723316.385219, 76
1697723316.401813, 75
1697723316.418322, 75
1697723316.435600, 76
1697723316.452180, 76
1697723316.469621, 76
1697723316.486236, 77
1697723316.502984, 75
1697723316.520215, 74
1697723316.537067, 76
1697723316.553946, 76
1697723316.571613, 76
1697723316.588484, 76
1697723316.605181, 75
1697723316.622221, 76
1697723316.638741, 77
1697723316.655505, 76
1697723316.672492, 77
1697723316.689658, 77
1697723316.706355, 77
1697723316.723036, 76
1697723316.739831, 77
1697723316.756488, 78
1697723316.773708, 77
1697723316.790477, 77
1697723316.807807, 77
1697723316.824666, 76
1697723316.841886, 76
1697723316.859161, 77
1697723316.876053, 76
1697723316.892877, 76
1697723316.910136, 77
1697723316.926868, 78
1697723316.943817, 76
1697723316.961306, 77
1697723316.978205, 77
1697723316.994997, 77
1697723317.012043, 78
1697723317.029016, 78
1697723317.045850, 77
1697723317.063046, 77
1697723317.080116, 77
1697723317.096689, 77
1697723317.113270, 76
1697723317.129767, 77
1697723317.147471, 78
1697723317.164484, 77
1697723317.181238, 77
1697723317.198620, 78
1697723317.215239, 77
1697723317.232198, 79
1697723317.248786, 78
1697723317.265378, 78
1697723317.282403, 78
1697723317.299526, 79
1697723317.316485, 78
1697723317.333350, 78
1697723317.350491, 79
1697723317.367835, 79
1697723317.384612, 79
1697723317.401702, 79
1697723317.418623, 77
1697723317.435577, 78
1697723317.452765, 78
1697723317.469946, 78
1697723317.486813, 76
1697723317.503965, 77
1697723317.521031, 77
1697723317.537968, 79
1697723317.555402, 79
1697723317.572044, 80
1697723317.588819, 79
1697723317.606248, 79
1697723317.623089, 79
1697723317.639921, 79
1697723317.656635, 79
1697723317.673286, 80
1697723317.690347, 79
1697723317.707331, 79
1697723317.724176, 79
1697723317.740806, 79
1697723317.757559, 78
1697723317.774320, 78
1697723317.791373, 78
1697723317.808204, 78
1697723317.824629, 79
1697723317.841868, 79
1697723317.858653, 80
1697723317.875177, 80
1697723317.892425, 80
1697723317.908948, 79
1697723317.926024, 80
1697723317.943162, 79
1697723317.959739, 80
1697723317.976644, 80
1697723317.993073, 81
1697723318.009915, 81
1697723318.027120, 81
1697723318.044026, 79
1697723318.060827, 80
1697723318.077507, 79
1697723318.094336, 78
1697723318.110993, 79
1697723318.128131, 79
1697723318.144875, 79
1697723318.161982, 81
1697723318.179066, 81
1697723318.196028, 81
1697723318.213093, 81
1697723318.230229, 81
1697723318.247089, 81
1697723318.263895, 81
1697723318.280519, 81
1697723318.297279, 81
1697723318.314353, 80
1697723318.331629, 80
1697723318.348556, 79
1697723318.365621, 80
1697723318.382908, 81
1697723318.399762, 80
1697723318.417034, 80
1697723318.433933, 81
1697723318.450832, 81
1697723318.467967, 80
1697723318.484953, 82
1697723318.502245, 81
1697723318.519245, 81
1697723318.536100, 82
1697723318.552923, 82
1697723318.570387, 81
1697723318.587095, 81
1697723318.603944, 81
1697723318.620850, 81
1697723318.637741, 82
1697723318.654264, 82
1697723318.671394, 81
1697723318.688058, 81
1697723318.704771, 81
1697723318.721680, 81
1697723318.738795, 80
1697723318.755420, 80
1697723318.772319, 81
1697723318.789269, 82
1697723318.806408, 83
1697723318.823909, 83
1697723318.840658, 82
1697723318.857190, 83
1697723318.874749, 83
1697723318.891642, 82
1697723318.908607, 82
1697723318.925980, 83
1697723318.942894, 83
1697723318.959613, 82
1697723318.976968, 83
1697723318.993824, 82
1697723319.011139, 81
1697723319.027897, 82
1697723319.044752, 81
1697723319.062008, 81
1697723319.078828, 82
1697723319.095400, 82
1697723319.112368, 83
1697723319.129073, 83
1697723319.146100, 83
1697723319.162858, 82
1697723319.179501, 83
1697723319.196146, 84
1697723319.212983, 84
1697723319.229717, 83
1697723319.246340, 84
1697723319.263503, 83
1697723319.280396, 84
1697723319.297429, 84
1697723319.314725, 83
1697723319.331347, 82
1697723319.348692, 83
1697723319.365352, 82
1697723319.382011, 82
1697723319.398942, 83
1697723319.415463, 83
1697723319.432076, 84
1697723319.449139, 83
1697723319.466108, 84
1697723319.482770, 84
1697723319.500088, 83
1697723319.516816, 84
1697723319.533633, 84
1697723319.550611, 83
1697723319.567113, 84
1697723319.583883, 84
1697723319.601409, 83
1697723319.618218, 84
1697723319.635108, 84
1697723319.652380, 83
1697723319.669187, 83
1697723319.685996, 84
1697723319.703388, 84
1697723319.720166, 83
1697723319.737313, 84
1697723319.754267, 85
1697723319.771193, 85
1697723319.788415, 85
1697723319.805240, 85
1697723319.822033, 84
1697723319.838925, 84
1697723319.855561, 84
1697723319.872348, 84
1697723319.888923, 85
1697723319.905555, 85
1697723319.922525, 85
1697723319.939663, 84
1697723319.956539, 84
1697723319.973719, 83
1697723319.990974, 83
1697723320.007876, 84
1697723320.024581, 84
1697723320.041277, 84
1697723320.057906, 85
1697723320.074897, 86
1697723320.091816, 85
1697723320.108500, 85
1697723320.125418, 86
1697723320.142237, 86
1697723320.158999, 86
1697723320.176461, 86
1697723320.193223, 86
1697723320.210027, 86
1697723320.227071, 86
1697723320.243904, 86
1697723320.260652, 85
1697723320.277825, 85
1697723320.294421, 84
1697723320.311259, 85
1697723320.328732, 85
1697723320.345591, 85
1697723320.362451, 84
1697723320.379491, 84
1697723320.396204, 84
1697723320.412737, 85
1697723320.429972, 85
1697723320.446770, 86
1697723320.463875, 86
1697723320.480816, 86
1697723320.497571, 86
1697723320.514670, 86
1697723320.531624, 86
1697723320.548644, 87
1697723320.565752, 87
1697723320.582353, 87
1697723320.599033, 86
1697723320.616275, 85
1697723320.633083, 86
1697723320.649967, 86
1697723320.667211, 86
1697723320.684067, 86
1697723320.700612, 87
1697723320.717499, 86
1697723320.734174, 87
1697723320.751070, 86
1697723320.768267, 87
1697723320.785266, 87
1697723320.802157, 87
1697723320.819464, 86
1697723320.836628, 86
1697723320.853546, 86
1697723320.870836, 87
1697723320.887854, 87
1697723320.904931, 87
1697723320.921747, 86
1697723320.938578, 86
1697723320.955692, 86
1697723320.972762, 86
1697723320.989571, 87
1697723321.006883, 87
1697723321.023613, 86
1697723321.040237, 87
1697723321.056796, 87
1697723321.073260, 87
1697723321.090076, 87
1697723321.106766, 88
1697723321.123572, 88
1697723321.140282, 88
1697723321.157705, 88
1697723321.174316, 88
1697723321.191006, 89
1697723321.207912, 88
1697723321.224606, 88
1697723321.241127, 87
1697723321.258401, 87
1697723321.275125, 87
1697723321.292056, 86
1697723321.308844, 87
1697723321.325502, 87
1697723321.342744, 86
1697723321.359214, 88
1697723321.376134, 88
1697723321.393349, 89
1697723321.410080, 88
1697723321.426640, 88
1697723321.443725, 88
1697723321.460459, 88
1697723321.477432, 89
1697723321.494692, 89
1697723321.511269, 89
1697723321.527853, 89
1697723321.544624, 89
1697723321.561483, 88
1697723321.578126, 88
1697723321.594893, 89
1697723321.611818, 88
1697723321.628247, 88
1697723321.645062, 87
1697723321.661827, 88
1697723321.678395, 88
1697723321.695351, 88
1697723321.711936, 87
1697723321.728520, 88
1697723321.745652, 89
1697723321.762346, 89
1697723321.779958, 88
1697723321.797408, 90
1697723321.814311, 90
1697723321.831682, 90
1697723321.848517, 88
1697723321.865308, 90
1697723321.882853, 90
1697723321.899577, 89
1697723321.916276, 90
1697723321.933390, 90
1697723321.950443, 88
1697723321.967160, 88
1697723321.984358, 88
1697723322.001239, 88
1697723322.017734, 89
1697723322.034775, 89
1697723322.051992, 89
1697723322.068621, 90
1697723322.086578, 90
1697723322.103645, 90
1697723322.120374, 90
1697723322.136957, 90
1697723322.153528, 90
1697723322.170656, 90
1697723322.187562, 90
1697723322.204176, 89
1697723322.221411, 90
1697723322.238173, 90
1697723322.255027, 91
1697723322.272377, 91
