1697723144.075415, 0
1697723144.092216, 1
1697723144.108809, 0
1697723144.125580, 3
1697723144.142726, 7
1697723144.159377, 6
1697723144.176162, 13
1697723144.193649, 17
1697723144.210766, 19
1697723144.227514, 24
1697723144.244569, 26
1697723144.262463, 31
1697723144.279223, 36
1697723144.296198, 40
1697723144.312897, 44
1697723144.329763, 49
1697723144.347272, 53
1697723144.364009, 59
1697723144.380676, 65
1697723144.398372, 70
1697723144.415143, 75
1697723144.432048, 80
1697723144.449242, 85
1697723144.465933, 90
1697723144.482657, 95
1697723144.500148, 98
1697723144.517115, 105
1697723144.533646, 110
1697723144.551234, 113
1697723144.568041, 119
1697723144.585169, 120
1697723144.602221, 119
1697723144.619005, 120
1697723144.636260, 120
1697723144.653587, 120
1697723144.670658, 120
1697723144.687528, 120
1697723144.704334, 120
1697723144.721677, 120
1697723144.739058, 120
1697723144.755922, 120
1697723144.772609, 119
1697723144.789669, 120
1697723144.806708, 120
1697723144.823670, 119
1697723144.840578, 120
1697723144.857681, 120
1697723144.874432, 118
1697723144.891307, 120
1697723144.907854, 120
1697723144.924500, 120
1697723144.941343, 120
1697723144.958031, 119
1697723144.975055, 120
1697723144.992033, 120
1697723145.008561, 120
1697723145.025630, 120
1697723145.042472, 119
1697723145.059361, 120
1697723145.076426, 120
1697723145.093319, 119
1697723145.110240, 119
1697723145.127646, 120
1697723145.144501, 119
1697723145.161331, 119
1697723145.178487, 120
1697723145.195471, 119
1697723145.212621, 119
1697723145.230076, 120
1697723145.246712, 120
1697723145.263685, 119
1697723145.280994, 120
1697723145.297674, 120
1697723145.314568, 119
1697723145.331496, 120
1697723145.348126, 120
1697723145.365268, 119
1697723145.382195, 120
1697723145.398916, 119
1697723145.415894, 119
1697723145.433143, 120
1697723145.450249, 120
1697723145.467180, 118
1697723145.483991, 119
1697723145.500741, 120
1697723145.517838, 119
1697723145.534867, 119
1697723145.551677, 120
1697723145.569313, 120
1697723145.586301, 120
1697723145.603223, 120
1697723145.620403, 117
1697723145.637252, 118
1697723145.654409, 120
1697723145.671780, 118
1697723145.688478, 119
1697723145.705649, 119
1697723145.722399, 118
1697723145.739204, 119
1697723145.756452, 119
1697723145.773488, 120
1697723145.790521, 120
1697723145.807560, 119
1697723145.824341, 119
1697723145.840864, 120
1697723145.858378, 119
1697723145.875113, 118
1697723145.891784, 119
1697723145.908806, 119
1697723145.925697, 119
1697723145.942578, 119
1697723145.959254, 119
1697723145.976140, 119
1697723145.993303, 120
1697723146.010237, 119
1697723146.026906, 120
1697723146.044097, 119
1697723146.061391, 120
1697723146.078124, 114
1697723146.095309, 113
1697723146.112303, 117
1697723146.128812, 116
1697723146.145811, 118
1697723146.162548, 117
1697723146.179349, 117
1697723146.196159, 118
1697723146.213066, 119
1697723146.230185, 119
1697723146.246984, 119
1697723146.264053, 117
1697723146.280996, 117
1697723146.298002, 116
1697723146.314830, 118
1697723146.332087, 116
1697723146.348709, 118
1697723146.365687, 117
1697723146.382558, 116
1697723146.399533, 117
1697723146.416403, 119
1697723146.432951, 116
1697723146.449879, 116
1697723146.466449, 120
1697723146.483844, 117
1697723146.501076, 116
1697723146.519027, 116
1697723146.536171, 117
1697723146.553052, 115
1697723146.571029, 118
1697723146.588578, 117
1697723146.605964, 115
1697723146.623251, 117
1697723146.640258, 117
1697723146.657231, 114
1697723146.674531, 118
1697723146.691308, 119
1697723146.708320, 116
1697723146.725102, 116
1697723146.741865, 116
1697723146.758551, 116
1697723146.775668, 116
1697723146.793310, 118
1697723146.810069, 118
1697723146.826971, 116
1697723146.843717, 118
1697723146.860458, 117
1697723146.877340, 117
1697723146.894642, 120
1697723146.911527, 119
1697723146.928469, 116
1697723146.945223, 117
1697723146.961898, 118
1697723146.978823, 116
1697723146.995483, 118
1697723147.012527, 118
1697723147.029152, 119
1697723147.045908, 117
1697723147.063102, 118
1697723147.080021, 116
1697723147.096795, 119
1697723147.113565, 120
1697723147.130361, 117
1697723147.147209, 113
1697723147.164482, 108
1697723147.181341, 106
1697723147.198514, 101
1697723147.215722, 97
1697723147.232715, 95
1697723147.249474, 91
1697723147.266948, 87
1697723147.284353, 82
1697723147.301586, 77
1697723147.319030, 75
1697723147.335788, 74
1697723147.352582, 75
1697723147.370120, 75
1697723147.386801, 75
1697723147.404252, 76
1697723147.421168, 77
1697723147.438262, 69
1697723147.455546, 62
1697723147.472629, 55
1697723147.489959, 47
1697723147.507781, 42
1697723147.525065, 39
1697723147.541791, 41
1697723147.559532, 41
1697723147.576334, 41
1697723147.593261, 40
1697723147.610066, 41
1697723147.627047, 41
1697723147.644199, 41
1697723147.661579, 40
1697723147.678429, 40
1697723147.695465, 40
1697723147.712800, 41
1697723147.729482, 41
1697723147.746387, 41
1697723147.763646, 41
1697723147.780576, 41
1697723147.797351, 42
1697723147.814841, 42
1697723147.831738, 42
1697723147.848746, 41
1697723147.866074, 41
1697723147.882804, 42
1697723147.900171, 42
1697723147.916918, 42
1697723147.933757, 42
1697723147.951747, 42
1697723147.968592, 42
1697723147.985747, 42
1697723148.003129, 42
1697723148.019866, 42
1697723148.036847, 42
1697723148.053496, 43
1697723148.070149, 43
1697723148.087022, 43
1697723148.104345, 43
1697723148.121157, 43
1697723148.137887, 42
1697723148.155160, 43
1697723148.172266, 43
1697723148.189222, 43
1697723148.207193, 43
1697723148.223986, 43
1697723148.240316, 43
1697723148.257442, 43
1697723148.274182, 44
1697723148.290869, 44
1697723148.307652, 44
1697723148.324506, 43
1697723148.342004, 44
1697723148.358725, 44
1697723148.375612, 44
1697723148.393002, 44
1697723148.409782, 44
1697723148.426486, 44
1697723148.443553, 44
1697723148.460424, 45
1697723148.477097, 44
1697723148.494400, 45
1697723148.511185, 45
1697723148.527854, 45
1697723148.545051, 45
1697723148.561948, 45
1697723148.578566, 45
1697723148.595956, 45
1697723148.612758, 45
1697723148.629568, 45
1697723148.646418, 45
1697723148.663290, 45
1697723148.680751, 45
1697723148.698150, 45
1697723148.715024, 46
1697723148.732078, 46
1697723148.748731, 46
1697723148.765647, 45
1697723148.782890, 46
1697723148.799692, 45
1697723148.816427, 46
1697723148.833854, 46
1697723148.850721, 47
1697723148.867528, 45
1697723148.884771, 46
1697723148.901422, 46
1697723148.918106, 46
1697723148.935603, 46
1697723148.952756, 47
1697723148.969621, 45
1697723148.986534, 47
1697723149.003124, 47
1697723149.020154, 46
1697723149.036783, 47
1697723149.053592, 46
1697723149.070243, 46
1697723149.086990, 47
1697723149.103890, 47
1697723149.121063, 47
1697723149.138356, 46
1697723149.155198, 47
1697723149.172246, 47
1697723149.189005, 47
1697723149.206127, 48
1697723149.223260, 48
1697723149.240195, 47
1697723149.256924, 47
1697723149.273726, 48
1697723149.290573, 48
1697723149.307392, 49
1697723149.325164, 49
1697723149.341999, 49
1697723149.359485, 49
1697723149.376767, 48
1697723149.393515, 48
1697723149.411469, 48
1697723149.428500, 48
1697723149.445770, 48
1697723149.463729, 49
1697723149.480475, 49
1697723149.497444, 49
1697723149.515148, 47
1697723149.531764, 48
1697723149.548817, 49
1697723149.566073, 49
1697723149.582997, 49
1697723149.599967, 50
1697723149.616885, 49
1697723149.633975, 49
1697723149.651221, 49
1697723149.668419, 49
1697723149.685300, 49
1697723149.702055, 48
1697723149.719357, 49
1697723149.736198, 50
1697723149.752880, 50
1697723149.770122, 50
1697723149.786836, 49
1697723149.803766, 50
1697723149.820477, 50
1697723149.837804, 49
1697723149.854947, 50
1697723149.871860, 51
1697723149.888544, 50
1697723149.905993, 51
1697723149.922533, 51
1697723149.939126, 51
1697723149.956468, 51
1697723149.973555, 51
1697723149.990806, 51
1697723150.007663, 51
1697723150.024467, 51
1697723150.041073, 51
1697723150.057903, 50
1697723150.074879, 51
1697723150.091923, 50
1697723150.108347, 50
1697723150.125170, 51
1697723150.142166, 52
1697723150.159542, 51
1697723150.176297, 51
1697723150.193592, 52
1697723150.211015, 51
1697723150.228115, 51
1697723150.245633, 50
1697723150.262156, 51
1697723150.279109, 52
1697723150.296210, 52
1697723150.313140, 52
1697723150.329803, 51
1697723150.346865, 51
1697723150.363683, 52
1697723150.380469, 51
1697723150.397918, 52
1697723150.415129, 53
1697723150.431841, 52
1697723150.449075, 52
1697723150.466012, 53
1697723150.482785, 53
1697723150.499885, 52
1697723150.516657, 52
1697723150.533591, 53
1697723150.550689, 53
1697723150.567724, 53
1697723150.584997, 53
1697723150.602147, 53
1697723150.619131, 52
1697723150.636288, 52
1697723150.653045, 52
1697723150.669989, 53
1697723150.687611, 54
1697723150.704278, 53
1697723150.721076, 53
1697723150.738530, 54
1697723150.755673, 54
1697723150.772553, 53
1697723150.789534, 54
1697723150.806412, 54
1697723150.823245, 52
1697723150.840127, 53
1697723150.856958, 53
1697723150.873791, 53
1697723150.890918, 54
1697723150.907864, 54
1697723150.925076, 53
1697723150.942429, 54
1697723150.959407, 54
1697723150.976659, 54
1697723150.993898, 53
1697723151.010698, 55
1697723151.027907, 55
1697723151.044755, 54
1697723151.062208, 55
1697723151.079237, 55
1697723151.096025, 54
1697723151.112827, 55
1697723151.130067, 55
1697723151.146953, 55
1697723151.164014, 54
1697723151.181437, 54
1697723151.198095, 54
1697723151.214761, 55
1697723151.231272, 54
1697723151.247968, 54
1697723151.264374, 55
1697723151.281476, 56
1697723151.298146, 56
1697723151.315131, 55
1697723151.332102, 56
1697723151.348996, 56
1697723151.366268, 55
1697723151.383531, 56
1697723151.400395, 56
1697723151.417788, 55
1697723151.434673, 55
1697723151.451588, 56
1697723151.468757, 55
1697723151.485662, 56
1697723151.502585, 56
1697723151.520117, 55
1697723151.536723, 55
1697723151.553442, 57
1697723151.570684, 57
1697723151.587719, 56
1697723151.604667, 57
1697723151.621793, 57
1697723151.638585, 56
1697723151.655760, 57
1697723151.672904, 57
1697723151.690140, 56
1697723151.707012, 56
1697723151.724043, 56
1697723151.741155, 56
1697723151.757970, 57
1697723151.775406, 57
1697723151.792103, 56
1697723151.808578, 56
1697723151.825976, 56
1697723151.842702, 56
1697723151.859560, 57
1697723151.876566, 58
1697723151.893373, 58
1697723151.910514, 57
1697723151.927401, 58
1697723151.944366, 58
1697723151.961878, 58
1697723151.978768, 58
1697723151.995945, 57
1697723152.013481, 57
1697723152.030431, 58
1697723152.047225, 58
1697723152.064546, 57
1697723152.081682, 58
1697723152.098674, 58
1697723152.116086, 58
1697723152.133036, 58
1697723152.149687, 58
1697723152.166932, 59
1697723152.183902, 58
1697723152.200809, 59
1697723152.218832, 59
1697723152.235970, 58
1697723152.252872, 59
1697723152.269992, 59
1697723152.287256, 58
1697723152.303997, 58
1697723152.320879, 59
1697723152.337772, 58
1697723152.354419, 59
1697723152.371737, 59
1697723152.389142, 58
1697723152.406771, 59
1697723152.424355, 59
1697723152.441444, 58
1697723152.458998, 59
1697723152.475821, 60
1697723152.492951, 60
1697723152.510452, 59
1697723152.527680, 60
1697723152.544565, 60
1697723152.561599, 60
1697723152.578560, 60
1697723152.595246, 60
1697723152.612468, 59
1697723152.629286, 60
1697723152.646084, 59
1697723152.662882, 59
1697723152.679451, 60
1697723152.696100, 59
1697723152.712655, 59
1697723152.729520, 59
1697723152.746228, 60
1697723152.763228, 60
1697723152.780059, 60
1697723152.797077, 60
1697723152.813961, 60
1697723152.831046, 61
1697723152.848364, 61
1697723152.865300, 61
1697723152.881779, 60
1697723152.899286, 61
1697723152.916423, 61
1697723152.933367, 60
1697723152.950690, 60
1697723152.967850, 60
1697723152.984743, 60
1697723153.001850, 60
1697723153.018563, 61
1697723153.035421, 61
1697723153.052915, 60
1697723153.069595, 60
1697723153.086407, 60
1697723153.103673, 61
1697723153.120653, 62
1697723153.137862, 62
1697723153.155111, 61
1697723153.171836, 62
1697723153.189335, 62
1697723153.206115, 62
1697723153.222987, 62
1697723153.239788, 62
1697723153.256535, 62
1697723153.273278, 61
1697723153.290584, 62
1697723153.307498, 62
1697723153.324453, 62
1697723153.341507, 62
1697723153.358308, 62
1697723153.374984, 61
1697723153.391695, 62
1697723153.408534, 62
1697723153.425343, 62
1697723153.442771, 63
1697723153.459976, 63
1697723153.476680, 63
1697723153.494022, 63
1697723153.511250, 63
1697723153.528942, 63
1697723153.545432, 63
1697723153.562423, 62
1697723153.579757, 63
1697723153.596830, 62
1697723153.613691, 63
1697723153.631208, 63
1697723153.647856, 62
1697723153.664886, 63
1697723153.682143, 63
1697723153.698792, 63
1697723153.715708, 63
1697723153.732810, 63
1697723153.749886, 64
1697723153.766748, 64
1697723153.783958, 64
1697723153.800854, 64
1697723153.817603, 64
1697723153.834382, 64
1697723153.851317, 64
1697723153.868098, 63
1697723153.885425, 64
1697723153.902133, 63
1697723153.918867, 63
1697723153.935677, 64
1697723153.952717, 64
1697723153.969348, 63
1697723153.986614, 63
1697723154.003625, 63
1697723154.020354, 64
1697723154.037943, 64
1697723154.054734, 64
1697723154.071392, 64
1697723154.088445, 64
1697723154.105134, 64
1697723154.122528, 65
1697723154.139550, 65
1697723154.156506, 65
1697723154.173549, 65
1697723154.190566, 64
1697723154.207611, 65
1697723154.224843, 65
1697723154.242150, 64
1697723154.259025, 65
1697723154.276408, 65
1697723154.293300, 64
1697723154.309962, 65
1697723154.327346, 65
1697723154.344519, 65
1697723154.361079, 65
1697723154.378426, 65
1697723154.395367, 65
1697723154.412500, 66
1697723154.429474, 65
1697723154.446642, 66
1697723154.463511, 65
1697723154.480516, 66
1697723154.497472, 66
1697723154.514451, 65
1697723154.531803, 65
1697723154.548588, 65
1697723154.565489, 65
1697723154.582797, 65
1697723154.599715, 66
1697723154.616631, 66
1697723154.633691, 66
1697723154.650679, 66
1697723154.667886, 66
1697723154.684446, 66
1697723154.701235, 66
1697723154.718673, 66
1697723154.735220, 65
1697723154.751881, 66
1697723154.769806, 67
1697723154.786915, 66
1697723154.803956, 66
1697723154.821134, 66
1697723154.838418, 67
1697723154.855346, 66
1697723154.872749, 67
1697723154.889438, 67
1697723154.906192, 66
1697723154.923550, 67
1697723154.940273, 67
1697723154.957146, 69
1697723154.974040, 68
1697723154.991104, 68
1697723155.007909, 68
1697723155.024862, 67
1697723155.041641, 68
1697723155.058992, 67
1697723155.075850, 68
1697723155.092587, 68
1697723155.110153, 68
1697723155.127094, 67
1697723155.143988, 68
1697723155.160996, 68
1697723155.178819, 67
1697723155.195585, 67
1697723155.212501, 67
1697723155.229555, 67
1697723155.246194, 69
1697723155.263223, 69
1697723155.280021, 69
1697723155.296739, 68
1697723155.313855, 69
1697723155.330496, 69
1697723155.346986, 69
1697723155.364585, 69
1697723155.381556, 69
1697723155.399221, 68
1697723155.416458, 68
1697723155.433310, 68
1697723155.450608, 69
1697723155.467350, 69
1697723155.484419, 69
1697723155.502374, 68
1697723155.519114, 70
1697723155.535599, 70
1697723155.552707, 70
1697723155.569428, 70
1697723155.586380, 70
1697723155.603372, 70
1697723155.620075, 70
1697723155.636642, 70
1697723155.653952, 70
1697723155.670779, 71
1697723155.687656, 69
1697723155.704829, 69
1697723155.721850, 69
1697723155.738671, 69
1697723155.756222, 69
1697723155.773043, 70
1697723155.789900, 68
1697723155.807155, 69
1697723155.824130, 71
1697723155.841467, 71
1697723155.858232, 71
1697723155.875042, 71
1697723155.892576, 71
1697723155.909418, 71
1697723155.926306, 71
1697723155.943640, 71
1697723155.960499, 71
1697723155.977377, 70
1697723155.994389, 69
1697723156.011152, 69
1697723156.027673, 69
1697723156.044770, 70
1697723156.061366, 70
1697723156.078382, 70
1697723156.095739, 71
1697723156.112352, 70
1697723156.129354, 71
1697723156.145913, 72
1697723156.162754, 71
1697723156.179490, 72
1697723156.196472, 71
1697723156.213284, 71
1697723156.229829, 72
1697723156.247155, 72
1697723156.263762, 70
1697723156.281134, 71
1697723156.298259, 70
1697723156.315083, 71
1697723156.332417, 71
1697723156.349128, 71
1697723156.365946, 72
1697723156.383312, 71
1697723156.399998, 71
1697723156.416946, 73
1697723156.434257, 73
1697723156.451002, 72
1697723156.467955, 72
1697723156.485199, 72
1697723156.502284, 72
1697723156.518768, 72
1697723156.536159, 72
1697723156.553201, 73
1697723156.569960, 71
1697723156.587272, 71
1697723156.604361, 72
1697723156.620800, 72
1697723156.638379, 72
1697723156.654943, 71
1697723156.671570, 71
1697723156.689007, 73
1697723156.705776, 72
1697723156.723134, 73
1697723156.739782, 74
1697723156.756478, 74
1697723156.773140, 73
1697723156.790016, 73
1697723156.806962, 73
1697723156.824262, 73
1697723156.841000, 72
1697723156.857884, 73
1697723156.875423, 72
1697723156.892541, 72
1697723156.909299, 73
1697723156.926154, 72
1697723156.943121, 73
1697723156.960045, 73
1697723156.977379, 72
1697723156.994609, 74
1697723157.011223, 73
1697723157.028312, 73
1697723157.045146, 74
1697723157.061811, 74
1697723157.078666, 74
1697723157.095771, 74
1697723157.112679, 74
1697723157.129616, 75
1697723157.146460, 74
1697723157.163355, 73
1697723157.180574, 74
1697723157.197617, 73
1697723157.214897, 72
1697723157.231798, 74
1697723157.248656, 73
1697723157.266084, 73
1697723157.282884, 75
1697723157.299733, 74
1697723157.316740, 74
1697723157.333574, 74
1697723157.350383, 74
1697723157.367288, 75
1697723157.384191, 75
1697723157.401349, 75
1697723157.418383, 74
1697723157.435014, 75
1697723157.451808, 75
1697723157.468510, 73
1697723157.485271, 73
1697723157.502049, 75
1697723157.519356, 74
1697723157.536299, 74
1697723157.553169, 75
1697723157.570554, 74
1697723157.587288, 75
1697723157.604703, 75
1697723157.621849, 76
1697723157.638743, 74
1697723157.655722, 75
1697723157.672336, 76
1697723157.689492, 75
1697723157.706663, 76
1697723157.723527, 76
1697723157.740375, 76
1697723157.756977, 75
1697723157.774038, 75
1697723157.790774, 74
1697723157.807664, 75
1697723157.824734, 74
1697723157.841237, 74
1697723157.858219, 75
1697723157.875165, 75
1697723157.891922, 77
1697723157.908818, 76
1697723157.925297, 76
1697723157.942158, 77
1697723157.959011, 76
1697723157.976050, 75
1697723157.992923, 76
1697723158.009902, 76
1697723158.026498, 76
1697723158.043400, 77
1697723158.060460, 77
1697723158.077297, 75
1697723158.094398, 76
1697723158.111661, 75
1697723158.128389, 76
1697723158.145743, 76
1697723158.162625, 76
1697723158.179612, 75
1697723158.196493, 76
1697723158.213509, 77
1697723158.231016, 76
1697723158.248378, 76
1697723158.265176, 77
1697723158.282661, 78
1697723158.299800, 77
1697723158.316750, 78
1697723158.333969, 77
1697723158.351037, 77
1697723158.368341, 77
1697723158.385934, 76
1697723158.402850, 75
1697723158.419487, 77
1697723158.436480, 77
1697723158.453373, 77
1697723158.469974, 78
1697723158.487488, 78
1697723158.504092, 79
1697723158.520564, 79
1697723158.537582, 79
1697723158.554286, 78
1697723158.571132, 79
1697723158.588484, 79
1697723158.605763, 79
1697723158.622498, 78
1697723158.639335, 78
1697723158.656306, 78
1697723158.673751, 78
1697723158.690525, 78
1697723158.707496, 78
1697723158.724875, 77
1697723158.741749, 76
1697723158.758638, 78
1697723158.776071, 78
1697723158.792831, 77
1697723158.809654, 79
1697723158.826788, 78
1697723158.843939, 78
1697723158.860761, 79
1697723158.877686, 79
1697723158.894655, 79
1697723158.911373, 79
1697723158.928532, 79
1697723158.945859, 79
1697723158.962877, 79
1697723158.979997, 79
1697723158.997037, 78
1697723159.013567, 78
1697723159.030472, 78
1697723159.047676, 77
1697723159.064484, 78
1697723159.081627, 79
1697723159.098607, 79
1697723159.115394, 78
1697723159.132568, 80
1697723159.149348, 79
1697723159.166528, 79
1697723159.184021, 80
1697723159.200855, 80
1697723159.217960, 78
1697723159.234591, 79
1697723159.251379, 79
1697723159.268665, 79
1697723159.285313, 80
1697723159.302296, 79
1697723159.319198, 79
1697723159.335959, 79
1697723159.352755, 79
1697723159.369709, 78
1697723159.386530, 79
1697723159.403353, 79
1697723159.420735, 80
1697723159.437598, 80
1697723159.454569, 81
1697723159.471258, 81
1697723159.488076, 80
1697723159.505065, 80
1697723159.521754, 81
1697723159.538316, 80
1697723159.554962, 79
1697723159.571756, 80
1697723159.588393, 81
1697723159.605561, 80
1697723159.622131, 80
1697723159.638484, 80
1697723159.655698, 79
1697723159.672508, 80
1697723159.689295, 80
1697723159.706402, 79
1697723159.723302, 79
1697723159.739952, 80
1697723159.756816, 80
1697723159.773711, 81
1697723159.790465, 81
1697723159.807776, 80
1697723159.824557, 80
1697723159.841414, 80
1697723159.858506, 80
1697723159.875596, 81
1697723159.892283, 82
1697723159.909456, 82
1697723159.926147, 79
1697723159.943396, 80
1697723159.960126, 81
1697723159.977041, 80
1697723159.994148, 81
1697723160.011092, 81
1697723160.027865, 80
1697723160.045064, 79
1697723160.061999, 81
1697723160.079195, 81
1697723160.096098, 82
1697723160.113187, 82
1697723160.130291, 81
1697723160.147389, 82
1697723160.164351, 82
1697723160.181254, 82
1697723160.198366, 81
1697723160.215162, 82
1697723160.231898, 82
1697723160.248869, 80
1697723160.265383, 80
1697723160.282423, 81
1697723160.299580, 81
1697723160.316580, 82
1697723160.333497, 82
1697723160.351010, 81
1697723160.367809, 81
1697723160.384254, 83
1697723160.401817, 83
1697723160.418684, 82
1697723160.435728, 83
1697723160.452154, 83
1697723160.468933, 82
1697723160.486081, 82
1697723160.502975, 82
1697723160.519894, 82
1697723160.537143, 83
1697723160.553809, 83
1697723160.570490, 82
1697723160.587646, 82
1697723160.604291, 82
1697723160.621110, 81
1697723160.638525, 82
1697723160.655375, 82
1697723160.672051, 82
1697723160.688927, 82
1697723160.705706, 84
1697723160.722499, 84
1697723160.739828, 83
1697723160.756581, 83
1697723160.773401, 84
1697723160.790768, 84
1697723160.808054, 83
1697723160.825351, 83
1697723160.842127, 83
1697723160.858711, 84
1697723160.875937, 84
1697723160.892941, 83
1697723160.909891, 83
1697723160.926802, 83
1697723160.943798, 83
1697723160.960549, 82
1697723160.977223, 83
1697723160.994193, 82
1697723161.010883, 84
1697723161.028279, 84
1697723161.044855, 84
1697723161.061512, 83
1697723161.078485, 83
1697723161.095208, 84
1697723161.112041, 83
1697723161.129408, 85
1697723161.146235, 85
1697723161.163320, 85
1697723161.180615, 84
1697723161.197674, 85
1697723161.214763, 84
1697723161.231588, 83
1697723161.248740, 84
1697723161.265951, 84
1697723161.282748, 83
1697723161.299611, 84
1697723161.316899, 84
1697723161.334029, 85
1697723161.350743, 84
1697723161.368088, 84
1697723161.384996, 84
1697723161.401644, 85
1697723161.418774, 85
1697723161.435975, 85
1697723161.453375, 85
1697723161.470335, 85
1697723161.487019, 84
1697723161.503949, 85
1697723161.521205, 85
1697723161.537896, 84
1697723161.554801, 84
1697723161.572191, 85
1697723161.589112, 85
1697723161.606165, 84
1697723161.623739, 84
1697723161.640636, 84
1697723161.657794, 85
1697723161.674560, 86
1697723161.691495, 86
1697723161.709177, 86
1697723161.725831, 86
1697723161.742730, 85
1697723161.759578, 85
1697723161.776511, 85
1697723161.793453, 86
1697723161.810557, 86
1697723161.827564, 85
1697723161.844418, 85
1697723161.860966, 85
1697723161.877874, 84
1697723161.894578, 85
1697723161.912007, 85
1697723161.928662, 85
1697723161.945772, 85
1697723161.963264, 85
1697723161.980294, 86
1697723161.996733, 86
1697723162.013741, 87
1697723162.030618, 87
1697723162.047537, 87
1697723162.064211, 87
1697723162.081041, 87
1697723162.098142, 86
1697723162.114922, 87
1697723162.131831, 87
1697723162.148871, 87
1697723162.165476, 87
1697723162.182563, 87
1697723162.199584, 86
1697723162.216697, 86
1697723162.233444, 85
1697723162.250220, 85
1697723162.267293, 85
1697723162.284289, 86
1697723162.301476, 86
1697723162.318411, 86
1697723162.335469, 87
1697723162.352892, 87
1697723162.369759, 87
1697723162.386590, 86
1697723162.403885, 86
1697723162.420709, 87
1697723162.437364, 88
1697723162.453952, 88
1697723162.470736, 87
1697723162.487670, 87
1697723162.504777, 88
1697723162.521858, 86
1697723162.539836, 87
1697723162.557018, 87
1697723162.573966, 86
1697723162.591451, 86
1697723162.608382, 87
1697723162.625094, 87
1697723162.643154, 87
1697723162.660101, 88
1697723162.676979, 88
1697723162.693803, 88
1697723162.710809, 88
1697723162.727403, 88
1697723162.745116, 87
1697723162.762373, 88
1697723162.779308, 88
1697723162.796545, 88
1697723162.813342, 88
1697723162.830358, 88
1697723162.847847, 87
1697723162.864485, 87
1697723162.881306, 88
1697723162.898417, 88
1697723162.915469, 87
1697723162.932617, 88
1697723162.949701, 88
1697723162.966480, 87
1697723162.983211, 89
1697723162.999751, 89
1697723163.017195, 89
1697723163.034338, 89
1697723163.051127, 89
1697723163.068068, 89
1697723163.085319, 90
1697723163.102084, 89
1697723163.118958, 89
1697723163.136330, 89
1697723163.153323, 89
1697723163.170292, 89
1697723163.187940, 87
1697723163.205059, 87
1697723163.221935, 87
1697723163.238751, 87
1697723163.255861, 88
1697723163.272560, 88
1697723163.289723, 88
1697723163.306333, 90
1697723163.323888, 90
1697723163.341078, 90
1697723163.357962, 89
1697723163.375447, 89
1697723163.392347, 90
1697723163.409027, 89
1697723163.425653, 90
1697723163.443024, 90
1697723163.459849, 89
1697723163.477052, 89
1697723163.494587, 90
1697723163.511806, 90
1697723163.528771, 89
1697723163.545708, 89
1697723163.562819, 88
1697723163.580691, 89
1697723163.598158, 88
1697723163.615161, 88
1697723163.632356, 89
1697723163.649220, 90
1697723163.666072, 90
1697723163.683237, 90
1697723163.699946, 90
1697723163.716476, 90
1697723163.733255, 90
1697723163.750025, 89
1697723163.766848, 90
1697723163.783486, 90
1697723163.800469, 91
1697723163.818303, 90
1697723163.835614, 91
1697723163.852309, 90
1697723163.869771, 90
1697723163.886507, 90
1697723163.903445, 89
1697723163.920740, 89
1697723163.937901, 89
1697723163.954648, 89
1697723163.971850, 90
1697723163.988748, 91
1697723164.005420, 92
1697723164.022004, 91
1697723164.038589, 91
1697723164.055640, 90
1697723164.072990, 91
1697723164.089756, 91
1697723164.106407, 91
1697723164.123393, 91
1697723164.140182, 91
1697723164.157434, 91
1697723164.174295, 91
1697723164.191198, 90
1697723164.208177, 89
1697723164.224987, 90
1697723164.242027, 91
1697723164.259506, 91
1697723164.276548, 90
1697723164.293317, 91
1697723164.310591, 91
1697723164.327417, 92
1697723164.343966, 92
1697723164.360644, 92
1697723164.377594, 92
1697723164.394254, 91
1697723164.411307, 91
1697723164.428034, 91
1697723164.444962, 92
1697723164.461680, 92
1697723164.478452, 92
1697723164.496071, 92
1697723164.513081, 91
1697723164.529860, 92
1697723164.546763, 91
1697723164.563710, 91
1697723164.580504, 91
1697723164.597127, 91
1697723164.613911, 91
1697723164.630576, 91
1697723164.647789, 91
1697723164.664682, 92
1697723164.681651, 93
1697723164.698924, 93
1697723164.715920, 92
1697723164.732517, 93
1697723164.749522, 93
1697723164.766282, 92
1697723164.783606, 92
1697723164.799978, 92
1697723164.816957, 93
1697723164.833643, 93
1697723164.850414, 93
1697723164.867147, 93
1697723164.884453, 92
1697723164.901597, 92
1697723164.918418, 91
1697723164.935830, 92
1697723164.952842, 92
1697723164.969755, 92
1697723164.987525, 92
1697723165.004308, 93
1697723165.021084, 93
1697723165.038177, 94
1697723165.054910, 93
1697723165.071579, 93
1697723165.088650, 94
1697723165.105298, 93
1697723165.121803, 93
1697723165.138953, 94
1697723165.155616, 93
1697723165.172609, 93
1697723165.189147, 93
1697723165.205932, 93
1697723165.222693, 93
1697723165.239403, 93
1697723165.256187, 93
1697723165.273586, 93
1697723165.290474, 93
1697723165.307265, 92
1697723165.325104, 93
1697723165.342344, 93
1697723165.359265, 94
1697723165.376389, 94
1697723165.393396, 94
1697723165.410021, 94
1697723165.427365, 95
1697723165.444040, 94
1697723165.460581, 94
1697723165.477663, 94
1697723165.494758, 94
1697723165.511650, 94
1697723165.528822, 95
1697723165.545632, 94
1697723165.562986, 94
1697723165.579919, 94
1697723165.596835, 93
1697723165.614139, 94
1697723165.631021, 94
1697723165.647949, 93
1697723165.664930, 93
1697723165.681934, 94
1697723165.698871, 94
1697723165.716281, 95
1697723165.732959, 95
1697723165.749922, 94
1697723165.767063, 94
1697723165.783832, 94
1697723165.800678, 94
1697723165.817614, 95
1697723165.834364, 95
1697723165.851157, 96
1697723165.868637, 94
1697723165.885475, 95
1697723165.902293, 96
1697723165.919323, 94
1697723165.936229, 94
1697723165.953906, 94
1697723165.971259, 94
1697723165.988226, 94
1697723166.005279, 94
1697723166.022149, 95
1697723166.038764, 95
1697723166.055593, 95
1697723166.072401, 96
1697723166.088844, 95
1697723166.106000, 96
1697723166.122612, 96
1697723166.139292, 95
1697723166.156356, 96
1697723166.173141, 96
1697723166.189378, 95
1697723166.206506, 96
1697723166.223291, 96
1697723166.240332, 95
1697723166.257360, 95
1697723166.274374, 94
1697723166.291355, 94
1697723166.308386, 95
1697723166.325157, 95
1697723166.343256, 96
1697723166.360359, 95
1697723166.377075, 95
1697723166.394364, 97
1697723166.411309, 97
1697723166.428212, 95
1697723166.445698, 96
1697723166.462477, 96
1697723166.479145, 96
1697723166.495922, 96
1697723166.512689, 97
1697723166.529475, 96
1697723166.546869, 96
1697723166.563614, 96
1697723166.580037, 97
1697723166.597506, 97
1697723166.614457, 96
1697723166.631084, 95
1697723166.647830, 96
1697723166.664742, 96
1697723166.681913, 95
1697723166.699263, 96
1697723166.716232, 96
1697723166.733409, 96
1697723166.750114, 97
1697723166.767391, 97
1697723166.784266, 96
1697723166.801038, 97
1697723166.818161, 97
1697723166.835219, 98
1697723166.852650, 96
1697723166.869355, 96
1697723166.886371, 97
1697723166.903251, 97
1697723166.920030, 97
1697723166.938179, 98
1697723166.955116, 97
1697723166.971756, 96
1697723166.989491, 97
1697723167.006395, 97
1697723167.022994, 95
1697723167.040186, 95
1697723167.056990, 96
1697723167.073867, 97
1697723167.090795, 97
1697723167.107497, 98
1697723167.124573, 98
1697723167.141601, 98
1697723167.158242, 98
1697723167.175231, 97
1697723167.192096, 97
1697723167.208812, 98
1697723167.226211, 98
1697723167.243011, 98
1697723167.259829, 98
1697723167.276927, 97
1697723167.293916, 98
1697723167.310620, 97
1697723167.327432, 97
1697723167.344250, 97
1697723167.361113, 97
1697723167.378293, 98
1697723167.395133, 96
1697723167.412138, 97
1697723167.429421, 97
1697723167.446162, 97
1697723167.463175, 98
1697723167.480041, 99
1697723167.497344, 98
1697723167.514720, 98
1697723167.531313, 99
1697723167.548213, 98
1697723167.565763, 98
1697723167.582947, 98
1697723167.599696, 98
1697723167.616611, 99
1697723167.633828, 99
1697723167.650700, 99
1697723167.668108, 97
1697723167.684822, 97
1697723167.701569, 97
1697723167.718832, 97
1697723167.735605, 98
1697723167.751974, 98
1697723167.769938, 97
1697723167.786947, 97
1697723167.803709, 98
1697723167.820399, 100
1697723167.837657, 99
1697723167.854945, 100
1697723167.872380, 99
1697723167.889268, 99
1697723167.906605, 99
1697723167.923605, 100
1697723167.940344, 99
1697723167.957573, 99
1697723167.974582, 99
1697723167.991402, 100
1697723168.008647, 99
1697723168.025300, 100
1697723168.042174, 98
1697723168.059403, 98
1697723168.076341, 98
1697723168.093054, 98
1697723168.109890, 99
1697723168.126626, 99
1697723168.143576, 99
1697723168.160549, 99
1697723168.177399, 99
1697723168.194733, 100
1697723168.211415, 99
1697723168.228547, 100
1697723168.246018, 100
1697723168.262875, 99
1697723168.279807, 100
1697723168.297936, 101
1697723168.315116, 100
1697723168.332100, 100
1697723168.349258, 101
1697723168.366073, 101
1697723168.383111, 100
1697723168.400366, 101
1697723168.417129, 99
1697723168.434246, 99
1697723168.451508, 100
1697723168.468377, 100
1697723168.485193, 98
1697723168.502218, 99
1697723168.519223, 100
1697723168.536154, 100
1697723168.553314, 101
1697723168.570553, 101
1697723168.587213, 100
1697723168.604451, 101
1697723168.621434, 100
1697723168.638398, 100
1697723168.655304, 101
1697723168.672040, 101
1697723168.688756, 101
1697723168.705634, 101
1697723168.722609, 100
1697723168.739777, 100
1697723168.756578, 100
1697723168.773231, 100
1697723168.790314, 101
1697723168.807188, 101
1697723168.824251, 100
1697723168.841182, 101
1697723168.857843, 100
1697723168.874398, 99
1697723168.891377, 101
1697723168.908123, 101
1697723168.924552, 101
1697723168.941386, 102
1697723168.958311, 102
1697723168.975664, 100
1697723168.992972, 101
1697723169.009705, 101
1697723169.026753, 101
1697723169.043444, 102
1697723169.060352, 102
1697723169.077905, 101
1697723169.094534, 102
1697723169.111266, 102
1697723169.128492, 100
1697723169.145464, 101
1697723169.162278, 101
1697723169.178907, 101
1697723169.195794, 101
1697723169.212809, 101
1697723169.229638, 101
1697723169.246427, 100
1697723169.263185, 101
1697723169.280025, 101
1697723169.297005, 101
1697723169.313716, 102
1697723169.330867, 103
1697723169.347672, 103
1697723169.364133, 102
1697723169.381103, 103
1697723169.398104, 102
1697723169.415370, 102
1697723169.432066, 103
1697723169.449058, 103
1697723169.466278, 102
1697723169.483092, 103
1697723169.499978, 102
1697723169.517189, 101
1697723169.534023, 100
1697723169.550539, 101
1697723169.567344, 102
1697723169.584707, 102
1697723169.601624, 102
1697723169.618755, 102
1697723169.635626, 102
1697723169.652373, 102
1697723169.669201, 102
1697723169.686092, 103
1697723169.702730, 103
1697723169.719702, 103
1697723169.736488, 103
1697723169.753462, 103
1697723169.770586, 103
1697723169.787303, 102
1697723169.804308, 103
1697723169.821263, 104
1697723169.837960, 104
1697723169.855257, 103
1697723169.872255, 103
1697723169.889034, 102
1697723169.905910, 101
1697723169.922563, 102
1697723169.939510, 103
1697723169.956470, 102
1697723169.973463, 103
1697723169.990417, 104
1697723170.007169, 103
1697723170.024128, 103
1697723170.040551, 104
1697723170.057509, 103
1697723170.074271, 103
1697723170.090761, 103
1697723170.107819, 103
1697723170.124558, 104
1697723170.141918, 104
1697723170.158586, 104
1697723170.175513, 104
1697723170.192940, 104
1697723170.209833, 103
1697723170.226592, 104
1697723170.243838, 103
1697723170.260853, 103
1697723170.277662, 102
1697723170.294867, 103
1697723170.311858, 103
1697723170.328779, 104
1697723170.346026, 103
1697723170.362901, 105
1697723170.379537, 104
1697723170.396462, 104
1697723170.413895, 105
1697723170.430691, 105
1697723170.447914, 104
1697723170.464614, 105
1697723170.481141, 105
1697723170.498257, 104
1697723170.515130, 105
1697723170.532663, 105
1697723170.549268, 105
1697723170.566102, 104
1697723170.583320, 104
1697723170.600569, 104
1697723170.617195, 104
1697723170.634220, 104
1697723170.650893, 103
1697723170.667436, 104
1697723170.684840, 104
1697723170.701744, 104
1697723170.718442, 103
1697723170.736099, 105
1697723170.752782, 105
1697723170.769681, 105
1697723170.786854, 105
1697723170.803567, 105
1697723170.820870, 104
1697723170.838037, 105
1697723170.855059, 106
1697723170.872709, 105
1697723170.889306, 104
1697723170.905941, 106
1697723170.923240, 105
1697723170.940166, 105
1697723170.957026, 106
1697723170.974463, 106
1697723170.991199, 104
1697723171.007936, 104
1697723171.024616, 104
1697723171.041354, 104
1697723171.057548, 105
1697723171.074664, 104
1697723171.091307, 104
1697723171.107913, 105
1697723171.124663, 106
1697723171.141466, 105
1697723171.157897, 106
1697723171.174757, 106
1697723171.191713, 106
1697723171.209011, 105
1697723171.225712, 106
1697723171.242618, 105
1697723171.259940, 105
1697723171.276776, 106
1697723171.293686, 106
1697723171.310974, 105
1697723171.328357, 106
1697723171.345060, 106
1697723171.361759, 104
1697723171.378531, 105
1697723171.394905, 106
1697723171.412046, 106
1697723171.428744, 105
1697723171.445417, 106
1697723171.462562, 106
1697723171.479098, 106
1697723171.496292, 106
1697723171.513022, 107
1697723171.529557, 106
1697723171.546645, 107
1697723171.563425, 107
1697723171.580221, 107
1697723171.597166, 106
1697723171.614081, 107
1697723171.630713, 107
1697723171.647343, 105
1697723171.664500, 107
1697723171.681546, 108
1697723171.698849, 108
1697723171.715547, 108
1697723171.732313, 107
1697723171.749491, 106
1697723171.766542, 107
1697723171.783610, 107
1697723171.800950, 107
1697723171.817857, 107
1697723171.834735, 106
1697723171.851987, 107
1697723171.868818, 108
1697723171.886166, 108
1697723171.903067, 108
1697723171.919822, 107
1697723171.937245, 107
1697723171.954092, 107
1697723171.970880, 107
1697723171.987819, 108
1697723172.004771, 108
1697723172.021472, 107
1697723172.038516, 108
1697723172.055344, 108
1697723172.072142, 107
1697723172.089259, 108
1697723172.106093, 107
1697723172.123151, 106
1697723172.140298, 106
1697723172.157254, 107
1697723172.174058, 107
1697723172.190804, 106
1697723172.207856, 107
1697723172.224475, 107
1697723172.241385, 108
1697723172.258383, 108
1697723172.275210, 108
1697723172.291855, 107
1697723172.308657, 107
1697723172.326108, 107
1697723172.343054, 107
1697723172.359900, 108
1697723172.377234, 108
1697723172.394229, 108
1697723172.410961, 108
1697723172.428270, 108
1697723172.444840, 107
1697723172.461440, 108
1697723172.478370, 109
1697723172.495797, 108
1697723172.512373, 107
1697723172.529358, 107
1697723172.546123, 108
1697723172.562557, 107
1697723172.579927, 108
1697723172.597004, 108
1697723172.614394, 108
1697723172.631170, 108
1697723172.647998, 108
1697723172.664930, 109
1697723172.681675, 108
1697723172.698269, 109
1697723172.715390, 109
1697723172.732301, 109
1697723172.748901, 109
1697723172.765912, 109
1697723172.782604, 109
1697723172.799078, 109
1697723172.816298, 109
1697723172.833072, 108
1697723172.849786, 109
1697723172.866662, 108
1697723172.883594, 107
1697723172.900186, 107
1697723172.917137, 108
1697723172.933934, 108
1697723172.950834, 107
1697723172.968042, 107
1697723172.984909, 107
1697723173.002090, 109
1697723173.018923, 110
1697723173.035278, 110
1697723173.052383, 110
1697723173.069527, 110
1697723173.086181, 110
1697723173.103105, 110
1697723173.119982, 110
1697723173.136719, 109
1697723173.153409, 109
1697723173.170166, 109
1697723173.186697, 110
1697723173.203612, 110
1697723173.220454, 110
1697723173.237390, 110
1697723173.254206, 109
1697723173.270776, 108
1697723173.288006, 108
1697723173.304566, 109
1697723173.321123, 109
1697723173.337887, 109
1697723173.354615, 109
1697723173.371736, 108
1697723173.388448, 109
1697723173.405089, 110
1697723173.421765, 110
1697723173.438876, 110
1697723173.455174, 110
1697723173.471842, 110
1697723173.489218, 109
1697723173.506102, 109
1697723173.522912, 109
1697723173.539847, 110
1697723173.556889, 111
1697723173.573742, 111
1697723173.590298, 111
1697723173.607033, 111
1697723173.623905, 111
1697723173.641069, 110
1697723173.657907, 109
1697723173.674498, 110
1697723173.691635, 110
1697723173.709632, 109
1697723173.726391, 110
1697723173.743548, 109
1697723173.760500, 111
1697723173.777916, 111
1697723173.794926, 111
1697723173.811862, 111
1697723173.828835, 111
1697723173.845317, 110
1697723173.861980, 110
1697723173.879070, 111
1697723173.895829, 111
1697723173.912882, 111
1697723173.930165, 110
1697723173.947427, 111
1697723173.964212, 111
1697723173.981150, 111
1697723173.998213, 111
1697723174.015023, 111
1697723174.032329, 109
1697723174.049332, 110
1697723174.065999, 110
1697723174.083202, 110
1697723174.100264, 110
1697723174.117100, 111
1697723174.134068, 111
1697723174.150753, 111
1697723174.167396, 111
1697723174.184416, 111
1697723174.201131, 111
1697723174.218180, 112
1697723174.234885, 112
1697723174.251594, 111
1697723174.269167, 111
1697723174.285900, 112
1697723174.302559, 112
1697723174.319601, 112
1697723174.336419, 112
1697723174.353398, 112
1697723174.370458, 113
1697723174.387439, 112
1697723174.404599, 111
1697723174.421815, 111
1697723174.438750, 111
1697723174.455677, 111
1697723174.472868, 110
1697723174.489878, 111
1697723174.507029, 111
1697723174.524249, 111
1697723174.540900, 112
1697723174.557782, 112
1697723174.574856, 112
1697723174.591789, 112
1697723174.608597, 112
1697723174.625538, 111
1697723174.642591, 112
1697723174.659314, 113
1697723174.676441, 113
1697723174.693307, 112
1697723174.709856, 112
1697723174.726738, 112
1697723174.743680, 112
1697723174.760315, 113
1697723174.777516, 113
1697723174.794466, 112
1697723174.811620, 112
1697723174.828464, 112
1697723174.845408, 111
1697723174.862479, 111
1697723174.879428, 112
1697723174.896235, 112
1697723174.913205, 112
1697723174.929999, 113
1697723174.946620, 113
1697723174.963727, 113
1697723174.980615, 113
1697723174.997669, 113
1697723175.014807, 113
1697723175.031706, 113
1697723175.048355, 113
1697723175.065311, 113
1697723175.082154, 113
1697723175.098711, 113
1697723175.116319, 114
1697723175.133179, 114
1697723175.150014, 114
1697723175.167464, 114
1697723175.184320, 114
1697723175.201595, 114
1697723175.218988, 114
1697723175.235748, 113
1697723175.253124, 114
1697723175.270174, 114
1697723175.287087, 114
1697723175.303899, 114
1697723175.320793, 115
1697723175.337657, 114
1697723175.355170, 112
1697723175.371674, 113
1697723175.388427, 114
1697723175.405661, 113
1697723175.422269, 114
1697723175.438750, 114
1697723175.455788, 114
1697723175.472666, 114
1697723175.489217, 114
1697723175.506004, 114
1697723175.522775, 114
1697723175.539569, 114
1697723175.557150, 113
1697723175.573876, 114
1697723175.590530, 113
1697723175.607889, 113
1697723175.624525, 114
1697723175.640998, 113
1697723175.658030, 113
1697723175.675055, 113
1697723175.692720, 113
1697723175.709226, 114
1697723175.726200, 115
1697723175.743071, 114
1697723175.759996, 114
1697723175.776757, 114
1697723175.794107, 115
1697723175.810814, 115
1697723175.827486, 115
1697723175.845303, 113
1697723175.861832, 115
1697723175.878553, 114
1697723175.896020, 114
1697723175.912756, 115
1697723175.929599, 115
1697723175.946536, 115
1697723175.963452, 115
1697723175.980120, 114
1697723175.997120, 113
1697723176.013913, 113
1697723176.030736, 114
1697723176.048171, 114
1697723176.064998, 114
1697723176.081964, 113
1697723176.099617, 113
1697723176.116337, 115
1697723176.133025, 115
1697723176.150370, 115
1697723176.167098, 115
1697723176.184229, 114
1697723176.201390, 114
1697723176.218100, 115
1697723176.235326, 115
1697723176.252140, 115
1697723176.269248, 115
1697723176.286643, 115
1697723176.303665, 115
1697723176.320427, 116
1697723176.337752, 115
1697723176.354573, 116
1697723176.371565, 114
1697723176.388878, 114
1697723176.405836, 115
1697723176.422714, 115
1697723176.439700, 114
1697723176.457171, 114
1697723176.473804, 115
1697723176.491685, 115
1697723176.508511, 116
1697723176.525243, 116
1697723176.541862, 115
1697723176.559102, 116
1697723176.576367, 116
1697723176.593145, 116
1697723176.610053, 116
1697723176.627215, 116
1697723176.643922, 116
1697723176.660944, 116
1697723176.678428, 116
1697723176.695344, 116
1697723176.712236, 116
1697723176.729684, 115
1697723176.746598, 115
1697723176.764089, 116
1697723176.781619, 115
1697723176.798262, 114
1697723176.815291, 115
1697723176.832567, 115
1697723176.849212, 115
1697723176.865847, 116
1697723176.882553, 115
1697723176.899439, 116
1697723176.916229, 117
1697723176.933440, 116
1697723176.950324, 117
1697723176.967402, 117
1697723176.984600, 117
1697723177.001614, 117
1697723177.018145, 117
1697723177.035021, 116
1697723177.051826, 116
1697723177.068574, 116
1697723177.085623, 116
1697723177.102284, 117
1697723177.118838, 117
1697723177.136128, 117
1697723177.152961, 116
1697723177.169871, 116
1697723177.187056, 116
1697723177.203843, 116
1697723177.220562, 116
1697723177.237559, 115
1697723177.254064, 116
1697723177.271135, 116
1697723177.287931, 116
1697723177.304793, 118
1697723177.321641, 116
1697723177.338806, 116
1697723177.355619, 117
1697723177.372944, 117
1697723177.389840, 117
1697723177.406615, 118
1697723177.423695, 117
1697723177.440540, 116
1697723177.457448, 116
1697723177.474656, 118
1697723177.491999, 117
1697723177.508711, 118
1697723177.525629, 117
1697723177.542690, 117
1697723177.559631, 118
1697723177.576542, 116
1697723177.593311, 117
1697723177.609828, 117
1697723177.627115, 117
1697723177.643931, 116
1697723177.660922, 116
1697723177.678324, 116
1697723177.695146, 117
1697723177.711718, 118
1697723177.729041, 118
1697723177.745863, 117
1697723177.762742, 118
1697723177.779502, 118
1697723177.796234, 118
1697723177.813371, 118
1697723177.830364, 118
1697723177.847177, 118
1697723177.864645, 117
1697723177.881505, 118
1697723177.898270, 118
1697723177.915706, 118
1697723177.932561, 118
1697723177.949604, 119
1697723177.966683, 118
1697723177.983456, 116
1697723178.000479, 116
1697723178.017154, 117
1697723178.033710, 117
1697723178.050340, 116
1697723178.067139, 117
1697723178.083780, 118
1697723178.100376, 119
1697723178.116999, 118
1697723178.133491, 118
1697723178.150082, 119
1697723178.167210, 119
1697723178.184006, 118
1697723178.201216, 118
1697723178.218103, 119
1697723178.234954, 118
1697723178.251790, 119
1697723178.268517, 118
1697723178.285110, 118
1697723178.302006, 119
1697723178.318599, 119
1697723178.335158, 119
1697723178.352654, 118
1697723178.369376, 119
1697723178.386288, 119
1697723178.403309, 118
1697723178.420190, 118
1697723178.436904, 119
1697723178.453752, 118
1697723178.470517, 118
1697723178.487445, 118
1697723178.504421, 119
1697723178.521291, 118
1697723178.538072, 118
1697723178.555093, 120
1697723178.571801, 119
1697723178.589034, 119
1697723178.605466, 120
1697723178.622112, 120
1697723178.638981, 119
1697723178.655588, 120
1697723178.672113, 120
1697723178.689194, 120
1697723178.705888, 120
1697723178.722705, 119
1697723178.739232, 120
1697723178.755978, 120
1697723178.772723, 120
1697723178.789804, 119
1697723178.806628, 119
1697723178.823480, 119
1697723178.840449, 119
1697723178.857162, 119
1697723178.874482, 118
1697723178.891686, 118
1697723178.908323, 119
1697723178.925077, 119
1697723178.941613, 119
1697723178.958482, 120
1697723178.975409, 120
1697723178.992407, 119
1697723179.009407, 118
1697723179.026421, 118
1697723179.043304, 120
1697723179.059860, 119
1697723179.076400, 118
1697723179.093064, 119
1697723179.109754, 119
1697723179.126877, 119
1697723179.143506, 120
1697723179.160068, 120
1697723179.177294, 119
1697723179.194012, 118
1697723179.210961, 118
1697723179.228200, 118
1697723179.244870, 117
1697723179.261361, 118
1697723179.278233, 119
1697723179.295084, 118
1697723179.312493, 118
1697723179.329127, 119
1697723179.346016, 119
1697723179.363085, 119
1697723179.380068, 119
1697723179.396673, 119
1697723179.413568, 119
1697723179.430387, 118
1697723179.447068, 118
1697723179.464087, 118
1697723179.480820, 118
1697723179.497777, 118
1697723179.514894, 117
1697723179.531557, 117
1697723179.548432, 116
1697723179.565321, 116
1697723179.582134, 108
1697723179.598667, 101
1697723179.615422, 94
1697723179.632101, 88
1697723179.648729, 80
1697723179.665813, 74
1697723179.682684, 68
1697723179.699236, 60
1697723179.715868, 56
1697723179.732960, 58
1697723179.750346, 58
1697723179.767196, 58
1697723179.784176, 58
1697723179.800982, 58
1697723179.818005, 57
1697723179.835015, 58
1697723179.852133, 57
1697723179.869071, 57
1697723179.886097, 57
1697723179.903271, 57
1697723179.920271, 57
1697723179.937054, 57
1697723179.954371, 58
1697723179.971217, 59
1697723179.988083, 57
1697723180.005265, 58
1697723180.022213, 59
1697723180.038553, 58
1697723180.055243, 58
1697723180.072009, 58
1697723180.088590, 58
1697723180.105479, 58
1697723180.122179, 58
1697723180.139639, 57
1697723180.156799, 57
1697723180.173683, 58
1697723180.191185, 58
1697723180.207926, 58
1697723180.224911, 59
1697723180.241913, 60
1697723180.258817, 59
1697723180.275923, 60
1697723180.293024, 60
1697723180.309922, 60
1697723180.326872, 60
1697723180.343623, 60
1697723180.360441, 59
1697723180.377220, 58
1697723180.394479, 58
1697723180.411176, 58
1697723180.428239, 59
1697723180.445402, 59
1697723180.462307, 59
1697723180.478864, 57
1697723180.496345, 61
1697723180.513225, 60
1697723180.529859, 60
1697723180.546799, 61
1697723180.563573, 61
1697723180.580396, 61
1697723180.597355, 61
1697723180.613853, 61
1697723180.630898, 60
1697723180.647623, 59
1697723180.664544, 59
1697723180.681112, 60
1697723180.697762, 58
1697723180.714272, 59
1697723180.731234, 59
1697723180.747920, 59
1697723180.764688, 61
1697723180.781706, 61
1697723180.798320, 61
1697723180.815098, 62
1697723180.831953, 62
1697723180.848490, 61
1697723180.865164, 61
1697723180.882247, 62
1697723180.898952, 62
1697723180.915377, 60
1697723180.932433, 60
1697723180.949178, 61
1697723180.966489, 60
1697723180.983231, 61
1697723181.000165, 61
1697723181.017402, 60
1697723181.034257, 62
1697723181.051307, 62
1697723181.068378, 62
1697723181.085273, 62
1697723181.101907, 62
1697723181.118882, 61
1697723181.135466, 63
1697723181.152090, 63
1697723181.169046, 63
1697723181.185759, 61
1697723181.202070, 61
1697723181.219065, 62
1697723181.235739, 61
1697723181.252533, 61
1697723181.269035, 61
1697723181.285821, 61
1697723181.303042, 63
1697723181.320256, 63
1697723181.336897, 62
1697723181.353601, 62
1697723181.370522, 63
1697723181.387224, 62
1697723181.404345, 62
1697723181.421230, 63
1697723181.437956, 63
1697723181.455211, 63
1697723181.472220, 62
1697723181.489381, 62
1697723181.506673, 62
1697723181.523353, 63
1697723181.540005, 63
1697723181.556514, 62
1697723181.573297, 64
1697723181.589831, 64
1697723181.606835, 64
1697723181.623616, 64
1697723181.640050, 64
1697723181.656775, 64
1697723181.673570, 64
1697723181.690191, 64
1697723181.707054, 64
1697723181.723765, 62
1697723181.740953, 63
1697723181.758034, 63
1697723181.775072, 63
1697723181.792335, 63
1697723181.809042, 64
1697723181.825669, 64
1697723181.842803, 64
1697723181.859329, 64
1697723181.875976, 65
1697723181.893393, 65
1697723181.910217, 65
1697723181.927003, 65
1697723181.944140, 64
1697723181.960983, 64
1697723181.977428, 64
1697723181.994731, 64
1697723182.011403, 64
1697723182.028275, 64
1697723182.044748, 63
1697723182.061538, 64
1697723182.078356, 64
1697723182.095392, 64
1697723182.111979, 64
1697723182.129007, 66
1697723182.145643, 66
1697723182.162191, 65
1697723182.178789, 65
1697723182.195827, 66
1697723182.212495, 65
1697723182.229253, 66
1697723182.245723, 65
1697723182.262289, 65
1697723182.279032, 65
1697723182.295850, 64
1697723182.312327, 64
1697723182.329110, 65
1697723182.345591, 65
1697723182.362283, 65
1697723182.379233, 66
1697723182.396132, 65
1697723182.413056, 66
1697723182.430207, 65
1697723182.447114, 67
1697723182.463955, 67
1697723182.481131, 67
1697723182.498094, 67
1697723182.515206, 67
1697723182.531686, 67
1697723182.548398, 66
1697723182.565550, 65
1697723182.582271, 65
1697723182.598950, 65
1697723182.615721, 66
1697723182.632346, 65
1697723182.649146, 65
1697723182.665880, 66
1697723182.682710, 66
1697723182.699518, 66
1697723182.716522, 66
1697723182.733478, 67
1697723182.750186, 67
1697723182.766999, 67
1697723182.783712, 67
1697723182.801019, 68
1697723182.817836, 68
1697723182.834777, 67
1697723182.852146, 67
1697723182.868961, 66
1697723182.885743, 67
1697723182.903349, 67
1697723182.920077, 67
1697723182.936719, 67
1697723182.953901, 67
1697723182.970648, 68
1697723182.987346, 68
1697723183.004204, 67
1697723183.020967, 67
1697723183.037769, 68
1697723183.054368, 68
1697723183.071111, 68
1697723183.087778, 68
1697723183.104508, 68
1697723183.121001, 68
1697723183.137556, 68
1697723183.154826, 68
1697723183.171741, 67
1697723183.189241, 67
1697723183.205912, 68
1697723183.222720, 68
1697723183.240127, 68
1697723183.257100, 68
1697723183.273998, 69
1697723183.291542, 69
1697723183.308544, 69
1697723183.325313, 69
1697723183.342600, 69
1697723183.359581, 69
1697723183.376389, 69
1697723183.393316, 69
1697723183.410070, 69
1697723183.426918, 68
1697723183.443935, 68
1697723183.460852, 68
1697723183.477626, 67
1697723183.494621, 68
1697723183.511322, 68
1697723183.528302, 68
1697723183.545024, 70
1697723183.561782, 70
1697723183.578803, 70
1697723183.595488, 70
1697723183.612311, 70
1697723183.629315, 69
1697723183.645852, 70
1697723183.662709, 69
1697723183.679824, 70
1697723183.696490, 70
1697723183.712941, 69
1697723183.729974, 68
1697723183.746620, 69
1697723183.763322, 69
1697723183.779861, 69
1697723183.796864, 70
1697723183.813707, 68
1697723183.831066, 69
1697723183.848051, 70
1697723183.864851, 71
1697723183.882051, 71
1697723183.899005, 71
1697723183.915845, 71
1697723183.932476, 71
1697723183.949307, 71
1697723183.966097, 70
1697723183.982729, 70
1697723183.999454, 69
1697723184.017042, 70
1697723184.034404, 70
1697723184.051234, 69
1697723184.068759, 70
1697723184.085795, 70
1697723184.102570, 70
1697723184.119747, 71
1697723184.136625, 71
1697723184.153293, 70
1697723184.170731, 71
1697723184.187299, 71
1697723184.204052, 71
1697723184.220959, 72
1697723184.237781, 71
1697723184.254405, 72
1697723184.271112, 72
1697723184.287894, 71
1697723184.304648, 70
1697723184.321701, 71
1697723184.338724, 70
1697723184.355285, 71
1697723184.372548, 71
1697723184.389397, 72
1697723184.406120, 71
1697723184.422894, 72
1697723184.439282, 73
1697723184.456188, 73
1697723184.472917, 72
1697723184.490031, 72
1697723184.507033, 72
1697723184.523802, 72
1697723184.540523, 71
1697723184.557188, 72
1697723184.573868, 73
1697723184.590621, 72
1697723184.607520, 72
1697723184.624219, 72
1697723184.641185, 72
1697723184.658014, 72
1697723184.674786, 71
1697723184.691295, 71
1697723184.708482, 72
1697723184.725412, 72
1697723184.741992, 73
1697723184.759313, 73
1697723184.776195, 74
1697723184.792887, 73
1697723184.809387, 73
1697723184.826037, 74
1697723184.842713, 72
1697723184.859720, 73
1697723184.876611, 73
1697723184.893669, 72
1697723184.910644, 72
1697723184.927345, 73
1697723184.944742, 72
1697723184.961883, 72
1697723184.978867, 73
1697723184.996068, 73
1697723185.012892, 74
1697723185.029584, 74
1697723185.046179, 74
1697723185.063082, 74
1697723185.079677, 74
1697723185.096670, 74
1697723185.113399, 72
1697723185.130196, 74
1697723185.147494, 75
1697723185.164349, 75
1697723185.181630, 73
1697723185.198821, 74
1697723185.215443, 73
1697723185.232669, 73
1697723185.249476, 74
1697723185.266345, 74
1697723185.283703, 73
1697723185.300678, 74
1697723185.317490, 74
1697723185.334348, 74
1697723185.350755, 74
1697723185.367725, 75
1697723185.385037, 74
1697723185.401874, 75
1697723185.418357, 75
1697723185.435059, 75
1697723185.451831, 75
1697723185.468641, 75
1697723185.485611, 73
1697723185.502245, 73
1697723185.518916, 73
1697723185.535947, 74
1697723185.552597, 74
1697723185.569124, 74
1697723185.586436, 75
1697723185.603206, 75
1697723185.619681, 75
1697723185.636677, 76
1697723185.653412, 75
1697723185.670381, 74
1697723185.687186, 76
1697723185.703987, 75
1697723185.720920, 76
1697723185.737642, 76
1697723185.754348, 76
1697723185.771593, 76
1697723185.788462, 75
1697723185.805305, 74
1697723185.822933, 75
1697723185.839868, 75
1697723185.856669, 75
1697723185.873616, 75
1697723185.890500, 75
1697723185.907271, 77
1697723185.924088, 76
1697723185.940813, 75
1697723185.957816, 77
1697723185.975058, 77
1697723185.992133, 76
1697723186.008943, 77
1697723186.025963, 76
1697723186.042877, 75
1697723186.059477, 75
1697723186.076356, 76
1697723186.093027, 75
1697723186.109757, 76
1697723186.126682, 76
1697723186.143497, 75
1697723186.160147, 76
1697723186.177187, 76
1697723186.194081, 75
1697723186.210977, 76
1697723186.227833, 76
1697723186.244624, 76
1697723186.261868, 77
1697723186.278714, 77
1697723186.295749, 78
1697723186.312994, 77
1697723186.329890, 77
1697723186.346627, 78
1697723186.363832, 78
1697723186.380597, 77
1697723186.397425, 77
1697723186.414112, 77
1697723186.430938, 76
1697723186.447729, 76
1697723186.465088, 76
1697723186.481865, 77
1697723186.498855, 77
1697723186.515991, 77
1697723186.532960, 78
1697723186.549607, 78
1697723186.566465, 78
1697723186.583310, 77
1697723186.599983, 77
1697723186.616632, 77
1697723186.633492, 77
1697723186.650146, 78
1697723186.667392, 78
1697723186.684388, 78
1697723186.701548, 76
1697723186.718162, 78
1697723186.734771, 77
1697723186.751921, 77
1697723186.768638, 78
1697723186.785394, 78
1697723186.802595, 77
1697723186.819700, 78
1697723186.836619, 79
1697723186.853274, 78
1697723186.869942, 78
1697723186.886142, 79
1697723186.902542, 78
1697723186.919427, 79
1697723186.935872, 79
1697723186.952715, 78
1697723186.969201, 79
1697723186.985893, 79
1697723187.003389, 77
1697723187.019887, 77
1697723187.036975, 78
1697723187.054320, 78
1697723187.070971, 77
1697723187.088282, 77
1697723187.104926, 78
1697723187.121563, 78
1697723187.138173, 79
1697723187.155180, 80
1697723187.172148, 79
1697723187.189709, 78
1697723187.206450, 80
1697723187.223096, 80
1697723187.240209, 79
1697723187.256819, 79
1697723187.273382, 80
1697723187.290678, 80
1697723187.307523, 80
1697723187.324408, 79
1697723187.341762, 78
1697723187.358643, 78
1697723187.375309, 79
1697723187.392379, 78
1697723187.409032, 79
1697723187.425638, 79
1697723187.442724, 79
1697723187.459712, 80
1697723187.476442, 80
1697723187.493178, 81
1697723187.510032, 80
1697723187.526846, 81
1697723187.543895, 80
1697723187.560397, 80
1697723187.576968, 80
1697723187.594311, 81
1697723187.610759, 81
1697723187.627237, 79
1697723187.644182, 80
1697723187.660975, 79
1697723187.678309, 78
1697723187.695040, 79
1697723187.711706, 79
1697723187.728728, 79
1697723187.745477, 80
1697723187.762374, 81
1697723187.779270, 81
1697723187.796006, 81
1697723187.812604, 81
1697723187.829774, 80
1697723187.846675, 80
1697723187.863510, 81
1697723187.880925, 81
1697723187.897825, 81
1697723187.914710, 82
1697723187.931748, 82
1697723187.948930, 80
1697723187.965795, 81
1697723187.983072, 81
1697723188.000197, 80
1697723188.016826, 81
1697723188.033462, 81
1697723188.050054, 80
1697723188.067268, 80
1697723188.083957, 81
1697723188.100992, 82
1697723188.118214, 82
1697723188.135081, 82
1697723188.152025, 81
1697723188.169468, 82
1697723188.186636, 82
1697723188.204072, 81
1697723188.221657, 82
1697723188.238522, 82
1697723188.255574, 82
1697723188.272807, 80
1697723188.290058, 80
1697723188.306735, 82
1697723188.324080, 82
1697723188.340960, 82
1697723188.357620, 82
1697723188.374783, 81
1697723188.391719, 81
1697723188.408376, 82
1697723188.425465, 82
1697723188.442088, 82
1697723188.458653, 83
1697723188.475859, 83
1697723188.493047, 82
1697723188.509815, 83
1697723188.526787, 83
1697723188.543666, 82
1697723188.560263, 83
1697723188.577173, 81
1697723188.593906, 81
1697723188.610685, 82
1697723188.627857, 82
1697723188.644581, 81
1697723188.661920, 81
1697723188.678795, 81
1697723188.695484, 82
1697723188.712201, 83
1697723188.728709, 83
1697723188.745288, 84
1697723188.762609, 84
1697723188.779535, 84
1697723188.796287, 84
1697723188.812998, 84
1697723188.829514, 84
1697723188.846130, 84
1697723188.863362, 83
1697723188.879933, 82
1697723188.896742, 83
1697723188.913951, 82
1697723188.930642, 82
1697723188.947986, 83
1697723188.965027, 83
1697723188.981908, 82
1697723188.999279, 83
1697723189.016012, 83
1697723189.032924, 83
1697723189.050231, 84
1697723189.067004, 84
1697723189.083815, 83
1697723189.100944, 84
1697723189.117911, 84
1697723189.134451, 84
1697723189.151454, 85
1697723189.168411, 85
1697723189.185081, 85
1697723189.202134, 83
1697723189.218913, 85
1697723189.235462, 83
1697723189.252656, 83
1697723189.269445, 84
1697723189.286365, 84
1697723189.303579, 83
1697723189.320629, 83
1697723189.337558, 84
1697723189.354378, 84
1697723189.371364, 85
1697723189.388798, 85
1697723189.405689, 84
1697723189.422522, 84
1697723189.439821, 84
1697723189.456577, 84
1697723189.473450, 84
1697723189.490802, 85
1697723189.507516, 85
1697723189.524149, 84
1697723189.541033, 84
1697723189.557811, 83
1697723189.574883, 84
1697723189.592062, 85
1697723189.608956, 85
1697723189.625818, 84
1697723189.642842, 85
1697723189.659391, 84
1697723189.676759, 85
1697723189.693895, 86
1697723189.710818, 86
1697723189.727713, 86
1697723189.744312, 86
1697723189.761060, 86
1697723189.778235, 86
1697723189.795065, 85
1697723189.812080, 86
1697723189.829229, 86
1697723189.846228, 86
1697723189.863162, 86
1697723189.881246, 85
1697723189.898056, 85
1697723189.914601, 85
1697723189.931532, 85
1697723189.948233, 85
1697723189.964722, 83
1697723189.982008, 85
1697723189.998727, 85
1697723190.016073, 86
1697723190.032923, 87
1697723190.049819, 87
1697723190.066792, 86
1697723190.084017, 86
1697723190.100850, 86
1697723190.118081, 86
1697723190.134646, 87
1697723190.151407, 87
1697723190.168963, 86
1697723190.185919, 86
1697723190.202666, 85
1697723190.219748, 85
1697723190.236701, 86
1697723190.253866, 86
1697723190.271124, 86
1697723190.288248, 85
1697723190.305672, 86
1697723190.323364, 87
1697723190.340252, 86
1697723190.356934, 86
1697723190.373620, 86
1697723190.390629, 86
1697723190.407213, 87
1697723190.424502, 87
1697723190.441423, 87
1697723190.458494, 88
1697723190.475791, 88
1697723190.492828, 88
1697723190.510059, 87
1697723190.526858, 88
1697723190.543784, 87
1697723190.560824, 86
1697723190.577842, 87
1697723190.594768, 87
1697723190.612150, 87
1697723190.628820, 87
1697723190.645826, 87
1697723190.662421, 87
1697723190.679098, 87
1697723190.696030, 87
1697723190.712626, 88
1697723190.729289, 88
1697723190.746051, 88
1697723190.763498, 88
1697723190.780175, 89
1697723190.796932, 88
1697723190.813896, 88
1697723190.830598, 87
1697723190.847406, 88
1697723190.864797, 87
1697723190.881444, 86
1697723190.898380, 88
1697723190.915365, 88
1697723190.932351, 87
1697723190.949916, 88
1697723190.966695, 88
1697723190.983489, 88
1697723191.000447, 88
1697723191.016973, 89
1697723191.033668, 89
1697723191.050505, 89
1697723191.067119, 89
1697723191.083905, 89
1697723191.100897, 88
1697723191.117668, 88
1697723191.134320, 89
1697723191.150829, 88
1697723191.167537, 88
1697723191.183995, 88
1697723191.200999, 88
1697723191.217694, 88
1697723191.234515, 88
1697723191.251886, 88
1697723191.268377, 89
1697723191.285221, 88
1697723191.302452, 88
1697723191.319334, 88
1697723191.336157, 90
1697723191.352631, 90
1697723191.369663, 90
1697723191.386522, 90
1697723191.403311, 90
1697723191.420167, 90
1697723191.437244, 88
1697723191.454067, 90
1697723191.470579, 89
1697723191.487793, 89
1697723191.504867, 90
1697723191.521657, 90
1697723191.539061, 88
1697723191.555702, 89
1697723191.572349, 89
1697723191.588753, 88
1697723191.605682, 89
1697723191.622175, 89
1697723191.639165, 89
1697723191.655974, 90
1697723191.673485, 90
1697723191.690208, 90
1697723191.706972, 90
1697723191.724219, 90
1697723191.740857, 90
1697723191.757979, 90
1697723191.775208, 90
1697723191.792020, 91
1697723191.809048, 90
1697723191.826419, 91
1697723191.843255, 91
1697723191.860238, 91
1697723191.877515, 90
1697723191.894300, 90
1697723191.911219, 90
1697723191.928666, 90
1697723191.945283, 90
1697723191.962170, 90
1697723191.979010, 90
1697723191.996073, 91
1697723192.012721, 91
1697723192.029861, 91
1697723192.046751, 90
1697723192.063475, 90
1697723192.080410, 91
1697723192.097457, 91
1697723192.114463, 91
1697723192.132075, 90
1697723192.148838, 91
1697723192.165759, 91
1697723192.183258, 91
1697723192.199763, 90
1697723192.217247, 89
1697723192.234214, 89
1697723192.251061, 90
1697723192.268346, 91
1697723192.285342, 91
1697723192.301895, 90
1697723192.318998, 90
1697723192.335991, 91
1697723192.352957, 91
1697723192.369573, 92
1697723192.386570, 92
1697723192.403388, 92
1697723192.420389, 92
1697723192.437411, 92
1697723192.454252, 91
1697723192.471588, 92
1697723192.488654, 92
1697723192.505165, 92
1697723192.522157, 93
1697723192.538819, 92
1697723192.555291, 91
1697723192.573181, 91
1697723192.589842, 91
1697723192.606651, 91
1697723192.623920, 92
1697723192.640618, 91
1697723192.657262, 91
1697723192.673921, 92
1697723192.690846, 91
1697723192.708186, 92
1697723192.725122, 92
1697723192.741816, 93
1697723192.759186, 93
1697723192.776083, 93
1697723192.792893, 92
1697723192.810460, 93
1697723192.827381, 93
1697723192.844521, 93
1697723192.861639, 93
1697723192.878474, 93
1697723192.895285, 91
1697723192.912502, 92
1697723192.929247, 92
1697723192.945843, 93
1697723192.962818, 92
1697723192.979744, 92
1697723192.996624, 92
1697723193.013513, 93
1697723193.030444, 92
1697723193.046954, 93
1697723193.063521, 93
1697723193.080425, 93
1697723193.097944, 93
1697723193.114574, 94
1697723193.131134, 93
1697723193.147693, 93
1697723193.164797, 94
1697723193.181598, 92
1697723193.198810, 93
1697723193.215595, 94
1697723193.232217, 93
1697723193.249411, 93
1697723193.266013, 93
1697723193.282985, 93
1697723193.299947, 93
1697723193.316880, 93
1697723193.333953, 92
1697723193.351021, 93
1697723193.368112, 94
1697723193.385139, 93
1697723193.402606, 94
1697723193.419542, 93
1697723193.436434, 94
1697723193.453752, 94
1697723193.470397, 94
1697723193.487406, 94
1697723193.504591, 94
1697723193.521611, 94
1697723193.539379, 94
1697723193.556579, 94
1697723193.573462, 94
1697723193.590965, 93
1697723193.608232, 93
1697723193.625079, 92
1697723193.642058, 93
1697723193.658831, 93
1697723193.675668, 94
1697723193.693065, 94
1697723193.710050, 95
1697723193.726815, 95
1697723193.744195, 95
1697723193.761047, 94
1697723193.778084, 95
1697723193.795290, 95
1697723193.812060, 95
1697723193.828799, 94
1697723193.845819, 94
1697723193.862917, 94
1697723193.879591, 95
1697723193.896525, 95
1697723193.913182, 95
1697723193.929655, 94
1697723193.946132, 94
1697723193.962915, 94
1697723193.979563, 95
1697723193.996535, 95
1697723194.013422, 93
1697723194.030769, 93
1697723194.047638, 94
1697723194.064503, 95
1697723194.082061, 95
1697723194.098650, 96
1697723194.115345, 96
1697723194.132411, 96
1697723194.149058, 95
1697723194.165771, 96
1697723194.183038, 96
1697723194.200039, 96
1697723194.216786, 95
1697723194.233998, 96
1697723194.250873, 96
1697723194.267965, 95
1697723194.285305, 95
1697723194.301929, 95
1697723194.318726, 95
1697723194.336018, 95
1697723194.352865, 94
1697723194.370007, 96
1697723194.387414, 95
1697723194.404280, 96
1697723194.421167, 96
1697723194.438449, 96
1697723194.455261, 95
1697723194.472147, 97
1697723194.489619, 96
1697723194.506475, 96
1697723194.523067, 97
1697723194.540313, 96
1697723194.557433, 96
1697723194.574558, 97
1697723194.591898, 96
1697723194.608747, 96
1697723194.625490, 96
1697723194.642947, 95
1697723194.659858, 96
1697723194.676790, 96
1697723194.693571, 95
1697723194.711156, 96
1697723194.728218, 96
1697723194.744966, 96
1697723194.761938, 96
1697723194.779243, 97
1697723194.795767, 97
1697723194.812337, 96
1697723194.829411, 96
1697723194.846072, 98
1697723194.862859, 97
1697723194.879621, 97
1697723194.896309, 96
1697723194.912906, 97
1697723194.929899, 97
1697723194.946731, 97
1697723194.963177, 98
1697723194.980221, 97
1697723194.997144, 96
1697723195.013725, 97
1697723195.030451, 96
1697723195.047361, 95
1697723195.064559, 96
1697723195.081137, 96
1697723195.097874, 97
1697723195.115112, 98
1697723195.131900, 98
1697723195.148644, 97
1697723195.165846, 98
1697723195.182550, 98
1697723195.199012, 96
1697723195.215949, 97
1697723195.232811, 97
1697723195.249712, 98
1697723195.267031, 98
1697723195.283766, 98
1697723195.300517, 97
1697723195.317833, 97
1697723195.334447, 99
1697723195.351111, 97
1697723195.368121, 97
1697723195.384988, 97
1697723195.402375, 97
1697723195.419300, 96
1697723195.436202, 97
1697723195.453586, 98
1697723195.470556, 98
1697723195.487360, 98
1697723195.505034, 98
1697723195.522111, 98
1697723195.539150, 98
1697723195.556073, 100
1697723195.573297, 99
1697723195.590308, 100
1697723195.607600, 100
1697723195.624402, 99
1697723195.641354, 100
1697723195.658688, 100
1697723195.675408, 99
1697723195.692157, 99
1697723195.708802, 98
1697723195.725748, 98
1697723195.742766, 98
1697723195.759649, 99
1697723195.776489, 99
1697723195.793365, 98
1697723195.810329, 98
1697723195.827269, 100
1697723195.843984, 99
1697723195.861036, 99
1697723195.878169, 100
1697723195.895442, 99
1697723195.912636, 98
1697723195.929196, 98
1697723195.946417, 99
1697723195.963252, 99
1697723195.979967, 99
1697723195.997091, 100
1697723196.014223, 99
1697723196.031151, 98
1697723196.048187, 99
1697723196.065164, 98
1697723196.082130, 99
1697723196.099192, 99
1697723196.115963, 98
1697723196.132721, 98
1697723196.149893, 98
1697723196.166861, 98
1697723196.183734, 100
1697723196.200953, 100
1697723196.217791, 100
1697723196.234251, 99
1697723196.251120, 100
1697723196.268001, 100
1697723196.284907, 99
1697723196.302483, 100
1697723196.319406, 101
1697723196.336498, 100
1697723196.353014, 100
1697723196.369890, 101
1697723196.386849, 100
1697723196.403836, 100
1697723196.420473, 100
1697723196.437563, 99
1697723196.454042, 99
1697723196.470562, 99
1697723196.488127, 100
1697723196.505054, 99
1697723196.522045, 99
1697723196.539061, 101
1697723196.556037, 100
1697723196.572928, 101
1697723196.589946, 101
1697723196.606681, 100
1697723196.623428, 100
1697723196.640402, 100
1697723196.657418, 100
1697723196.674033, 101
1697723196.690853, 101
1697723196.707548, 100
1697723196.724062, 100
1697723196.741090, 101
1697723196.757816, 101
1697723196.775771, 99
1697723196.792991, 100
1697723196.809863, 100
1697723196.827068, 100
1697723196.843890, 99
1697723196.860806, 100
1697723196.878013, 100
1697723196.894715, 100
1697723196.911499, 102
1697723196.928149, 101
1697723196.944798, 101
1697723196.961533, 102
1697723196.978567, 102
1697723196.995479, 101
1697723197.012144, 100
1697723197.029455, 101
1697723197.046264, 101
1697723197.063072, 101
1697723197.079984, 102
1697723197.096506, 102
1697723197.113629, 102
1697723197.130386, 102
1697723197.147365, 100
1697723197.164339, 101
1697723197.181169, 100
1697723197.197662, 100
1697723197.214882, 100
1697723197.231751, 101
1697723197.248606, 101
1697723197.265705, 101
1697723197.282605, 101
1697723197.299475, 101
1697723197.316219, 101
1697723197.332963, 102
1697723197.349753, 103
1697723197.366921, 103
1697723197.383823, 102
1697723197.400779, 102
1697723197.418035, 102
1697723197.435064, 102
1697723197.452406, 103
1697723197.469041, 103
1697723197.486096, 102
1697723197.503901, 102
1697723197.520816, 102
1697723197.537413, 102
1697723197.554462, 101
1697723197.571100, 102
1697723197.588120, 101
1697723197.605281, 101
1697723197.622011, 101
1697723197.638556, 102
1697723197.655690, 103
1697723197.672506, 103
1697723197.689282, 103
1697723197.706436, 101
1697723197.723416, 103
1697723197.740050, 103
1697723197.757084, 102
1697723197.773820, 103
1697723197.791082, 103
1697723197.807725, 103
1697723197.824413, 102
1697723197.842075, 104
1697723197.858666, 103
1697723197.875258, 102
1697723197.892181, 102
1697723197.909131, 102
1697723197.925853, 102
1697723197.942781, 103
1697723197.959404, 103
1697723197.976292, 103
1697723197.993299, 103
1697723198.010099, 104
1697723198.026939, 103
1697723198.043806, 102
1697723198.060531, 103
1697723198.077124, 103
1697723198.094207, 103
1697723198.111104, 104
1697723198.127652, 104
1697723198.144589, 104
1697723198.161405, 104
1697723198.178173, 104
1697723198.195360, 103
1697723198.212267, 104
1697723198.229490, 104
1697723198.247135, 102
1697723198.263911, 102
1697723198.280807, 102
1697723198.297509, 102
1697723198.314541, 103
1697723198.331649, 103
1697723198.348526, 103
1697723198.365220, 104
1697723198.381849, 105
1697723198.398772, 105
1697723198.415727, 104
1697723198.432554, 104
1697723198.449252, 104
1697723198.465947, 104
1697723198.482784, 105
1697723198.499722, 105
1697723198.516320, 105
1697723198.533489, 104
1697723198.550059, 105
1697723198.566625, 104
1697723198.583394, 104
1697723198.600237, 104
1697723198.617616, 103
1697723198.634497, 104
1697723198.651380, 104
1697723198.668270, 104
1697723198.685054, 104
1697723198.701764, 104
1697723198.718818, 104
1697723198.735756, 104
1697723198.752822, 105
1697723198.769845, 105
1697723198.786511, 105
1697723198.803449, 105
1697723198.820207, 105
1697723198.836938, 104
1697723198.853567, 105
1697723198.870046, 105
1697723198.886768, 106
1697723198.903644, 105
1697723198.920784, 105
1697723198.937300, 106
1697723198.953801, 105
1697723198.970808, 106
1697723198.987516, 105
1697723199.004883, 105
1697723199.021546, 104
1697723199.038198, 105
1697723199.055633, 104
1697723199.072433, 104
1697723199.089384, 105
1697723199.106112, 104
1697723199.122559, 105
1697723199.139168, 106
1697723199.155718, 105
1697723199.172661, 105
1697723199.189400, 106
1697723199.206525, 106
1697723199.223349, 105
1697723199.240235, 105
1697723199.256938, 106
1697723199.273584, 105
1697723199.290027, 105
1697723199.306677, 106
1697723199.323517, 105
1697723199.340727, 105
1697723199.357529, 105
1697723199.374408, 105
1697723199.391400, 105
1697723199.407910, 106
1697723199.424633, 106
1697723199.441731, 105
1697723199.458335, 106
1697723199.474915, 106
1697723199.491602, 106
1697723199.508218, 105
1697723199.524776, 107
1697723199.542230, 106
1697723199.558777, 106
1697723199.575336, 107
1697723199.592460, 107
1697723199.609196, 106
1697723199.626415, 107
1697723199.643112, 107
1697723199.659777, 106
1697723199.676379, 106
1697723199.693227, 107
1697723199.709721, 106
1697723199.726822, 107
1697723199.743560, 106
1697723199.760330, 106
1697723199.777402, 105
1697723199.794396, 106
1697723199.811297, 106
1697723199.828141, 105
1697723199.844626, 106
1697723199.861200, 107
1697723199.878009, 106
1697723199.894656, 106
1697723199.911163, 107
1697723199.927964, 106
1697723199.944959, 108
1697723199.962095, 108
