1697725264.757185, 0
1697725264.774276, 0
1697725264.791299, 0
1697725264.807883, 2
1697725264.825786, 8
1697725264.842563, 7
1697725264.859429, 12
1697725264.876001, 16
1697725264.892771, 19
1697725264.909485, 24
1697725264.926270, 27
1697725264.943517, 31
1697725264.960248, 36
1697725264.977357, 40
1697725264.994250, 44
1697725265.010859, 47
1697725265.027493, 53
1697725265.044647, 59
1697725265.061531, 66
1697725265.078557, 70
1697725265.095257, 74
1697725265.111558, 79
1697725265.127971, 84
1697725265.144695, 88
1697725265.161574, 93
1697725265.178729, 99
1697725265.196148, 100
1697725265.213203, 100
1697725265.230074, 100
1697725265.246888, 100
1697725265.264343, 100
1697725265.281019, 100
1697725265.298315, 100
1697725265.315761, 100
1697725265.332543, 100
1697725265.349337, 100
1697725265.366473, 99
1697725265.383811, 100
1697725265.400514, 100
1697725265.417258, 100
1697725265.434221, 100
1697725265.450961, 100
1697725265.468384, 99
1697725265.485249, 100
1697725265.501751, 100
1697725265.518741, 100
1697725265.535409, 100
1697725265.553317, 100
1697725265.570762, 99
1697725265.587574, 100
1697725265.604725, 100
1697725265.621658, 99
1697725265.638335, 100
1697725265.655704, 100
1697725265.672655, 99
1697725265.689548, 100
1697725265.706730, 100
1697725265.723696, 99
1697725265.740965, 99
1697725265.758177, 100
1697725265.774970, 100
1697725265.792190, 99
1697725265.809396, 100
1697725265.826375, 100
1697725265.843496, 99
1697725265.860433, 100
1697725265.877463, 100
1697725265.894288, 99
1697725265.911399, 99
1697725265.928819, 99
1697725265.946082, 100
1697725265.963208, 100
1697725265.980211, 100
1697725265.997106, 100
1697725266.014095, 100
1697725266.030939, 100
1697725266.047807, 100
1697725266.064672, 97
1697725266.082852, 98
1697725266.100203, 100
1697725266.116975, 99
1697725266.133742, 99
1697725266.150740, 100
1697725266.167598, 98
1697725266.184503, 100
1697725266.201672, 99
1697725266.218650, 99
1697725266.235428, 98
1697725266.252671, 100
1697725266.269669, 100
1697725266.286767, 98
1697725266.304181, 99
1697725266.320763, 99
1697725266.337901, 97
1697725266.355372, 96
1697725266.372094, 96
1697725266.388739, 98
1697725266.405156, 99
1697725266.421807, 100
1697725266.438462, 95
1697725266.455624, 95
1697725266.472561, 95
1697725266.489369, 95
1697725266.506938, 93
1697725266.523821, 94
1697725266.540382, 93
1697725266.557683, 96
1697725266.574666, 99
1697725266.591940, 99
1697725266.608588, 95
1697725266.625438, 95
1697725266.642472, 96
1697725266.659365, 95
1697725266.676022, 95
1697725266.692891, 95
1697725266.709684, 96
1697725266.726788, 98
1697725266.744025, 99
1697725266.760728, 99
1697725266.777838, 96
1697725266.794831, 95
1697725266.811549, 97
1697725266.828182, 95
1697725266.845057, 95
1697725266.861938, 96
1697725266.878892, 95
1697725266.895867, 99
1697725266.912686, 97
1697725266.929229, 95
1697725266.946384, 90
1697725266.963139, 86
1697725266.980582, 80
1697725266.997345, 74
1697725267.014111, 70
1697725267.031445, 64
1697725267.048476, 59
1697725267.065334, 60
1697725267.082447, 58
1697725267.099169, 58
1697725267.115899, 59
1697725267.132534, 61
1697725267.149419, 62
1697725267.166370, 56
1697725267.184036, 50
1697725267.201544, 43
1697725267.218884, 35
1697725267.235857, 33
1697725267.252795, 31
1697725267.269663, 33
1697725267.287014, 33
1697725267.303709, 33
1697725267.320241, 34
1697725267.337643, 34
1697725267.354348, 34
1697725267.370888, 34
1697725267.388035, 34
1697725267.405025, 33
1697725267.421841, 34
1697725267.438965, 34
1697725267.455262, 34
1697725267.472238, 34
1697725267.488912, 35
1697725267.505614, 35
1697725267.522520, 35
1697725267.539261, 35
1697725267.555701, 35
1697725267.572402, 34
1697725267.589300, 35
1697725267.605893, 35
1697725267.622785, 34
1697725267.639447, 34
1697725267.656341, 35
1697725267.673185, 36
1697725267.690441, 35
1697725267.707621, 36
1697725267.724835, 36
1697725267.741500, 35
1697725267.758916, 36
1697725267.775696, 36
1697725267.792506, 35
1697725267.809756, 36
1697725267.826488, 36
1697725267.842963, 36
1697725267.859767, 36
1697725267.876242, 37
1697725267.893010, 36
1697725267.910826, 36
1697725267.927902, 37
1697725267.944680, 37
1697725267.961488, 35
1697725267.978014, 37
1697725267.994842, 37
1697725268.011967, 36
1697725268.028876, 37
1697725268.045649, 38
1697725268.062642, 38
1697725268.079394, 38
1697725268.096183, 38
1697725268.113554, 37
1697725268.130313, 38
1697725268.147601, 38
1697725268.164767, 38
1697725268.181629, 37
1697725268.198666, 38
1697725268.215370, 38
1697725268.231709, 37
1697725268.248928, 37
1697725268.265612, 38
1697725268.282562, 39
1697725268.299704, 39
1697725268.316570, 39
1697725268.333425, 38
1697725268.350066, 38
1697725268.366868, 39
1697725268.383483, 38
1697725268.400161, 39
1697725268.416978, 38
1697725268.433557, 39
1697725268.450267, 38
1697725268.467066, 39
1697725268.483542, 39
1697725268.500428, 39
1697725268.517163, 40
1697725268.533730, 40
1697725268.550370, 39
1697725268.566887, 40
1697725268.583574, 40
1697725268.600353, 40
1697725268.617384, 39
1697725268.635041, 39
1697725268.651995, 40
1697725268.668785, 40
1697725268.686514, 40
1697725268.703525, 41
1697725268.720326, 40
1697725268.737230, 41
1697725268.753788, 40
1697725268.770565, 40
1697725268.787956, 41
1697725268.804704, 41
1697725268.821352, 40
1697725268.838159, 40
1697725268.855017, 40
1697725268.871921, 40
1697725268.888935, 41
1697725268.906151, 41
1697725268.922908, 42
1697725268.940257, 41
1697725268.957181, 41
1697725268.973859, 41
1697725268.990711, 41
1697725269.007336, 42
1697725269.024266, 42
1697725269.041390, 42
1697725269.058079, 42
1697725269.074635, 42
1697725269.091999, 41
1697725269.108675, 41
1697725269.125255, 42
1697725269.142004, 43
1697725269.158624, 42
1697725269.175754, 43
1697725269.192983, 43
1697725269.209655, 43
1697725269.226671, 43
1697725269.243505, 43
1697725269.260462, 43
1697725269.277538, 42
1697725269.293865, 42
1697725269.310635, 42
1697725269.327471, 43
1697725269.344472, 43
1697725269.361499, 43
1697725269.378468, 42
1697725269.395563, 44
1697725269.412024, 44
1697725269.428829, 43
1697725269.445521, 43
1697725269.462018, 44
1697725269.479193, 43
1697725269.495982, 44
1697725269.513048, 44
1697725269.530351, 44
1697725269.547107, 44
1697725269.564180, 43
1697725269.580995, 43
1697725269.597626, 44
1697725269.614586, 45
1697725269.630984, 45
1697725269.648115, 44
1697725269.667278, 45
1697725269.684255, 45
1697725269.701038, 44
1697725269.718420, 45
1697725269.735334, 45
1697725269.751944, 46
1697725269.768816, 45
1697725269.785722, 45
1697725269.802532, 45
1697725269.819756, 45
1697725269.836655, 44
1697725269.853226, 45
1697725269.869640, 46
1697725269.886456, 45
1697725269.902921, 46
1697725269.920293, 46
1697725269.937064, 46
1697725269.954430, 46
1697725269.971306, 45
1697725269.988006, 45
1697725270.004784, 46
1697725270.021775, 47
1697725270.038339, 47
1697725270.055479, 47
1697725270.072502, 47
1697725270.089463, 46
1697725270.106209, 48
1697725270.123077, 46
1697725270.140244, 46
1697725270.157594, 47
1697725270.174433, 47
1697725270.191410, 46
1697725270.208839, 47
1697725270.225507, 46
1697725270.242194, 47
1697725270.259235, 47
1697725270.276346, 47
1697725270.292793, 47
1697725270.309851, 47
1697725270.326580, 47
1697725270.343361, 48
1697725270.360463, 48
1697725270.377122, 48
1697725270.393774, 48
1697725270.410943, 47
1697725270.427458, 48
1697725270.444180, 48
1697725270.461019, 48
1697725270.477723, 48
1697725270.494482, 48
1697725270.511213, 48
1697725270.528111, 48
1697725270.545267, 47
1697725270.562150, 48
1697725270.579006, 48
1697725270.596203, 48
1697725270.613197, 49
1697725270.629934, 48
1697725270.646495, 48
1697725270.663428, 49
1697725270.679949, 48
1697725270.697114, 49
1697725270.714639, 49
1697725270.731173, 48
1697725270.748391, 48
1697725270.765284, 48
1697725270.782095, 49
1697725270.798566, 49
1697725270.815749, 49
1697725270.832970, 50
1697725270.849497, 49
1697725270.866652, 48
1697725270.884026, 49
1697725270.900866, 49
1697725270.917631, 50
1697725270.934710, 50
1697725270.951460, 50
1697725270.968091, 50
1697725270.985039, 50
1697725271.001870, 49
1697725271.018736, 49
1697725271.035533, 49
1697725271.052237, 51
1697725271.068897, 50
1697725271.086504, 50
1697725271.103220, 51
1697725271.120115, 50
1697725271.137397, 49
1697725271.154298, 50
1697725271.171226, 51
1697725271.188421, 51
1697725271.205224, 51
1697725271.222409, 50
1697725271.239245, 50
1697725271.255995, 51
1697725271.273280, 51
1697725271.290220, 51
1697725271.306909, 51
1697725271.323935, 52
1697725271.340746, 50
1697725271.357443, 51
1697725271.374022, 52
1697725271.390722, 51
1697725271.407415, 51
1697725271.424677, 52
1697725271.441637, 52
1697725271.458655, 51
1697725271.476025, 52
1697725271.492841, 51
1697725271.509523, 51
1697725271.526163, 51
1697725271.543189, 51
1697725271.559920, 52
1697725271.577397, 52
1697725271.594480, 53
1697725271.611212, 52
1697725271.627930, 51
1697725271.644598, 52
1697725271.661525, 52
1697725271.678362, 52
1697725271.694976, 53
1697725271.712152, 53
1697725271.729130, 53
1697725271.745687, 53
1697725271.762339, 52
1697725271.778867, 53
1697725271.795505, 53
1697725271.812562, 53
1697725271.829070, 52
1697725271.845656, 52
1697725271.862594, 53
1697725271.879553, 53
1697725271.896040, 52
1697725271.912611, 53
1697725271.929534, 53
1697725271.946017, 53
1697725271.962921, 54
1697725271.980029, 53
1697725271.997158, 53
1697725272.014015, 53
1697725272.030804, 53
1697725272.047962, 53
1697725272.064768, 54
1697725272.081151, 54
1697725272.097986, 54
1697725272.114965, 54
1697725272.131707, 55
1697725272.148518, 54
1697725272.165237, 54
1697725272.182048, 55
1697725272.198989, 54
1697725272.215616, 53
1697725272.232355, 55
1697725272.249564, 55
1697725272.266353, 54
1697725272.283075, 55
1697725272.301366, 54
1697725272.318416, 55
1697725272.335451, 55
1697725272.352582, 55
1697725272.369357, 54
1697725272.385920, 54
1697725272.402637, 55
1697725272.419540, 55
1697725272.436194, 54
1697725272.452712, 56
1697725272.469139, 56
1697725272.485658, 54
1697725272.502233, 55
1697725272.519035, 55
1697725272.535917, 55
1697725272.552757, 55
1697725272.569216, 56
1697725272.586231, 56
1697725272.603070, 56
1697725272.619769, 56
1697725272.636889, 55
1697725272.653705, 56
1697725272.670215, 56
1697725272.687175, 56
1697725272.703998, 56
1697725272.720763, 57
1697725272.737615, 57
1697725272.754683, 57
1697725272.771890, 56
1697725272.789234, 56
1697725272.808302, 56
1697725272.825884, 57
1697725272.843329, 57
1697725272.860353, 56
1697725272.877769, 57
1697725272.894710, 57
1697725272.911880, 56
1697725272.928826, 57
1697725272.945897, 57
1697725272.963428, 56
1697725272.981391, 57
1697725272.998440, 57
1697725273.015191, 57
1697725273.032767, 56
1697725273.049903, 57
1697725273.066723, 57
1697725273.083893, 57
1697725273.101931, 57
1697725273.118800, 57
1697725273.135812, 57
1697725273.152788, 58
1697725273.169996, 58
1697725273.187183, 57
1697725273.204001, 58
1697725273.221139, 58
1697725273.238598, 57
1697725273.255643, 57
1697725273.272595, 57
1697725273.289517, 57
1697725273.306639, 58
1697725273.323543, 59
1697725273.340696, 59
1697725273.358142, 58
1697725273.376172, 59
1697725273.392988, 59
1697725273.409881, 58
1697725273.427767, 59
1697725273.444557, 59
1697725273.462018, 58
1697725273.479066, 59
1697725273.496903, 59
1697725273.513585, 58
1697725273.530475, 58
1697725273.547643, 58
1697725273.564488, 58
1697725273.581656, 59
1697725273.598860, 59
1697725273.615477, 59
1697725273.633329, 59
1697725273.650470, 60
1697725273.667415, 60
1697725273.684523, 58
1697725273.701462, 59
1697725273.718415, 59
1697725273.735237, 59
1697725273.751894, 60
1697725273.769459, 60
1697725273.786393, 59
1697725273.803975, 60
1697725273.821205, 60
1697725273.838505, 59
1697725273.855509, 60
1697725273.872857, 60
1697725273.889675, 59
1697725273.907528, 60
1697725273.924986, 60
1697725273.941640, 61
1697725273.958421, 60
1697725273.975476, 61
1697725273.991935, 61
1697725274.008702, 60
1697725274.026105, 61
1697725274.043119, 60
1697725274.059767, 60
1697725274.076961, 61
1697725274.093737, 61
1697725274.110499, 60
1697725274.128083, 61
1697725274.144949, 60
1697725274.161653, 60
1697725274.178364, 61
1697725274.195462, 61
1697725274.212256, 61
1697725274.229410, 59
1697725274.246057, 61
1697725274.262669, 61
1697725274.280078, 61
1697725274.297177, 62
1697725274.314069, 62
1697725274.331110, 61
1697725274.347872, 62
1697725274.364434, 62
1697725274.381287, 61
1697725274.398183, 62
1697725274.415158, 62
1697725274.432197, 61
1697725274.449518, 61
1697725274.466712, 62
1697725274.483351, 62
1697725274.500263, 61
1697725274.517741, 63
1697725274.535092, 63
1697725274.552535, 62
1697725274.569756, 63
1697725274.587364, 63
1697725274.603889, 62
1697725274.621212, 63
1697725274.638130, 63
1697725274.654981, 62
1697725274.672539, 62
1697725274.689384, 62
1697725274.706217, 62
1697725274.723218, 63
1697725274.740062, 63
1697725274.756952, 63
1697725274.774095, 62
1697725274.791198, 63
1697725274.808594, 64
1697725274.825833, 63
1697725274.842449, 63
1697725274.859169, 63
1697725274.875944, 63
1697725274.892713, 63
1697725274.909330, 64
1697725274.926330, 63
1697725274.942892, 63
1697725274.959427, 63
1697725274.976631, 63
1697725274.993443, 64
1697725275.010692, 64
1697725275.027760, 64
1697725275.044747, 63
1697725275.062598, 64
1697725275.079445, 64
1697725275.096100, 65
1697725275.113123, 64
1697725275.129513, 64
1697725275.146101, 63
1697725275.163006, 63
1697725275.180369, 64
1697725275.197479, 64
1697725275.214869, 64
1697725275.231787, 65
1697725275.248481, 65
1697725275.265389, 65
1697725275.282223, 64
1697725275.298948, 64
1697725275.316052, 65
1697725275.333094, 65
1697725275.350171, 65
1697725275.367285, 64
1697725275.384240, 64
1697725275.400846, 64
1697725275.418163, 65
1697725275.434810, 65
1697725275.451468, 65
1697725275.468940, 64
1697725275.485642, 65
1697725275.502719, 65
1697725275.519966, 65
1697725275.536566, 65
1697725275.553614, 65
1697725275.570428, 66
1697725275.587220, 65
1697725275.604755, 66
1697725275.621921, 66
1697725275.638850, 66
1697725275.655902, 67
1697725275.672827, 67
1697725275.689576, 66
1697725275.706632, 67
1697725275.723575, 67
1697725275.740402, 67
1697725275.757334, 67
1697725275.773977, 67
1697725275.790573, 67
1697725275.807556, 66
1697725275.824626, 66
1697725275.841239, 66
1697725275.858175, 66
1697725275.875546, 66
1697725275.892169, 66
1697725275.909349, 66
1697725275.926259, 67
1697725275.943327, 67
1697725275.960434, 67
1697725275.977412, 68
1697725275.994286, 68
1697725276.011872, 68
1697725276.028596, 68
1697725276.045568, 68
1697725276.062834, 68
1697725276.079782, 68
1697725276.096688, 67
1697725276.113751, 67
1697725276.130753, 67
1697725276.148188, 67
1697725276.164829, 67
1697725276.181747, 67
1697725276.199218, 67
1697725276.216144, 67
1697725276.232959, 67
1697725276.249930, 68
1697725276.266818, 69
1697725276.284034, 69
1697725276.301155, 69
1697725276.318188, 69
1697725276.335032, 69
1697725276.352341, 69
1697725276.369221, 68
1697725276.386062, 68
1697725276.403210, 67
1697725276.420079, 68
1697725276.436709, 68
1697725276.453663, 68
1697725276.470262, 68
1697725276.486830, 68
1697725276.503503, 70
1697725276.520448, 68
1697725276.538517, 69
1697725276.555865, 69
1697725276.572670, 69
1697725276.589880, 68
1697725276.607054, 69
1697725276.623799, 69
1697725276.641113, 70
1697725276.657806, 69
1697725276.674558, 69
1697725276.691743, 69
1697725276.708597, 69
1697725276.724980, 68
1697725276.742097, 68
1697725276.758509, 69
1697725276.775100, 69
1697725276.792150, 70
1697725276.808903, 69
1697725276.825468, 69
1697725276.842286, 70
1697725276.859119, 70
1697725276.875934, 70
1697725276.892979, 71
1697725276.909694, 70
1697725276.926448, 71
1697725276.943280, 69
1697725276.960213, 69
1697725276.977133, 70
1697725276.994648, 70
1697725277.011461, 69
1697725277.028832, 70
1697725277.046288, 70
1697725277.063253, 69
1697725277.080464, 70
1697725277.097515, 70
1697725277.114169, 71
1697725277.131071, 70
1697725277.147770, 70
1697725277.164678, 72
1697725277.181868, 71
1697725277.198595, 71
1697725277.215546, 71
1697725277.232353, 69
1697725277.249134, 70
1697725277.265649, 71
1697725277.282722, 70
1697725277.299412, 69
1697725277.315945, 69
1697725277.332858, 70
1697725277.349491, 71
1697725277.366287, 72
1697725277.383518, 72
1697725277.400327, 71
1697725277.417421, 71
1697725277.434744, 71
1697725277.451386, 72
1697725277.468767, 72
1697725277.485590, 71
1697725277.502381, 72
1697725277.519242, 72
1697725277.535997, 72
1697725277.552621, 71
1697725277.569472, 71
1697725277.586709, 72
1697725277.603982, 71
1697725277.621023, 71
1697725277.637740, 71
1697725277.654506, 72
1697725277.671523, 72
1697725277.688148, 73
1697725277.704539, 73
1697725277.721212, 74
1697725277.737900, 74
1697725277.755141, 74
1697725277.771870, 73
1697725277.788675, 74
1697725277.805748, 74
1697725277.822685, 72
1697725277.839394, 73
1697725277.855928, 72
1697725277.872433, 71
1697725277.889319, 72
1697725277.906393, 72
1697725277.923295, 72
1697725277.939802, 72
1697725277.956744, 73
1697725277.973501, 74
1697725277.990225, 73
1697725278.006589, 73
1697725278.023389, 74
1697725278.040693, 73
1697725278.057534, 72
1697725278.074420, 73
1697725278.091342, 73
1697725278.108386, 74
1697725278.125553, 73
1697725278.142603, 72
1697725278.159518, 72
1697725278.176071, 73
1697725278.192760, 73
1697725278.209675, 73
1697725278.226201, 72
1697725278.242858, 72
1697725278.259755, 74
1697725278.276587, 74
1697725278.293402, 75
1697725278.310244, 75
1697725278.326897, 74
1697725278.343927, 74
1697725278.360943, 74
1697725278.377794, 74
1697725278.395075, 74
1697725278.412112, 75
1697725278.428736, 73
1697725278.445458, 73
1697725278.462482, 74
1697725278.479477, 73
1697725278.496246, 74
1697725278.513304, 74
1697725278.530272, 75
1697725278.547386, 75
1697725278.564334, 75
1697725278.581327, 74
1697725278.598507, 75
1697725278.615375, 75
1697725278.632414, 75
1697725278.649081, 75
1697725278.665980, 75
1697725278.683053, 76
1697725278.700094, 75
1697725278.717112, 75
1697725278.734040, 74
1697725278.751022, 74
1697725278.767791, 74
1697725278.785110, 75
1697725278.801986, 74
1697725278.818422, 73
1697725278.835011, 74
1697725278.852237, 75
1697725278.868970, 76
1697725278.885887, 76
1697725278.902808, 76
1697725278.919507, 76
1697725278.936453, 76
1697725278.953273, 76
1697725278.970383, 75
1697725278.987763, 76
1697725279.004683, 76
1697725279.021564, 76
1697725279.038334, 75
1697725279.055323, 75
1697725279.072505, 75
1697725279.089338, 75
1697725279.106966, 76
1697725279.123992, 75
1697725279.140700, 74
1697725279.157790, 77
1697725279.175413, 76
1697725279.192499, 76
1697725279.209298, 76
1697725279.226270, 77
1697725279.243019, 76
1697725279.260092, 77
1697725279.277352, 77
1697725279.294043, 77
1697725279.310958, 77
1697725279.327872, 76
1697725279.344657, 75
1697725279.361241, 76
1697725279.378412, 75
1697725279.395214, 75
1697725279.411928, 76
1697725279.429001, 77
1697725279.445859, 77
1697725279.462877, 76
1697725279.479804, 76
1697725279.496561, 78
1697725279.513316, 77
1697725279.530618, 77
1697725279.547345, 78
1697725279.564053, 77
1697725279.581410, 77
1697725279.597921, 78
1697725279.614429, 77
1697725279.631336, 77
1697725279.648432, 77
1697725279.665862, 77
1697725279.682638, 77
1697725279.699670, 77
1697725279.716659, 77
1697725279.733595, 76
1697725279.750629, 77
1697725279.767656, 78
1697725279.784722, 78
1697725279.801741, 77
1697725279.819017, 78
1697725279.835922, 78
1697725279.852743, 78
1697725279.869781, 79
1697725279.886775, 78
1697725279.903706, 77
1697725279.920629, 79
1697725279.937271, 79
1697725279.953644, 76
1697725279.970617, 76
1697725279.987623, 78
1697725280.004929, 78
1697725280.022160, 78
1697725280.039107, 78
1697725280.055968, 77
1697725280.073112, 79
1697725280.090112, 79
1697725280.107123, 78
1697725280.124073, 78
1697725280.141302, 79
1697725280.158595, 78
1697725280.175136, 79
1697725280.191542, 79
1697725280.208361, 80
1697725280.225099, 79
1697725280.241926, 80
1697725280.259034, 79
1697725280.276112, 79
1697725280.294526, 78
1697725280.311579, 79
1697725280.329732, 79
1697725280.346511, 78
1697725280.363466, 79
1697725280.380209, 79
1697725280.397532, 79
1697725280.414330, 80
1697725280.431444, 80
1697725280.448603, 80
1697725280.465533, 79
1697725280.482779, 79
1697725280.499929, 80
1697725280.517188, 80
1697725280.534454, 80
1697725280.551576, 79
1697725280.568596, 79
1697725280.586256, 78
1697725280.604228, 78
1697725280.621243, 80
1697725280.638732, 79
1697725280.656517, 80
1697725280.673853, 78
1697725280.691266, 80
1697725280.708431, 80
1697725280.726262, 80
1697725280.743718, 81
1697725280.761925, 80
1697725280.779694, 80
1697725280.796577, 81
1697725280.813780, 80
1697725280.831241, 81
1697725280.848129, 81
1697725280.866144, 80
1697725280.882973, 80
1697725280.900507, 80
1697725280.918419, 80
1697725280.936080, 80
1697725280.953034, 80
1697725280.970807, 79
1697725280.987905, 79
1697725281.004584, 81
1697725281.022351, 82
1697725281.039516, 81
1697725281.056201, 82
1697725281.074324, 82
1697725281.091469, 81
1697725281.108306, 82
1697725281.125543, 81
1697725281.142684, 81
1697725281.159963, 81
1697725281.176646, 82
1697725281.193553, 80
1697725281.210805, 80
1697725281.227474, 81
1697725281.244562, 81
1697725281.261743, 79
1697725281.278594, 81
1697725281.295501, 81
1697725281.312294, 80
1697725281.328691, 81
1697725281.345576, 81
1697725281.362237, 82
1697725281.379952, 82
1697725281.396881, 82
1697725281.413744, 81
1697725281.430729, 81
1697725281.447298, 82
1697725281.463970, 82
1697725281.480864, 82
1697725281.497647, 83
1697725281.514806, 82
1697725281.531589, 81
1697725281.548072, 82
1697725281.565601, 82
1697725281.582506, 81
1697725281.599252, 82
1697725281.616314, 82
1697725281.633124, 83
1697725281.649879, 83
1697725281.666367, 83
1697725281.683382, 82
1697725281.700392, 82
1697725281.717437, 83
1697725281.734182, 83
1697725281.751007, 83
1697725281.767853, 83
1697725281.784450, 83
1697725281.801352, 82
1697725281.818133, 83
1697725281.834565, 82
1697725281.851251, 82
1697725281.867885, 83
1697725281.884426, 83
1697725281.901133, 83
1697725281.917980, 81
1697725281.934865, 82
1697725281.952352, 83
1697725281.968988, 83
1697725281.985887, 84
1697725282.003694, 84
1697725282.020458, 83
1697725282.037189, 83
1697725282.054417, 83
1697725282.071509, 84
1697725282.088479, 84
1697725282.105371, 84
1697725282.122331, 83
1697725282.139334, 84
1697725282.156444, 83
1697725282.173716, 83
1697725282.190792, 83
1697725282.207742, 83
1697725282.224833, 83
1697725282.241631, 82
1697725282.258511, 83
1697725282.275635, 85
1697725282.292891, 85
1697725282.309479, 85
1697725282.326489, 85
1697725282.343421, 84
1697725282.360582, 85
1697725282.377707, 85
1697725282.395109, 84
1697725282.412022, 85
1697725282.428873, 85
1697725282.445811, 84
1697725282.462753, 84
1697725282.479311, 84
1697725282.496364, 84
1697725282.513173, 84
1697725282.529812, 84
1697725282.547017, 84
1697725282.564160, 83
1697725282.581083, 84
1697725282.598484, 85
1697725282.615487, 84
1697725282.632456, 84
1697725282.649330, 84
1697725282.666222, 85
1697725282.683581, 85
1697725282.700243, 86
1697725282.717951, 85
1697725282.734866, 86
1697725282.752330, 86
1697725282.769560, 86
1697725282.786548, 85
1697725282.803626, 84
1697725282.820093, 84
1697725282.836663, 84
1697725282.853653, 85
1697725282.870540, 85
1697725282.887108, 85
1697725282.903775, 85
1697725282.920392, 86
1697725282.937145, 85
1697725282.954284, 86
1697725282.970978, 85
1697725282.988344, 85
1697725283.005005, 85
1697725283.021802, 86
1697725283.038958, 86
1697725283.055853, 86
1697725283.073058, 86
1697725283.089594, 86
1697725283.106414, 85
1697725283.123518, 85
1697725283.140168, 85
1697725283.157006, 85
1697725283.173715, 86
1697725283.190414, 86
1697725283.207431, 86
1697725283.224430, 84
1697725283.241456, 86
1697725283.258198, 86
1697725283.275658, 86
1697725283.292702, 87
1697725283.309632, 87
1697725283.326718, 86
1697725283.343478, 86
1697725283.360083, 87
1697725283.376692, 86
1697725283.393548, 87
1697725283.410650, 87
1697725283.427856, 87
1697725283.444617, 86
1697725283.461704, 86
1697725283.478607, 86
1697725283.495264, 86
1697725283.512129, 86
1697725283.528967, 85
1697725283.545991, 86
1697725283.563180, 86
1697725283.580088, 88
1697725283.596984, 87
1697725283.614096, 88
1697725283.631039, 87
1697725283.647896, 88
1697725283.665216, 88
1697725283.682171, 88
1697725283.698918, 88
1697725283.715731, 88
1697725283.732566, 88
1697725283.749567, 88
1697725283.766825, 88
1697725283.783367, 88
1697725283.800196, 87
1697725283.817390, 86
1697725283.834277, 87
1697725283.851335, 87
1697725283.868077, 87
1697725283.884884, 87
1697725283.902229, 86
1697725283.919716, 87
1697725283.936242, 88
1697725283.953804, 88
1697725283.971054, 88
1697725283.987774, 88
1697725284.005108, 88
1697725284.021878, 88
1697725284.038910, 88
1697725284.055902, 88
1697725284.072784, 87
1697725284.089522, 89
1697725284.106792, 88
1697725284.123453, 88
1697725284.140132, 87
1697725284.157059, 88
1697725284.174246, 88
1697725284.190985, 87
1697725284.208262, 87
1697725284.225180, 88
1697725284.241671, 89
1697725284.258248, 89
1697725284.274760, 89
1697725284.291620, 88
1697725284.308760, 89
1697725284.325840, 89
1697725284.342363, 89
1697725284.359508, 89
1697725284.376050, 89
1697725284.393016, 90
1697725284.410152, 89
1697725284.427434, 89
1697725284.444646, 89
1697725284.461706, 89
1697725284.478624, 87
1697725284.495636, 89
1697725284.512825, 89
1697725284.529667, 88
1697725284.546044, 89
1697725284.563139, 89
1697725284.579939, 89
1697725284.597098, 89
1697725284.614358, 89
1697725284.631190, 89
1697725284.648594, 90
1697725284.665223, 90
1697725284.681651, 89
1697725284.698702, 90
1697725284.715272, 90
1697725284.731730, 90
1697725284.748709, 90
1697725284.765482, 89
1697725284.782336, 89
1697725284.799587, 89
1697725284.816503, 89
1697725284.833786, 89
1697725284.850745, 89
1697725284.867641, 88
1697725284.884517, 88
1697725284.901451, 88
1697725284.918064, 91
1697725284.935089, 91
1697725284.952080, 91
1697725284.968998, 89
1697725284.985973, 91
1697725285.002492, 91
1697725285.019410, 90
1697725285.036623, 91
1697725285.053649, 91
1697725285.070318, 90
1697725285.087576, 91
1697725285.104103, 91
1697725285.120838, 90
1697725285.138211, 90
1697725285.154998, 90
1697725285.171890, 90
1697725285.188948, 90
1697725285.205648, 90
1697725285.222478, 90
1697725285.239777, 90
1697725285.256141, 90
1697725285.273331, 90
1697725285.290157, 91
1697725285.307096, 91
1697725285.324222, 91
1697725285.341579, 91
1697725285.358420, 91
1697725285.376191, 92
1697725285.393604, 91
1697725285.410358, 92
1697725285.427855, 92
1697725285.444674, 92
1697725285.461573, 91
1697725285.478903, 91
1697725285.495593, 91
1697725285.512264, 90
1697725285.529619, 91
1697725285.546307, 90
1697725285.562840, 91
1697725285.580095, 91
1697725285.596924, 92
1697725285.613776, 92
1697725285.630787, 92
1697725285.647929, 92
1697725285.664757, 92
1697725285.681439, 92
1697725285.697994, 92
1697725285.714780, 93
1697725285.732039, 92
1697725285.748995, 92
1697725285.765572, 92
1697725285.782569, 92
1697725285.799236, 91
1697725285.816113, 91
1697725285.833226, 91
1697725285.849996, 92
1697725285.866459, 92
1697725285.883224, 92
1697725285.899918, 92
1697725285.916583, 92
1697725285.933748, 92
1697725285.950728, 92
1697725285.967447, 92
1697725285.984466, 92
1697725286.001153, 92
1697725286.018101, 93
1697725286.034862, 93
1697725286.051738, 92
1697725286.068973, 93
1697725286.085799, 93
1697725286.102388, 93
1697725286.119703, 93
1697725286.136642, 93
1697725286.153416, 93
1697725286.170475, 92
1697725286.187196, 92
1697725286.203963, 92
1697725286.221159, 92
1697725286.238133, 91
1697725286.254684, 91
1697725286.271502, 92
1697725286.288616, 93
1697725286.305808, 94
1697725286.322628, 93
1697725286.339341, 94
1697725286.356668, 93
1697725286.373369, 93
1697725286.390274, 94
1697725286.407426, 94
1697725286.424332, 94
1697725286.440988, 92
1697725286.457673, 94
1697725286.474594, 94
1697725286.491230, 93
1697725286.507986, 92
1697725286.524598, 92
1697725286.541519, 93
1697725286.558610, 93
1697725286.575449, 93
1697725286.591988, 93
1697725286.609160, 93
1697725286.626028, 94
1697725286.642915, 95
1697725286.659775, 94
1697725286.676485, 93
1697725286.693111, 93
1697725286.709804, 94
1697725286.726474, 94
1697725286.743917, 94
1697725286.760643, 95
1697725286.777224, 95
1697725286.794154, 95
1697725286.810894, 94
1697725286.827457, 95
1697725286.844717, 93
1697725286.861360, 94
1697725286.878052, 94
1697725286.895065, 94
1697725286.911918, 94
1697725286.928689, 94
1697725286.945921, 93
1697725286.962848, 93
1697725286.979827, 94
1697725286.996394, 95
1697725287.013510, 95
1697725287.030401, 96
1697725287.047352, 95
1697725287.064034, 96
1697725287.080858, 95
1697725287.098049, 94
1697725287.114640, 94
1697725287.131325, 96
1697725287.147853, 95
1697725287.164363, 94
1697725287.181329, 94
1697725287.197937, 94
1697725287.214545, 94
1697725287.231422, 94
1697725287.248152, 94
1697725287.264776, 95
1697725287.281736, 95
1697725287.298434, 95
1697725287.315122, 96
1697725287.331657, 96
1697725287.348361, 96
1697725287.365708, 95
1697725287.382220, 96
1697725287.398860, 96
1697725287.415668, 95
1697725287.432407, 96
1697725287.449542, 96
1697725287.466599, 96
1697725287.483518, 96
1697725287.500386, 95
1697725287.517721, 96
1697725287.534518, 96
1697725287.551312, 95
1697725287.568533, 96
1697725287.585011, 95
1697725287.601697, 95
1697725287.619039, 96
1697725287.635785, 95
1697725287.652306, 94
1697725287.669235, 96
1697725287.685921, 96
1697725287.702728, 96
1697725287.719688, 95
1697725287.736365, 97
1697725287.753835, 97
1697725287.770666, 97
1697725287.787395, 97
1697725287.804497, 95
1697725287.821077, 96
1697725287.837631, 96
1697725287.854493, 97
1697725287.871128, 97
1697725287.888310, 97
1697725287.905638, 96
1697725287.921921, 96
1697725287.938506, 96
1697725287.955584, 95
1697725287.972404, 95
1697725287.989296, 95
1697725288.006458, 96
1697725288.023060, 97
1697725288.039574, 96
1697725288.056010, 98
1697725288.072525, 97
1697725288.089027, 96
1697725288.105731, 97
1697725288.122593, 98
1697725288.139021, 98
1697725288.155947, 98
1697725288.172619, 98
1697725288.189637, 97
1697725288.206226, 98
1697725288.222917, 98
1697725288.239780, 97
1697725288.256663, 97
1697725288.273237, 97
1697725288.290345, 96
1697725288.307095, 96
1697725288.324095, 97
1697725288.341108, 97
1697725288.358067, 95
1697725288.374702, 96
1697725288.391393, 97
1697725288.408302, 98
1697725288.425113, 98
1697725288.441468, 98
1697725288.458313, 97
1697725288.474786, 98
1697725288.491695, 99
1697725288.508602, 98
1697725288.525348, 98
1697725288.542535, 99
1697725288.559528, 99
1697725288.575941, 98
1697725288.593112, 99
1697725288.609760, 97
1697725288.626942, 96
1697725288.643563, 96
1697725288.660217, 98
1697725288.676813, 96
1697725288.693297, 96
1697725288.709932, 97
1697725288.727242, 98
1697725288.743801, 99
1697725288.760437, 99
1697725288.777776, 99
1697725288.794347, 99
1697725288.810751, 99
1697725288.827572, 98
1697725288.844352, 99
1697725288.861034, 98
1697725288.878354, 98
1697725288.895283, 99
1697725288.912294, 99
1697725288.929785, 99
1697725288.946464, 99
1697725288.963428, 97
1697725288.980318, 99
1697725288.996888, 98
1697725289.013960, 98
1697725289.030747, 99
1697725289.047440, 99
1697725289.064432, 98
1697725289.080915, 99
1697725289.097884, 99
1697725289.114718, 99
1697725289.131925, 98
1697725289.148897, 99
1697725289.165595, 99
1697725289.182107, 100
1697725289.198929, 100
1697725289.216021, 100
1697725289.232763, 100
1697725289.249326, 100
1697725289.266137, 99
1697725289.282914, 100
1697725289.299468, 99
1697725289.316965, 98
1697725289.333815, 99
1697725289.350354, 99
1697725289.367563, 99
1697725289.384091, 98
1697725289.401183, 99
1697725289.418492, 98
1697725289.435420, 99
1697725289.452327, 100
1697725289.469114, 100
1697725289.485788, 99
1697725289.502248, 99
1697725289.518622, 99
1697725289.534897, 99
1697725289.551656, 99
1697725289.568518, 98
1697725289.584998, 99
1697725289.601732, 99
1697725289.618516, 99
1697725289.635109, 100
1697725289.651921, 99
1697725289.668584, 99
1697725289.685107, 99
1697725289.702188, 99
1697725289.719013, 98
1697725289.735744, 98
1697725289.752830, 98
1697725289.769510, 98
1697725289.785999, 98
1697725289.802822, 99
1697725289.819774, 99
1697725289.836227, 98
1697725289.853713, 99
1697725289.870321, 98
1697725289.887547, 98
1697725289.904369, 98
1697725289.921640, 98
1697725289.938797, 97
1697725289.955718, 89
1697725289.972429, 82
1697725289.989486, 74
1697725290.006311, 68
1697725290.022947, 61
1697725290.040089, 55
1697725290.056909, 48
1697725290.073462, 46
1697725290.090292, 47
1697725290.106960, 47
1697725290.123588, 48
1697725290.140692, 49
1697725290.157424, 48
1697725290.173978, 48
1697725290.190956, 48
1697725290.207773, 48
1697725290.224178, 47
1697725290.241251, 48
1697725290.257861, 48
1697725290.275199, 48
1697725290.292348, 48
1697725290.309052, 47
1697725290.326407, 47
1697725290.343145, 48
1697725290.359974, 49
1697725290.377405, 49
1697725290.394289, 49
1697725290.411276, 49
1697725290.428632, 49
1697725290.445640, 49
1697725290.462553, 50
1697725290.479741, 49
1697725290.496487, 49
1697725290.513193, 49
1697725290.530119, 49
1697725290.547183, 48
1697725290.564205, 49
1697725290.581451, 49
1697725290.598478, 50
1697725290.615502, 51
1697725290.632408, 49
1697725290.649575, 50
1697725290.666421, 49
1697725290.683536, 49
1697725290.700345, 50
1697725290.716898, 49
1697725290.733975, 49
1697725290.750710, 50
1697725290.767663, 50
1697725290.784823, 51
1697725290.801654, 50
1697725290.819241, 49
1697725290.836483, 50
1697725290.853971, 51
1697725290.870789, 51
1697725290.887628, 52
1697725290.904289, 51
1697725290.921561, 51
1697725290.938224, 51
1697725290.955265, 50
1697725290.972551, 50
1697725290.989259, 50
1697725291.006134, 50
1697725291.023517, 51
1697725291.040533, 51
1697725291.057370, 51
1697725291.074617, 50
1697725291.091359, 52
1697725291.108608, 52
1697725291.125453, 51
1697725291.142400, 52
1697725291.159270, 53
1697725291.176379, 53
1697725291.193104, 52
1697725291.209692, 52
1697725291.227078, 51
1697725291.243716, 51
1697725291.261249, 51
1697725291.278145, 52
1697725291.294913, 52
1697725291.312168, 52
1697725291.329027, 53
1697725291.345939, 52
1697725291.362978, 53
1697725291.380003, 53
1697725291.396987, 52
1697725291.413985, 53
1697725291.430818, 54
1697725291.447489, 52
1697725291.464593, 52
1697725291.481396, 53
1697725291.498466, 53
1697725291.515691, 52
1697725291.532553, 52
1697725291.549348, 52
1697725291.566771, 53
1697725291.583790, 54
1697725291.600691, 54
1697725291.617864, 53
1697725291.634591, 54
1697725291.651231, 54
1697725291.668373, 53
1697725291.685076, 54
1697725291.701798, 54
1697725291.718791, 54
1697725291.735760, 53
1697725291.752203, 54
1697725291.769205, 53
1697725291.786157, 53
1697725291.802757, 53
1697725291.819758, 54
1697725291.836411, 54
1697725291.853003, 54
1697725291.869574, 55
1697725291.886173, 54
1697725291.903436, 55
1697725291.920176, 55
1697725291.937124, 55
1697725291.953891, 54
1697725291.970680, 55
1697725291.987319, 54
1697725292.004531, 53
1697725292.021197, 55
1697725292.037947, 54
1697725292.055528, 54
1697725292.072309, 54
1697725292.089359, 56
1697725292.106441, 55
1697725292.122858, 56
1697725292.139464, 56
1697725292.156576, 55
1697725292.173572, 56
1697725292.190056, 56
1697725292.207344, 56
1697725292.224388, 55
1697725292.241427, 55
1697725292.258032, 55
1697725292.274768, 55
1697725292.292146, 56
1697725292.309127, 56
1697725292.325758, 56
1697725292.342791, 56
1697725292.359384, 57
1697725292.375978, 56
1697725292.393115, 55
1697725292.409982, 56
1697725292.426967, 56
1697725292.443436, 57
1697725292.460391, 57
1697725292.477127, 56
1697725292.494338, 56
1697725292.511244, 56
1697725292.528130, 55
1697725292.545778, 55
1697725292.562432, 57
1697725292.579306, 57
1697725292.596698, 57
1697725292.613575, 57
1697725292.630212, 58
1697725292.647174, 57
1697725292.663672, 57
1697725292.680794, 57
1697725292.697385, 57
1697725292.714619, 58
1697725292.731815, 57
1697725292.749024, 57
1697725292.765755, 57
1697725292.783049, 57
1697725292.799715, 57
1697725292.816602, 57
1697725292.833333, 57
1697725292.850170, 57
1697725292.866753, 58
1697725292.884063, 59
1697725292.901308, 59
1697725292.918144, 59
1697725292.935341, 58
1697725292.952449, 59
1697725292.969073, 58
1697725292.985866, 56
1697725293.002546, 58
1697725293.019216, 58
1697725293.036103, 57
1697725293.053027, 60
1697725293.069693, 60
1697725293.086678, 60
1697725293.103557, 60
1697725293.120568, 60
1697725293.138208, 60
1697725293.155015, 61
1697725293.171602, 62
1697725293.188589, 60
1697725293.205258, 59
1697725293.222523, 60
1697725293.239297, 60
1697725293.255978, 57
1697725293.272886, 58
1697725293.289702, 59
1697725293.306634, 58
1697725293.323537, 59
1697725293.340207, 59
1697725293.356844, 58
1697725293.373220, 60
1697725293.390225, 60
1697725293.407426, 59
1697725293.424544, 59
1697725293.440972, 59
1697725293.457968, 60
1697725293.474974, 61
1697725293.491917, 61
1697725293.509001, 61
1697725293.526003, 59
1697725293.542861, 60
1697725293.559477, 60
1697725293.576621, 59
1697725293.593485, 59
1697725293.610729, 59
1697725293.627328, 60
1697725293.644161, 61
1697725293.661325, 61
1697725293.678188, 60
1697725293.695041, 61
1697725293.711928, 60
1697725293.728720, 61
1697725293.745623, 61
1697725293.762986, 61
1697725293.779750, 62
1697725293.796426, 60
1697725293.813441, 60
1697725293.830542, 60
1697725293.847148, 60
1697725293.864112, 60
1697725293.880896, 60
1697725293.897607, 60
1697725293.914705, 62
1697725293.931223, 62
1697725293.948749, 61
1697725293.966008, 62
1697725293.982966, 63
1697725293.999998, 63
1697725294.017160, 62
1697725294.034040, 62
1697725294.051778, 61
1697725294.068237, 60
1697725294.084997, 61
1697725294.102229, 62
1697725294.120340, 62
1697725294.137109, 61
1697725294.154415, 61
1697725294.171245, 61
1697725294.188002, 63
1697725294.204772, 62
1697725294.221317, 63
1697725294.237742, 63
1697725294.254823, 63
1697725294.271425, 62
1697725294.287924, 62
1697725294.304759, 63
1697725294.321436, 61
1697725294.337948, 61
1697725294.354764, 62
1697725294.371428, 62
1697725294.388072, 62
1697725294.405221, 62
1697725294.421866, 63
1697725294.439255, 63
1697725294.455953, 64
1697725294.472832, 64
1697725294.490149, 64
1697725294.506983, 64
1697725294.523719, 64
1697725294.541024, 64
1697725294.558351, 63
1697725294.575101, 64
1697725294.592464, 64
1697725294.609313, 63
1697725294.625907, 62
1697725294.643011, 63
1697725294.659729, 62
1697725294.676769, 63
1697725294.693427, 63
1697725294.710349, 62
1697725294.726978, 64
1697725294.743792, 64
1697725294.760545, 65
1697725294.776913, 64
1697725294.794349, 65
1697725294.810921, 65
1697725294.827558, 64
1697725294.844837, 65
1697725294.861648, 65
1697725294.878591, 63
1697725294.895152, 64
1697725294.911860, 64
1697725294.929160, 64
1697725294.946160, 63
1697725294.964265, 64
1697725294.980853, 64
1697725294.997396, 65
1697725295.014055, 65
1697725295.031530, 65
1697725295.049006, 64
1697725295.065842, 65
1697725295.082953, 66
1697725295.099879, 66
1697725295.116394, 66
1697725295.133183, 66
1697725295.150050, 64
1697725295.166322, 65
1697725295.183036, 65
1697725295.199815, 65
1697725295.216802, 64
1697725295.234153, 65
1697725295.250972, 65
1697725295.268606, 65
1697725295.285576, 65
1697725295.302548, 66
1697725295.319714, 67
1697725295.336432, 66
1697725295.353140, 66
1697725295.370079, 65
1697725295.386746, 66
1697725295.403514, 66
1697725295.420017, 66
1697725295.436812, 64
1697725295.453741, 66
1697725295.471218, 66
1697725295.488159, 66
1697725295.504797, 66
1697725295.521831, 66
1697725295.538601, 65
1697725295.555260, 66
1697725295.572302, 67
1697725295.589071, 66
1697725295.605596, 67
1697725295.622546, 66
1697725295.639241, 67
1697725295.656598, 67
1697725295.673706, 67
1697725295.690298, 66
1697725295.707768, 67
1697725295.724750, 66
1697725295.741585, 66
1697725295.759273, 66
1697725295.776164, 66
1697725295.793127, 66
1697725295.810068, 67
1697725295.827462, 67
1697725295.844180, 68
1697725295.861225, 67
1697725295.877944, 67
1697725295.894645, 68
1697725295.912049, 68
1697725295.928873, 68
1697725295.945792, 67
1697725295.963828, 67
1697725295.980591, 68
1697725295.997386, 67
1697725296.014203, 67
1697725296.030950, 68
1697725296.047838, 67
1697725296.064770, 67
1697725296.081569, 67
1697725296.098202, 67
1697725296.114845, 68
1697725296.131574, 68
1697725296.148064, 68
1697725296.165132, 68
1697725296.181589, 68
1697725296.198702, 68
1697725296.215316, 69
1697725296.231852, 68
1697725296.248522, 68
1697725296.265498, 69
1697725296.282062, 68
1697725296.298865, 69
1697725296.315505, 68
1697725296.331820, 68
1697725296.348606, 69
1697725296.365453, 68
1697725296.382269, 69
1697725296.398916, 69
1697725296.415401, 70
1697725296.432033, 69
1697725296.448528, 69
1697725296.465540, 69
1697725296.482056, 70
1697725296.498960, 69
1697725296.516006, 69
1697725296.532649, 70
1697725296.549197, 69
1697725296.566019, 70
1697725296.582681, 69
1697725296.599403, 69
1697725296.615958, 69
1697725296.633148, 69
1697725296.650182, 70
1697725296.667051, 69
1697725296.684483, 69
1697725296.701696, 70
1697725296.718721, 70
1697725296.735479, 71
1697725296.751926, 70
1697725296.768379, 70
1697725296.785506, 70
1697725296.802314, 69
1697725296.818899, 69
1697725296.835985, 71
1697725296.852490, 70
1697725296.868860, 70
1697725296.885512, 70
1697725296.902371, 69
1697725296.919142, 70
1697725296.936057, 70
1697725296.952700, 70
1697725296.969854, 69
1697725296.987184, 71
1697725297.003805, 71
1697725297.020500, 70
1697725297.037130, 71
1697725297.053770, 72
1697725297.070780, 71
1697725297.088062, 71
1697725297.104790, 71
1697725297.121921, 71
1697725297.139230, 70
1697725297.156128, 70
1697725297.173382, 71
1697725297.190129, 71
1697725297.206897, 71
1697725297.224017, 70
1697725297.240634, 71
1697725297.257195, 71
1697725297.274246, 71
1697725297.291184, 72
1697725297.308296, 72
1697725297.325496, 72
1697725297.342355, 72
1697725297.358943, 72
1697725297.375749, 72
1697725297.392528, 72
1697725297.409106, 72
1697725297.425709, 72
1697725297.442443, 72
1697725297.459111, 70
1697725297.475894, 71
1697725297.492484, 71
1697725297.509661, 71
1697725297.526428, 71
1697725297.542970, 72
1697725297.560050, 72
1697725297.576917, 73
1697725297.593808, 73
1697725297.611049, 72
1697725297.628068, 73
1697725297.644759, 73
1697725297.661536, 72
1697725297.678182, 73
1697725297.694555, 73
1697725297.711605, 73
1697725297.728315, 73
1697725297.744924, 72
1697725297.761466, 73
1697725297.778153, 72
1697725297.794655, 72
1697725297.811347, 73
1697725297.828093, 72
1697725297.845365, 72
1697725297.861875, 72
1697725297.878492, 73
1697725297.895339, 72
1697725297.911767, 73
1697725297.928456, 74
1697725297.945381, 74
1697725297.962436, 74
1697725297.979163, 74
1697725297.995891, 75
1697725298.012686, 74
1697725298.029245, 74
1697725298.046539, 72
1697725298.063290, 73
1697725298.079855, 72
1697725298.097273, 72
1697725298.113910, 73
1697725298.131213, 73
1697725298.148282, 73
1697725298.164986, 74
1697725298.182310, 74
1697725298.199153, 74
1697725298.215650, 74
1697725298.232616, 74
1697725298.249609, 75
1697725298.266210, 75
1697725298.283308, 74
1697725298.300207, 75
1697725298.316914, 74
1697725298.334080, 75
1697725298.351088, 74
1697725298.367688, 73
1697725298.384351, 74
1697725298.400883, 74
1697725298.417418, 74
1697725298.434820, 73
1697725298.451730, 74
1697725298.468535, 75
1697725298.485533, 74
1697725298.502107, 74
1697725298.518586, 75
1697725298.535776, 75
1697725298.552642, 75
1697725298.569484, 76
1697725298.585997, 76
1697725298.602748, 75
1697725298.619798, 75
1697725298.636628, 76
1697725298.653399, 73
1697725298.670587, 73
1697725298.687332, 75
1697725298.703918, 74
1697725298.721001, 75
1697725298.738017, 75
1697725298.754609, 75
1697725298.771529, 76
1697725298.787930, 76
1697725298.804423, 75
1697725298.821511, 76
1697725298.838342, 76
1697725298.854712, 76
1697725298.871606, 74
1697725298.888396, 75
1697725298.905556, 76
1697725298.922425, 76
1697725298.939481, 75
1697725298.956723, 76
1697725298.973519, 76
1697725298.989811, 75
1697725299.006514, 76
1697725299.023016, 75
1697725299.039651, 74
1697725299.056633, 75
1697725299.073244, 77
1697725299.089865, 75
1697725299.106466, 77
1697725299.123070, 77
1697725299.139752, 76
1697725299.156647, 76
1697725299.173117, 76
1697725299.189847, 76
1697725299.206594, 77
1697725299.223043, 77
1697725299.240127, 76
1697725299.256723, 76
1697725299.273438, 77
1697725299.290481, 77
1697725299.307059, 76
1697725299.323860, 77
1697725299.341033, 77
1697725299.357754, 76
1697725299.374306, 76
1697725299.391226, 77
1697725299.408034, 77
1697725299.424442, 77
1697725299.441703, 78
1697725299.458407, 77
1697725299.475024, 78
1697725299.491431, 78
1697725299.508126, 78
1697725299.524632, 78
1697725299.541743, 78
1697725299.558505, 77
1697725299.574970, 77
1697725299.591638, 77
1697725299.608616, 77
1697725299.625635, 76
1697725299.642199, 77
1697725299.658895, 77
1697725299.675847, 78
1697725299.692446, 78
1697725299.708960, 79
1697725299.726004, 79
1697725299.743106, 78
1697725299.759871, 77
1697725299.777403, 79
1697725299.794013, 78
1697725299.810543, 77
1697725299.827397, 78
1697725299.844311, 78
1697725299.861289, 78
1697725299.878602, 78
1697725299.895400, 77
1697725299.911994, 77
1697725299.928791, 78
1697725299.945508, 78
1697725299.962281, 78
1697725299.979307, 78
1697725299.996044, 78
1697725300.012473, 78
1697725300.029505, 79
1697725300.046141, 79
1697725300.063103, 80
1697725300.079753, 79
1697725300.096633, 80
1697725300.113688, 79
1697725300.130625, 78
1697725300.147289, 79
1697725300.164305, 79
1697725300.181176, 78
1697725300.197828, 79
1697725300.215166, 79
1697725300.231957, 78
1697725300.248766, 78
1697725300.265479, 79
1697725300.282293, 78
1697725300.299093, 80
1697725300.316454, 80
1697725300.333371, 80
1697725300.350154, 79
1697725300.367441, 80
1697725300.384246, 79
1697725300.401529, 80
1697725300.418729, 80
1697725300.435788, 80
1697725300.453056, 80
1697725300.469952, 81
1697725300.486719, 79
1697725300.503398, 79
1697725300.520021, 80
1697725300.536813, 80
1697725300.553971, 80
1697725300.570848, 79
1697725300.588049, 79
1697725300.604808, 79
1697725300.621631, 80
1697725300.638236, 81
1697725300.655266, 80
1697725300.671854, 81
1697725300.688898, 81
1697725300.706308, 81
1697725300.723155, 80
1697725300.739921, 81
1697725300.756946, 81
1697725300.773748, 80
1697725300.790516, 81
1697725300.807464, 80
1697725300.823992, 80
1697725300.840641, 80
1697725300.857488, 80
1697725300.874050, 81
1697725300.890622, 79
1697725300.907783, 81
1697725300.924567, 82
1697725300.941274, 81
1697725300.958478, 82
1697725300.975178, 82
1697725300.991970, 81
1697725301.008765, 82
1697725301.025472, 82
1697725301.041895, 82
1697725301.058858, 81
1697725301.075566, 82
1697725301.092425, 81
1697725301.108972, 81
1697725301.125869, 80
1697725301.142888, 80
1697725301.159798, 80
1697725301.176217, 80
1697725301.192868, 80
1697725301.209791, 80
1697725301.226397, 81
1697725301.242928, 82
1697725301.259733, 81
1697725301.276454, 82
1697725301.293447, 83
1697725301.310263, 83
1697725301.326839, 82
1697725301.343361, 83
1697725301.360024, 83
1697725301.377395, 82
1697725301.394446, 83
1697725301.411214, 83
1697725301.428523, 82
1697725301.445608, 82
1697725301.462461, 81
1697725301.479774, 81
1697725301.496494, 82
1697725301.513254, 82
1697725301.530322, 82
1697725301.546970, 82
1697725301.563500, 83
1697725301.580513, 83
1697725301.597269, 82
1697725301.613760, 83
1697725301.630758, 83
1697725301.647544, 82
1697725301.664086, 82
1697725301.680968, 82
1697725301.697761, 82
1697725301.714834, 84
1697725301.731992, 84
1697725301.748907, 83
1697725301.765441, 82
1697725301.782275, 83
1697725301.799072, 83
1697725301.815725, 81
1697725301.832454, 83
1697725301.848784, 83
1697725301.865768, 82
1697725301.882868, 84
1697725301.899689, 84
1697725301.916565, 84
1697725301.933390, 84
1697725301.950155, 84
1697725301.967189, 83
1697725301.983954, 83
1697725302.000521, 83
1697725302.017520, 83
1697725302.034378, 84
1697725302.050888, 84
1697725302.067793, 83
1697725302.084405, 82
1697725302.100852, 83
1697725302.117953, 83
1697725302.134641, 83
1697725302.151113, 84
1697725302.167979, 84
1697725302.184417, 84
1697725302.200891, 85
1697725302.217646, 85
1697725302.234375, 85
1697725302.251220, 84
1697725302.267742, 85
1697725302.284414, 85
1697725302.301528, 84
1697725302.318265, 84
1697725302.335017, 84
1697725302.352176, 84
1697725302.368962, 85
1697725302.385508, 85
1697725302.402565, 84
1697725302.419421, 84
1697725302.436199, 83
1697725302.453860, 83
1697725302.470620, 84
1697725302.486927, 83
1697725302.503634, 83
1697725302.520438, 83
1697725302.537275, 85
1697725302.554294, 86
1697725302.571002, 86
1697725302.587955, 86
1697725302.604620, 86
1697725302.621488, 85
1697725302.639005, 86
1697725302.655589, 86
1697725302.672065, 85
1697725302.689021, 86
1697725302.705595, 86
1697725302.722412, 86
1697725302.739089, 85
1697725302.755874, 85
1697725302.772259, 85
1697725302.788826, 86
1697725302.805641, 85
1697725302.822130, 85
1697725302.839025, 84
1697725302.855961, 86
1697725302.872527, 86
1697725302.889490, 86
1697725302.906236, 86
1697725302.923058, 86
1697725302.940166, 86
1697725302.957117, 86
1697725302.974161, 86
1697725302.990682, 86
1697725303.007291, 85
1697725303.024444, 86
1697725303.041164, 87
1697725303.057868, 85
1697725303.074765, 86
1697725303.091445, 85
1697725303.108268, 86
1697725303.125449, 86
1697725303.142148, 86
1697725303.158595, 86
1697725303.175773, 87
1697725303.192512, 87
1697725303.209007, 87
1697725303.225667, 86
1697725303.242176, 87
1697725303.258737, 87
1697725303.275553, 86
1697725303.292230, 86
1697725303.309258, 87
1697725303.325807, 88
1697725303.342441, 87
1697725303.359511, 87
1697725303.376142, 86
1697725303.392887, 85
1697725303.409745, 86
1697725303.426333, 87
1697725303.443225, 86
1697725303.460838, 86
1697725303.477524, 87
1697725303.494015, 86
1697725303.510594, 87
1697725303.527209, 87
1697725303.543612, 87
1697725303.560861, 88
1697725303.577584, 88
1697725303.594175, 87
1697725303.610860, 87
1697725303.627492, 88
1697725303.644546, 88
1697725303.661328, 88
1697725303.678079, 88
1697725303.695196, 88
1697725303.711821, 86
1697725303.728499, 86
1697725303.745260, 87
1697725303.761795, 87
1697725303.778327, 86
1697725303.795054, 86
1697725303.811670, 87
1697725303.828287, 87
1697725303.845540, 88
1697725303.862262, 88
1697725303.878795, 88
1697725303.895792, 89
1697725303.912427, 89
1697725303.929301, 89
1697725303.945954, 89
1697725303.962740, 88
1697725303.980170, 88
1697725303.997080, 89
1697725304.013650, 89
1697725304.030699, 89
1697725304.047350, 88
1697725304.064217, 87
1697725304.081000, 86
1697725304.097771, 88
1697725304.114343, 89
1697725304.130874, 89
1697725304.147462, 89
1697725304.163945, 88
1697725304.180696, 89
1697725304.197389, 89
1697725304.214592, 89
1697725304.231633, 88
1697725304.248156, 89
1697725304.265222, 89
1697725304.282016, 89
1697725304.298752, 89
1697725304.315817, 89
1697725304.332832, 89
1697725304.349334, 89
1697725304.365998, 89
1697725304.382845, 89
1697725304.399765, 88
1697725304.416376, 89
1697725304.432861, 89
1697725304.449543, 89
1697725304.466343, 88
1697725304.483182, 88
1697725304.499998, 90
1697725304.516951, 90
1697725304.533982, 91
1697725304.550532, 89
1697725304.567566, 90
1697725304.584442, 89
1697725304.601133, 89
1697725304.617625, 89
1697725304.634308, 90
1697725304.651045, 90
1697725304.667722, 89
1697725304.684628, 90
1697725304.701743, 91
1697725304.718375, 89
1697725304.734901, 89
1697725304.751938, 89
1697725304.768924, 90
1697725304.785600, 89
1697725304.802641, 89
1697725304.819227, 90
1697725304.835900, 89
1697725304.852721, 90
1697725304.869585, 91
1697725304.886372, 91
1697725304.902879, 91
1697725304.919680, 91
1697725304.936308, 91
1697725304.953097, 91
1697725304.969829, 91
1697725304.986521, 91
1697725305.003248, 91
1697725305.019697, 91
1697725305.036567, 90
1697725305.053323, 90
1697725305.070317, 89
1697725305.087536, 90
1697725305.104295, 90
1697725305.120884, 90
1697725305.137734, 89
1697725305.154289, 90
1697725305.170759, 90
1697725305.187423, 91
1697725305.203955, 91
1697725305.220931, 92
1697725305.237719, 91
1697725305.254563, 91
1697725305.271736, 91
1697725305.288384, 92
1697725305.304873, 92
1697725305.322209, 92
1697725305.338859, 91
1697725305.355321, 91
1697725305.372159, 92
1697725305.388804, 92
1697725305.405198, 90
1697725305.421881, 91
1697725305.438643, 91
1697725305.455349, 91
1697725305.472699, 91
1697725305.489547, 91
1697725305.506409, 91
1697725305.523332, 92
1697725305.540051, 92
1697725305.557222, 92
1697725305.574537, 93
1697725305.591197, 91
1697725305.608545, 91
1697725305.625420, 92
1697725305.642052, 92
1697725305.658746, 91
1697725305.675397, 92
1697725305.692270, 93
1697725305.709824, 93
1697725305.726444, 92
1697725305.743115, 91
1697725305.759999, 91
1697725305.776724, 92
1697725305.793569, 91
1697725305.810793, 92
1697725305.827474, 92
1697725305.844079, 92
1697725305.861192, 93
1697725305.878120, 93
1697725305.895109, 92
1697725305.912322, 93
1697725305.929233, 93
1697725305.946068, 93
1697725305.963185, 93
1697725305.980001, 92
1697725305.997298, 93
1697725306.014137, 93
1697725306.030616, 93
1697725306.047538, 93
1697725306.064422, 93
1697725306.081004, 92
1697725306.098136, 92
1697725306.114758, 93
1697725306.131395, 92
1697725306.148449, 93
1697725306.165294, 92
1697725306.182064, 93
1697725306.199356, 93
1697725306.216357, 94
1697725306.233348, 93
1697725306.250437, 94
1697725306.266989, 94
1697725306.283673, 93
1697725306.300776, 94
1697725306.318047, 94
1697725306.335200, 94
1697725306.351778, 94
1697725306.368251, 94
1697725306.385283, 94
1697725306.402050, 93
1697725306.418770, 94
1697725306.435263, 93
1697725306.452269, 93
1697725306.468965, 93
1697725306.485990, 94
1697725306.502891, 93
1697725306.519587, 94
1697725306.536116, 94
1697725306.552965, 95
1697725306.569566, 94
1697725306.586154, 94
1697725306.603134, 94
1697725306.620203, 95
1697725306.637515, 94
1697725306.654313, 95
1697725306.671484, 95
1697725306.688494, 95
1697725306.705494, 95
1697725306.722688, 95
1697725306.739496, 95
1697725306.756205, 95
1697725306.772712, 94
1697725306.789425, 94
1697725306.805986, 94
1697725306.823588, 93
1697725306.840950, 93
1697725306.857616, 94
1697725306.874118, 94
1697725306.890816, 93
1697725306.907691, 95
1697725306.925297, 96
1697725306.941882, 95
1697725306.958379, 95
1697725306.975011, 96
1697725306.991609, 96
1697725307.008146, 95
1697725307.025287, 95
1697725307.042068, 95
1697725307.058637, 94
1697725307.075588, 95
1697725307.092124, 95
1697725307.109429, 96
1697725307.126155, 95
1697725307.142754, 94
1697725307.159464, 95
1697725307.176003, 95
1697725307.192585, 95
1697725307.209723, 95
1697725307.226447, 95
1697725307.243279, 96
1697725307.259873, 95
1697725307.276651, 95
1697725307.293581, 96
1697725307.311254, 96
1697725307.328104, 96
1697725307.344682, 97
1697725307.361876, 96
1697725307.378132, 96
1697725307.394709, 96
1697725307.411750, 97
1697725307.428880, 96
1697725307.446150, 96
1697725307.463173, 97
1697725307.479858, 96
1697725307.496792, 95
1697725307.513737, 95
1697725307.530305, 95
1697725307.547377, 95
1697725307.564111, 95
1697725307.580838, 96
1697725307.598172, 97
1697725307.614915, 97
1697725307.631392, 97
1697725307.648031, 96
1697725307.664588, 97
1697725307.681209, 97
1697725307.697772, 97
1697725307.714601, 97
1697725307.731577, 97
1697725307.748491, 96
1697725307.765360, 96
1697725307.781939, 96
1697725307.798754, 96
1697725307.815410, 97
1697725307.832609, 96
1697725307.849860, 97
1697725307.866661, 95
1697725307.883672, 95
1697725307.900787, 96
1697725307.917646, 97
1697725307.935011, 96
1697725307.951861, 98
1697725307.968427, 97
1697725307.985332, 97
1697725308.001974, 97
1697725308.018480, 97
1697725308.035668, 96
1697725308.052405, 96
1697725308.069007, 97
1697725308.086183, 98
1697725308.102891, 98
1697725308.119880, 99
1697725308.137049, 98
1697725308.153543, 98
1697725308.170224, 97
1697725308.187536, 96
1697725308.203969, 96
1697725308.220166, 96
1697725308.237212, 96
1697725308.254004, 97
1697725308.270525, 97
1697725308.287652, 97
1697725308.304491, 98
1697725308.321518, 97
1697725308.338871, 99
1697725308.355613, 98
1697725308.372592, 97
1697725308.389803, 98
1697725308.406508, 98
1697725308.423630, 97
1697725308.440681, 99
1697725308.457303, 98
1697725308.473862, 97
1697725308.490553, 98
1697725308.507223, 98
1697725308.524354, 98
1697725308.541084, 97
1697725308.558033, 98
1697725308.575111, 97
1697725308.591929, 98
1697725308.608844, 98
1697725308.625726, 97
1697725308.642151, 97
1697725308.659163, 99
1697725308.676416, 99
1697725308.693333, 99
1697725308.710214, 99
1697725308.727344, 98
1697725308.744419, 99
1697725308.761730, 99
1697725308.778541, 99
1697725308.795416, 99
1697725308.812524, 98
1697725308.829762, 100
1697725308.846444, 99
1697725308.863885, 99
1697725308.880533, 100
1697725308.896848, 99
1697725308.913853, 98
1697725308.930628, 99
1697725308.947520, 99
1697725308.965806, 98
1697725308.982235, 99
1697725308.998878, 99
1697725309.016096, 99
1697725309.032568, 99
1697725309.049079, 100
1697725309.065985, 98
1697725309.082961, 100
1697725309.099439, 100
1697725309.116301, 99
1697725309.132897, 99
1697725309.149382, 99
1697725309.166240, 100
1697725309.183042, 100
1697725309.199695, 100
1697725309.216472, 99
1697725309.233150, 100
1697725309.249800, 99
1697725309.267159, 99
1697725309.283775, 98
1697725309.300470, 99
1697725309.317564, 100
1697725309.334285, 99
1697725309.351426, 99
1697725309.368588, 100
1697725309.385481, 99
1697725309.402788, 99
1697725309.419528, 100
1697725309.436099, 99
1697725309.453294, 99
1697725309.470130, 100
1697725309.486848, 100
1697725309.503841, 99
1697725309.520816, 99
1697725309.537563, 100
1697725309.554404, 99
1697725309.571017, 100
1697725309.587880, 99
1697725309.605218, 99
1697725309.621745, 100
1697725309.638178, 100
1697725309.655186, 99
1697725309.671964, 100
1697725309.688550, 100
1697725309.705807, 99
1697725309.722850, 99
1697725309.739812, 98
1697725309.756561, 98
1697725309.773332, 98
1697725309.790177, 99
1697725309.806998, 100
1697725309.823670, 100
1697725309.840817, 99
1697725309.857683, 100
1697725309.874447, 99
1697725309.891783, 99
1697725309.908388, 99
1697725309.925083, 99
1697725309.941587, 99
1697725309.958591, 100
1697725309.975400, 99
1697725309.992452, 99
1697725310.009170, 99
1697725310.025725, 99
1697725310.042869, 98
1697725310.059675, 98
1697725310.076143, 98
1697725310.092973, 98
1697725310.109870, 97
1697725310.126976, 98
1697725310.144271, 96
1697725310.160888, 97
1697725310.178095, 97
1697725310.194785, 97
1697725310.211353, 93
1697725310.228368, 86
1697725310.245086, 79
1697725310.262128, 72
1697725310.278735, 65
1697725310.295352, 58
1697725310.312345, 52
1697725310.329641, 47
1697725310.346525, 46
1697725310.363262, 47
1697725310.380141, 47
1697725310.396822, 47
1697725310.413498, 47
1697725310.430860, 47
1697725310.447430, 47
1697725310.464093, 48
1697725310.480833, 47
1697725310.497599, 47
1697725310.514710, 47
1697725310.531666, 47
1697725310.548164, 48
1697725310.565569, 48
1697725310.582290, 48
1697725310.599008, 48
1697725310.616141, 48
1697725310.632960, 48
1697725310.649977, 48
1697725310.667277, 48
1697725310.684520, 49
1697725310.701515, 48
1697725310.718454, 47
1697725310.735273, 48
1697725310.752085, 49
1697725310.769530, 49
1697725310.786275, 49
1697725310.802713, 48
1697725310.819871, 49
1697725310.836403, 49
1697725310.853432, 48
1697725310.870449, 49
1697725310.887642, 49
1697725310.905026, 49
1697725310.921926, 48
1697725310.938631, 48
1697725310.955888, 49
1697725310.972727, 49
1697725310.989487, 49
1697725311.006664, 50
1697725311.023585, 49
1697725311.040499, 50
1697725311.058163, 50
1697725311.074895, 50
1697725311.091768, 50
1697725311.108558, 50
1697725311.125272, 50
1697725311.142351, 49
1697725311.159165, 49
1697725311.176008, 50
1697725311.192850, 50
1697725311.210052, 50
1697725311.226902, 51
1697725311.243893, 50
1697725311.260899, 50
1697725311.277605, 51
1697725311.294246, 50
1697725311.311357, 51
1697725311.328240, 50
1697725311.345258, 50
1697725311.362522, 51
1697725311.379234, 51
1697725311.395646, 51
1697725311.412650, 51
1697725311.429644, 51
1697725311.446585, 52
1697725311.463998, 51
1697725311.480717, 50
1697725311.498136, 51
1697725311.514966, 51
1697725311.531751, 52
1697725311.549215, 52
1697725311.565986, 51
1697725311.582747, 52
1697725311.599721, 51
1697725311.616749, 51
1697725311.633673, 52
1697725311.650815, 52
1697725311.667689, 52
1697725311.684344, 52
1697725311.700854, 52
1697725311.717641, 53
1697725311.734490, 52
1697725311.751457, 52
1697725311.768107, 53
1697725311.784637, 52
1697725311.801283, 52
1697725311.818789, 53
1697725311.835753, 53
1697725311.852420, 53
1697725311.869163, 53
1697725311.885664, 52
1697725311.902547, 53
1697725311.919266, 53
1697725311.936217, 53
1697725311.953293, 53
1697725311.969836, 53
1697725311.986634, 53
1697725312.003570, 53
1697725312.020427, 53
1697725312.037987, 54
1697725312.055244, 53
1697725312.071853, 53
1697725312.088912, 54
1697725312.105613, 54
1697725312.122273, 54
1697725312.139253, 54
1697725312.156220, 54
1697725312.172868, 54
1697725312.190754, 54
1697725312.207802, 54
1697725312.224935, 53
1697725312.242392, 54
1697725312.259296, 54
1697725312.276100, 54
1697725312.293271, 54
1697725312.310027, 55
1697725312.326710, 54
1697725312.343514, 54
1697725312.360324, 54
1697725312.377759, 54
1697725312.394600, 55
1697725312.411160, 55
1697725312.428433, 55
1697725312.445336, 53
1697725312.462336, 54
1697725312.479197, 55
1697725312.495836, 54
1697725312.512519, 55
1697725312.529873, 56
1697725312.546673, 56
1697725312.563586, 55
1697725312.580429, 56
1697725312.596885, 55
1697725312.613507, 55
1697725312.630048, 56
1697725312.646947, 56
1697725312.663813, 54
1697725312.680590, 55
1697725312.697052, 55
1697725312.714148, 55
1697725312.730937, 56
1697725312.747549, 56
1697725312.764500, 56
1697725312.781160, 56
1697725312.797981, 56
1697725312.814836, 56
1697725312.831457, 56
1697725312.848363, 56
1697725312.865483, 57
1697725312.882282, 56
1697725312.899092, 57
1697725312.915694, 56
1697725312.932034, 56
1697725312.948668, 57
1697725312.965568, 57
1697725312.982586, 57
1697725312.999619, 57
1697725313.016466, 57
1697725313.033065, 56
1697725313.050065, 56
1697725313.066822, 56
1697725313.083729, 56
1697725313.100676, 57
1697725313.117458, 58
1697725313.134079, 58
1697725313.151174, 58
1697725313.167792, 58
1697725313.184615, 58
1697725313.201574, 57
1697725313.218231, 56
1697725313.234861, 58
1697725313.251688, 57
1697725313.268372, 56
1697725313.284944, 57
1697725313.301896, 58
1697725313.319022, 58
1697725313.335710, 58
1697725313.352598, 58
1697725313.369206, 57
1697725313.386277, 58
1697725313.403084, 58
1697725313.419786, 57
1697725313.436696, 59
1697725313.453746, 59
1697725313.470376, 59
1697725313.487625, 58
1697725313.504241, 59
1697725313.520706, 58
1697725313.537759, 58
1697725313.554397, 59
1697725313.570922, 59
1697725313.588067, 58
1697725313.604841, 59
1697725313.622466, 59
1697725313.639534, 59
1697725313.656127, 59
1697725313.672583, 59
1697725313.689780, 58
1697725313.706657, 58
1697725313.723295, 58
1697725313.739992, 59
1697725313.756621, 59
1697725313.773842, 60
1697725313.790815, 60
1697725313.807355, 59
1697725313.823996, 60
1697725313.840899, 60
1697725313.857402, 59
1697725313.874434, 60
1697725313.891160, 60
1697725313.907856, 59
1697725313.925196, 60
1697725313.941960, 60
1697725313.958606, 60
1697725313.975694, 60
1697725313.992435, 61
1697725314.009512, 61
1697725314.026742, 60
1697725314.043334, 59
1697725314.059884, 60
1697725314.077054, 60
1697725314.093636, 61
1697725314.110679, 61
1697725314.128013, 60
1697725314.144998, 60
1697725314.162142, 60
1697725314.179115, 60
1697725314.195905, 61
1697725314.212913, 61
1697725314.229721, 60
1697725314.246389, 60
1697725314.263853, 60
1697725314.280459, 60
1697725314.297158, 60
1697725314.314358, 61
1697725314.330967, 61
1697725314.347769, 61
1697725314.364678, 62
1697725314.381269, 62
1697725314.398431, 61
1697725314.415692, 62
1697725314.432274, 62
1697725314.449109, 62
1697725314.466311, 62
1697725314.483103, 62
1697725314.500118, 62
1697725314.517204, 62
1697725314.533950, 61
1697725314.550589, 62
1697725314.566990, 61
1697725314.583647, 62
1697725314.600962, 62
1697725314.618066, 62
1697725314.634928, 61
1697725314.651944, 62
1697725314.668678, 61
1697725314.685542, 63
1697725314.702621, 63
1697725314.720103, 62
1697725314.736816, 62
1697725314.753970, 62
1697725314.771000, 62
1697725314.788100, 62
1697725314.805138, 63
1697725314.822052, 63
1697725314.838814, 62
1697725314.855427, 63
1697725314.872195, 63
1697725314.889129, 62
1697725314.906440, 63
1697725314.923301, 63
1697725314.940095, 62
1697725314.957239, 62
1697725314.974184, 63
1697725314.991235, 62
1697725315.008331, 63
1697725315.025252, 64
1697725315.042395, 64
1697725315.059640, 63
1697725315.076539, 63
1697725315.093359, 63
1697725315.110222, 63
1697725315.127181, 64
1697725315.144365, 64
1697725315.161029, 63
1697725315.177829, 63
1697725315.195058, 63
1697725315.212063, 63
1697725315.229124, 64
1697725315.246267, 64
1697725315.263007, 64
1697725315.279755, 63
1697725315.296764, 63
1697725315.313358, 64
1697725315.330000, 64
1697725315.347035, 65
1697725315.364014, 65
1697725315.380964, 65
1697725315.398026, 65
1697725315.414754, 65
1697725315.431266, 64
1697725315.448483, 65
1697725315.465271, 64
1697725315.481791, 64
1697725315.498741, 65
1697725315.515574, 65
1697725315.533143, 64
1697725315.550757, 65
1697725315.567622, 65
1697725315.584768, 66
1697725315.601552, 66
1697725315.618367, 65
1697725315.635467, 65
1697725315.652278, 64
1697725315.668880, 65
1697725315.685982, 66
1697725315.702828, 65
1697725315.719490, 66
1697725315.736926, 65
1697725315.753741, 65
1697725315.770528, 65
1697725315.787120, 65
1697725315.804004, 65
1697725315.820886, 65
1697725315.838183, 66
1697725315.854859, 66
1697725315.871697, 67
1697725315.888225, 66
1697725315.904670, 66
1697725315.921127, 66
1697725315.938120, 65
1697725315.955266, 66
1697725315.971839, 66
1697725315.988762, 66
1697725316.005383, 66
1697725316.022504, 66
1697725316.039473, 67
1697725316.056330, 67
1697725316.073758, 67
1697725316.090566, 66
1697725316.107289, 66
1697725316.123966, 66
1697725316.140796, 66
1697725316.157437, 67
1697725316.174810, 67
1697725316.191538, 67
1697725316.208093, 67
1697725316.224907, 67
1697725316.241797, 67
1697725316.258286, 68
1697725316.274765, 67
1697725316.291509, 67
1697725316.307975, 67
1697725316.324808, 66
1697725316.341663, 67
1697725316.358311, 67
1697725316.375265, 68
1697725316.391892, 68
1697725316.408919, 68
1697725316.426113, 68
1697725316.442878, 68
1697725316.459975, 68
1697725316.476873, 67
1697725316.493454, 68
1697725316.510526, 67
1697725316.527297, 67
1697725316.544199, 68
1697725316.561342, 68
1697725316.578260, 68
1697725316.594906, 67
1697725316.611785, 68
1697725316.628380, 68
1697725316.645257, 68
1697725316.662028, 67
1697725316.678730, 67
1697725316.695251, 68
1697725316.712379, 68
1697725316.728921, 69
1697725316.745604, 69
1697725316.763034, 69
1697725316.779886, 69
1697725316.796733, 68
1697725316.813765, 69
1697725316.830518, 69
1697725316.847372, 69
1697725316.864067, 69
1697725316.880895, 69
1697725316.898269, 69
1697725316.915111, 69
1697725316.931985, 69
1697725316.949008, 70
1697725316.965966, 69
1697725316.982622, 69
1697725316.999227, 69
1697725317.016169, 70
1697725317.032594, 69
1697725317.049669, 69
1697725317.066266, 69
1697725317.083072, 68
1697725317.099719, 69
1697725317.116371, 69
1697725317.132891, 69
1697725317.149484, 70
1697725317.166547, 69
1697725317.183628, 71
1697725317.200745, 70
1697725317.217717, 70
1697725317.234267, 70
1697725317.250893, 70
1697725317.267947, 69
1697725317.285093, 70
1697725317.301735, 70
1697725317.318627, 70
1697725317.335333, 70
1697725317.352085, 69
1697725317.368956, 69
1697725317.385829, 69
1697725317.402555, 70
1697725317.419155, 70
1697725317.436113, 70
1697725317.453106, 70
1697725317.470138, 71
1697725317.487173, 71
1697725317.503946, 71
1697725317.520667, 71
1697725317.537579, 71
1697725317.554291, 71
1697725317.570885, 70
1697725317.588006, 71
1697725317.604612, 71
1697725317.621303, 70
1697725317.638354, 71
1697725317.655172, 70
1697725317.671914, 71
1697725317.688855, 71
1697725317.705524, 71
1697725317.722799, 71
1697725317.739488, 71
1697725317.756088, 71
1697725317.772652, 71
1697725317.789430, 70
1697725317.806084, 71
1697725317.822608, 72
1697725317.839142, 71
1697725317.855888, 72
1697725317.873184, 72
1697725317.889971, 71
1697725317.906440, 72
1697725317.923357, 72
1697725317.939922, 72
1697725317.956758, 72
1697725317.973913, 72
1697725317.990359, 71
1697725318.007077, 71
1697725318.024165, 71
1697725318.040965, 73
1697725318.057536, 72
1697725318.074400, 71
1697725318.091017, 73
1697725318.108165, 73
1697725318.124975, 72
1697725318.141452, 72
1697725318.158626, 72
1697725318.175422, 72
1697725318.191927, 73
1697725318.208769, 72
1697725318.225527, 72
1697725318.241917, 73
1697725318.258783, 73
1697725318.275608, 72
1697725318.292871, 73
1697725318.310371, 73
1697725318.326900, 72
1697725318.344073, 72
1697725318.361023, 72
1697725318.377666, 74
1697725318.395116, 73
1697725318.411669, 73
1697725318.428428, 74
1697725318.445350, 73
1697725318.462006, 73
1697725318.478815, 74
1697725318.495711, 72
1697725318.512240, 72
1697725318.528992, 74
1697725318.545544, 73
1697725318.562589, 72
1697725318.579103, 74
1697725318.596135, 74
1697725318.613142, 74
1697725318.630141, 74
1697725318.646788, 73
1697725318.663608, 73
1697725318.680497, 73
1697725318.697701, 73
1697725318.714578, 74
1697725318.731799, 74
1697725318.748821, 74
1697725318.765496, 74
1697725318.782717, 73
1697725318.799402, 74
1697725318.816193, 74
1697725318.832895, 74
1697725318.849535, 75
1697725318.866222, 75
1697725318.883241, 74
1697725318.899983, 74
1697725318.916677, 75
1697725318.933226, 74
1697725318.949965, 75
1697725318.966293, 74
1697725318.983315, 75
1697725318.999907, 75
1697725319.017047, 74
1697725319.034115, 74
1697725319.050963, 75
1697725319.068181, 75
1697725319.085501, 74
1697725319.102164, 74
1697725319.119199, 75
1697725319.135624, 74
1697725319.152343, 75
1697725319.169266, 74
1697725319.185766, 76
1697725319.202356, 75
1697725319.219402, 75
1697725319.236336, 76
1697725319.253060, 76
1697725319.269858, 75
1697725319.286595, 76
1697725319.303466, 75
1697725319.320450, 76
1697725319.337402, 75
1697725319.354052, 75
1697725319.371134, 76
1697725319.388262, 76
1697725319.404733, 76
1697725319.422089, 74
1697725319.438900, 75
1697725319.455782, 75
1697725319.472820, 75
1697725319.489505, 77
1697725319.506568, 76
1697725319.523381, 77
1697725319.540275, 76
1697725319.557632, 77
1697725319.574327, 77
1697725319.591025, 77
1697725319.608341, 78
1697725319.625022, 78
1697725319.641579, 77
1697725319.658563, 77
1697725319.675247, 77
1697725319.691800, 76
1697725319.709088, 75
1697725319.725846, 77
1697725319.742555, 76
1697725319.759791, 77
1697725319.776617, 77
1697725319.793427, 77
1697725319.810737, 77
1697725319.827506, 78
1697725319.843946, 77
1697725319.861079, 78
1697725319.877793, 77
1697725319.894145, 77
1697725319.911526, 77
1697725319.928600, 78
1697725319.945133, 79
1697725319.962269, 78
1697725319.978967, 76
1697725319.995923, 78
1697725320.012569, 77
1697725320.029058, 77
1697725320.046131, 77
1697725320.062940, 77
1697725320.079472, 77
1697725320.095971, 79
1697725320.112849, 78
1697725320.129289, 78
1697725320.146350, 79
1697725320.163328, 79
1697725320.179981, 79
1697725320.196414, 79
1697725320.213202, 79
1697725320.229838, 78
1697725320.247147, 78
1697725320.263965, 79
1697725320.280467, 77
1697725320.297733, 78
1697725320.314468, 78
1697725320.331316, 79
1697725320.348922, 77
1697725320.365684, 78
1697725320.382398, 78
1697725320.399381, 78
1697725320.416148, 79
1697725320.433181, 80
1697725320.449877, 80
1697725320.466934, 78
1697725320.484127, 80
1697725320.500764, 79
1697725320.517408, 79
1697725320.534260, 80
1697725320.551303, 80
1697725320.568240, 80
1697725320.585393, 80
1697725320.602262, 79
1697725320.619248, 78
1697725320.636018, 78
1697725320.652627, 80
1697725320.669292, 79
1697725320.686224, 79
1697725320.703205, 79
1697725320.719746, 80
1697725320.737053, 80
1697725320.753540, 81
1697725320.771204, 80
1697725320.788265, 80
1697725320.805258, 81
1697725320.822243, 81
1697725320.838931, 79
1697725320.855767, 80
1697725320.873087, 80
1697725320.889948, 80
1697725320.906737, 80
1697725320.924009, 80
1697725320.941023, 79
1697725320.957966, 79
1697725320.975159, 79
1697725320.991789, 79
1697725321.008444, 80
1697725321.025354, 80
1697725321.042045, 80
1697725321.058893, 81
1697725321.076001, 81
1697725321.093019, 81
1697725321.110232, 80
1697725321.127439, 81
1697725321.144053, 82
1697725321.161419, 82
1697725321.178152, 82
1697725321.194919, 82
1697725321.212194, 81
1697725321.228728, 80
