1697722899.149112, 0
1697722899.166112, 0
1697722899.182845, 0
1697722899.200020, 2
1697722899.217060, 7
1697722899.233788, 6
1697722899.250807, 13
1697722899.267846, 17
1697722899.284598, 19
1697722899.301156, 24
1697722899.317912, 27
1697722899.334863, 31
1697722899.351595, 35
1697722899.368540, 40
1697722899.385349, 44
1697722899.402313, 48
1697722899.419387, 53
1697722899.436395, 59
1697722899.454175, 66
1697722899.471475, 70
1697722899.488175, 73
1697722899.504992, 78
1697722899.521479, 80
1697722899.538138, 80
1697722899.555355, 79
1697722899.572448, 80
1697722899.588996, 80
1697722899.605854, 80
1697722899.622513, 80
1697722899.639558, 80
1697722899.656645, 80
1697722899.673636, 80
1697722899.690586, 80
1697722899.707690, 80
1697722899.724690, 80
1697722899.741314, 80
1697722899.758142, 80
1697722899.774819, 80
1697722899.791503, 80
1697722899.808354, 80
1697722899.825353, 80
1697722899.842455, 79
1697722899.859596, 80
1697722899.876476, 79
1697722899.893189, 79
1697722899.910317, 80
1697722899.927044, 79
1697722899.944022, 80
1697722899.960801, 80
1697722899.977634, 79
1697722899.994380, 80
1697722900.011737, 80
1697722900.029011, 79
1697722900.046336, 79
1697722900.063357, 80
1697722900.080220, 80
1697722900.098136, 79
1697722900.114697, 79
1697722900.131558, 79
1697722900.148935, 80
1697722900.165857, 80
1697722900.182794, 79
1697722900.200110, 80
1697722900.217678, 80
1697722900.234446, 79
1697722900.251302, 79
1697722900.268098, 79
1697722900.284910, 79
1697722900.301905, 80
1697722900.318736, 78
1697722900.335606, 79
1697722900.352821, 79
1697722900.369597, 79
1697722900.386198, 77
1697722900.404022, 77
1697722900.421122, 78
1697722900.437969, 78
1697722900.454597, 79
1697722900.471514, 77
1697722900.488273, 79
1697722900.505852, 77
1697722900.522874, 75
1697722900.539637, 77
1697722900.556492, 79
1697722900.573464, 77
1697722900.590159, 78
1697722900.607816, 79
1697722900.624675, 76
1697722900.642015, 79
1697722900.659041, 80
1697722900.675797, 78
1697722900.693075, 76
1697722900.710575, 78
1697722900.727342, 78
1697722900.744653, 78
1697722900.761490, 77
1697722900.778323, 76
1697722900.795515, 74
1697722900.812154, 77
1697722900.829827, 79
1697722900.846462, 76
1697722900.863323, 76
1697722900.880593, 77
1697722900.897979, 78
1697722900.915045, 76
1697722900.932484, 76
1697722900.949093, 79
1697722900.966163, 78
1697722900.983625, 79
1697722901.000275, 77
1697722901.017140, 73
1697722901.034662, 70
1697722901.051787, 67
1697722901.068377, 64
1697722901.085662, 61
1697722901.102550, 58
1697722901.119444, 58
1697722901.136885, 58
1697722901.153784, 59
1697722901.170516, 59
1697722901.187882, 59
1697722901.204906, 58
1697722901.221663, 55
1697722901.238668, 55
1697722901.255430, 49
1697722901.272717, 42
1697722901.289695, 35
1697722901.306378, 28
1697722901.323518, 25
1697722901.340374, 26
1697722901.357030, 26
1697722901.374137, 26
1697722901.390726, 26
1697722901.407157, 27
1697722901.424416, 26
1697722901.441265, 27
1697722901.458046, 27
1697722901.475098, 26
1697722901.491689, 27
1697722901.509224, 28
1697722901.526317, 27
1697722901.543318, 27
1697722901.561382, 27
1697722901.578270, 28
1697722901.595650, 28
1697722901.612921, 28
1697722901.629716, 27
1697722901.646500, 28
1697722901.663608, 28
1697722901.680494, 29
1697722901.697522, 28
1697722901.714892, 28
1697722901.732085, 29
1697722901.748748, 29
1697722901.765906, 28
1697722901.782901, 29
1697722901.799661, 28
1697722901.816423, 29
1697722901.833179, 30
1697722901.850068, 30
1697722901.867435, 29
1697722901.884365, 29
1697722901.901090, 29
1697722901.918845, 30
1697722901.935827, 30
1697722901.953521, 30
1697722901.970342, 29
1697722901.987150, 30
1697722902.004413, 31
1697722902.021437, 30
1697722902.038561, 30
1697722902.056339, 31
1697722902.073205, 32
1697722902.090111, 32
1697722902.107173, 32
1697722902.123866, 31
1697722902.140570, 31
1697722902.157638, 30
1697722902.174519, 31
1697722902.191534, 31
1697722902.208823, 32
1697722902.225914, 32
1697722902.242789, 31
1697722902.260103, 32
1697722902.276950, 32
1697722902.293716, 31
1697722902.311186, 32
1697722902.327556, 32
1697722902.344401, 32
1697722902.362172, 32
1697722902.379085, 33
1697722902.396276, 32
1697722902.412878, 32
1697722902.429314, 32
1697722902.447024, 32
1697722902.463993, 33
1697722902.481066, 33
1697722902.498508, 33
1697722902.515513, 32
1697722902.532548, 34
1697722902.549826, 34
1697722902.567018, 33
1697722902.583736, 33
1697722902.600251, 34
1697722902.617126, 33
1697722902.634237, 34
1697722902.651341, 34
1697722902.668311, 34
1697722902.684934, 34
1697722902.701975, 34
1697722902.718590, 35
1697722902.735391, 33
1697722902.752349, 34
1697722902.769049, 34
1697722902.785894, 34
1697722902.802797, 35
1697722902.819696, 35
1697722902.836591, 34
1697722902.853772, 34
1697722902.870694, 35
1697722902.887273, 34
1697722902.904147, 34
1697722902.920784, 36
1697722902.938438, 36
1697722902.955140, 35
1697722902.971962, 35
1697722902.989476, 36
1697722903.006167, 35
1697722903.023171, 36
1697722903.040095, 36
1697722903.057018, 36
1697722903.073858, 36
1697722903.090550, 36
1697722903.107327, 35
1697722903.124917, 37
1697722903.142258, 37
1697722903.159775, 36
1697722903.176264, 35
1697722903.193281, 36
1697722903.210238, 37
1697722903.227485, 37
1697722903.244916, 37
1697722903.261732, 36
1697722903.278823, 36
1697722903.295513, 37
1697722903.312674, 37
1697722903.329570, 37
1697722903.346824, 37
1697722903.363824, 37
1697722903.380956, 37
1697722903.397736, 38
1697722903.414344, 38
1697722903.431329, 38
1697722903.448184, 37
1697722903.465734, 37
1697722903.482466, 37
1697722903.499229, 38
1697722903.516067, 38
1697722903.533247, 39
1697722903.549988, 38
1697722903.567096, 39
1697722903.583695, 39
1697722903.600382, 38
1697722903.617410, 39
1697722903.634260, 39
1697722903.651354, 39
1697722903.668535, 39
1697722903.685409, 39
1697722903.702420, 38
1697722903.719236, 39
1697722903.735934, 38
1697722903.752857, 40
1697722903.770421, 39
1697722903.787342, 39
1697722903.804786, 40
1697722903.822039, 39
1697722903.838690, 40
1697722903.855949, 40
1697722903.872513, 39
1697722903.889395, 40
1697722903.905772, 40
1697722903.923002, 39
1697722903.939849, 40
1697722903.956902, 40
1697722903.973822, 41
1697722903.990389, 41
1697722904.007262, 41
1697722904.024065, 41
1697722904.040652, 40
1697722904.058081, 40
1697722904.074887, 41
1697722904.092129, 42
1697722904.109040, 41
1697722904.125896, 41
1697722904.143346, 40
1697722904.160227, 41
1697722904.176932, 40
1697722904.193672, 41
1697722904.210564, 42
1697722904.227236, 42
1697722904.244366, 42
1697722904.261446, 40
1697722904.278411, 42
1697722904.296131, 42
1697722904.312848, 43
1697722904.329736, 42
1697722904.346555, 42
1697722904.363186, 43
1697722904.380106, 42
1697722904.396896, 42
1697722904.413687, 43
1697722904.430420, 44
1697722904.447077, 43
1697722904.463687, 43
1697722904.479970, 43
1697722904.496951, 43
1697722904.513598, 43
1697722904.530962, 43
1697722904.548323, 43
1697722904.565038, 42
1697722904.582458, 43
1697722904.598990, 43
1697722904.615772, 43
1697722904.632442, 42
1697722904.649270, 44
1697722904.665829, 44
1697722904.682523, 43
1697722904.699620, 44
1697722904.716419, 44
1697722904.733322, 44
1697722904.749880, 43
1697722904.766339, 43
1697722904.783381, 44
1697722904.800099, 45
1697722904.816768, 45
1697722904.833596, 45
1697722904.850573, 45
1697722904.868023, 45
1697722904.884741, 44
1697722904.901567, 44
1697722904.918797, 45
1697722904.935865, 45
1697722904.952583, 45
1697722904.969715, 44
1697722904.986442, 45
1697722905.003201, 45
1697722905.020074, 45
1697722905.037036, 45
1697722905.054042, 45
1697722905.071399, 46
1697722905.088258, 45
1697722905.105034, 45
1697722905.122096, 45
1697722905.138598, 45
1697722905.155284, 46
1697722905.172616, 45
1697722905.189365, 46
1697722905.206301, 46
1697722905.223472, 46
1697722905.240607, 45
1697722905.257295, 46
1697722905.274288, 45
1697722905.291222, 46
1697722905.308075, 46
1697722905.325377, 46
1697722905.342124, 46
1697722905.359113, 45
1697722905.375923, 45
1697722905.392786, 47
1697722905.410150, 47
1697722905.427398, 47
1697722905.444258, 47
1697722905.461078, 47
1697722905.478095, 47
1697722905.495274, 47
1697722905.512824, 47
1697722905.530136, 47
1697722905.547173, 47
1697722905.564482, 48
1697722905.581331, 47
1697722905.598151, 47
1697722905.615185, 47
1697722905.632023, 48
1697722905.648969, 48
1697722905.666051, 48
1697722905.682817, 48
1697722905.699155, 48
1697722905.716087, 48
1697722905.733320, 46
1697722905.750096, 47
1697722905.766946, 48
1697722905.783562, 48
1697722905.800440, 48
1697722905.817484, 48
1697722905.834244, 48
1697722905.851680, 47
1697722905.868853, 48
1697722905.886562, 48
1697722905.903663, 48
1697722905.920632, 49
1697722905.937401, 48
1697722905.954071, 49
1697722905.970717, 48
1697722905.987939, 49
1697722906.005370, 48
1697722906.022152, 48
1697722906.039315, 49
1697722906.056264, 49
1697722906.073090, 49
1697722906.089904, 50
1697722906.106431, 50
1697722906.123474, 49
1697722906.140350, 49
1697722906.157507, 49
1697722906.173945, 49
1697722906.191133, 50
1697722906.208580, 50
1697722906.225698, 50
1697722906.243178, 50
1697722906.260464, 50
1697722906.277323, 49
1697722906.294112, 50
1697722906.311307, 51
1697722906.327994, 50
1697722906.344867, 49
1697722906.361821, 50
1697722906.378508, 50
1697722906.395620, 50
1697722906.412471, 50
1697722906.429205, 51
1697722906.445943, 51
1697722906.463089, 51
1697722906.479737, 51
1697722906.496838, 51
1697722906.513439, 50
1697722906.530119, 50
1697722906.546970, 50
1697722906.563783, 51
1697722906.580912, 52
1697722906.597841, 51
1697722906.614556, 50
1697722906.631465, 52
1697722906.648168, 51
1697722906.664773, 51
1697722906.682156, 51
1697722906.699169, 52
1697722906.716060, 52
1697722906.733212, 51
1697722906.750360, 51
1697722906.767154, 51
1697722906.784180, 52
1697722906.801230, 52
1697722906.817982, 52
1697722906.834898, 52
1697722906.851448, 53
1697722906.868281, 52
1697722906.885975, 52
1697722906.903051, 53
1697722906.919689, 52
1697722906.936670, 52
1697722906.953495, 51
1697722906.970665, 52
1697722906.987876, 53
1697722907.005049, 53
1697722907.022545, 53
1697722907.039299, 52
1697722907.056084, 53
1697722907.073034, 53
1697722907.090100, 53
1697722907.107153, 53
1697722907.124386, 53
1697722907.141940, 54
1697722907.158958, 53
1697722907.176089, 54
1697722907.192919, 53
1697722907.209659, 53
1697722907.226778, 53
1697722907.243459, 53
1697722907.260274, 54
1697722907.277683, 54
1697722907.294728, 54
1697722907.311368, 53
1697722907.328236, 54
1697722907.345508, 54
1697722907.362779, 54
1697722907.379560, 53
1697722907.396964, 55
1697722907.413749, 54
1697722907.430890, 54
1697722907.448275, 55
1697722907.466074, 54
1697722907.483090, 54
1697722907.500338, 55
1697722907.517288, 54
1697722907.534771, 54
1697722907.551730, 55
1697722907.569016, 55
1697722907.586081, 53
1697722907.603116, 54
1697722907.620223, 55
1697722907.636714, 54
1697722907.654072, 54
1697722907.672500, 55
1697722907.690017, 55
1697722907.707436, 54
1697722907.724430, 56
1697722907.741762, 56
1697722907.758772, 54
1697722907.776494, 55
1697722907.793348, 55
1697722907.810393, 55
1697722907.827897, 56
1697722907.844741, 55
1697722907.861507, 56
1697722907.878687, 56
1697722907.895821, 56
1697722907.912595, 55
1697722907.929671, 55
1697722907.947029, 56
1697722907.964406, 56
1697722907.981772, 57
1697722907.999473, 57
1697722908.016906, 56
1697722908.034875, 57
1697722908.052011, 57
1697722908.069404, 56
1697722908.086227, 55
1697722908.103196, 56
1697722908.120556, 57
1697722908.138041, 56
1697722908.155193, 56
1697722908.172245, 57
1697722908.190041, 56
1697722908.207361, 57
1697722908.224833, 57
1697722908.241864, 57
1697722908.258985, 57
1697722908.276223, 56
1697722908.293308, 57
1697722908.310132, 58
1697722908.327039, 58
1697722908.344023, 57
1697722908.361126, 57
1697722908.378522, 58
1697722908.395811, 57
1697722908.413297, 57
1697722908.430139, 58
1697722908.446919, 57
1697722908.464428, 58
1697722908.481907, 58
1697722908.498649, 57
1697722908.516016, 58
1697722908.533202, 58
1697722908.550060, 58
1697722908.567233, 56
1697722908.583853, 59
1697722908.600599, 58
1697722908.617997, 58
1697722908.635162, 59
1697722908.652969, 58
1697722908.670021, 58
1697722908.686872, 59
1697722908.704171, 59
1697722908.721116, 58
1697722908.737848, 58
1697722908.755188, 59
1697722908.772251, 58
1697722908.789143, 59
1697722908.806167, 58
1697722908.823730, 59
1697722908.840378, 59
1697722908.858094, 59
1697722908.875313, 59
1697722908.892168, 59
1697722908.909648, 60
1697722908.926482, 60
1697722908.943033, 60
1697722908.960372, 60
1697722908.977283, 60
1697722908.994098, 59
1697722909.011167, 60
1697722909.027994, 60
1697722909.045578, 59
1697722909.062986, 59
1697722909.079725, 60
1697722909.096827, 60
1697722909.113943, 60
1697722909.130888, 60
1697722909.148275, 60
1697722909.164942, 59
1697722909.182025, 60
1697722909.199297, 60
1697722909.216198, 61
1697722909.232595, 61
1697722909.249578, 61
1697722909.266359, 60
1697722909.283151, 61
1697722909.301234, 61
1697722909.318122, 60
1697722909.335081, 61
1697722909.351623, 61
1697722909.368088, 61
1697722909.384801, 59
1697722909.401792, 60
1697722909.418761, 61
1697722909.436055, 60
1697722909.452627, 61
1697722909.469606, 61
1697722909.486735, 60
1697722909.503752, 60
1697722909.520602, 62
1697722909.537902, 62
1697722909.554758, 62
1697722909.571721, 62
1697722909.589258, 61
1697722909.606083, 62
1697722909.622968, 63
1697722909.640274, 63
1697722909.657185, 62
1697722909.673870, 62
1697722909.691178, 62
1697722909.708061, 62
1697722909.724978, 63
1697722909.742131, 63
1697722909.759202, 62
1697722909.775987, 61
1697722909.793251, 61
1697722909.809991, 61
1697722909.827080, 62
1697722909.844800, 62
1697722909.861668, 62
1697722909.879079, 63
1697722909.895766, 64
1697722909.912552, 64
1697722909.929655, 63
1697722909.946358, 64
1697722909.963108, 64
1697722909.980397, 63
1697722909.997050, 64
1697722910.014494, 64
1697722910.032073, 63
1697722910.049175, 63
1697722910.065951, 63
1697722910.083133, 63
1697722910.100132, 63
1697722910.116916, 63
1697722910.134200, 62
1697722910.150976, 63
1697722910.167873, 64
1697722910.184913, 65
1697722910.201760, 64
1697722910.218776, 65
1697722910.236299, 64
1697722910.253501, 64
1697722910.270486, 65
1697722910.287376, 65
1697722910.304189, 64
1697722910.321758, 64
1697722910.338801, 64
1697722910.355546, 64
1697722910.372630, 64
1697722910.389370, 64
1697722910.406222, 63
1697722910.423321, 63
1697722910.440203, 64
1697722910.457273, 65
1697722910.474215, 65
1697722910.491062, 65
1697722910.507767, 66
1697722910.525153, 65
1697722910.541976, 65
1697722910.558788, 66
1697722910.576059, 65
1697722910.592723, 66
1697722910.609541, 65
1697722910.626864, 64
1697722910.643834, 65
1697722910.661278, 65
1697722910.678000, 65
1697722910.694842, 65
1697722910.712177, 65
1697722910.728990, 66
1697722910.745786, 66
1697722910.763049, 66
1697722910.779989, 66
1697722910.796955, 66
1697722910.814188, 66
1697722910.831604, 65
1697722910.848484, 67
1697722910.866077, 66
1697722910.883096, 66
1697722910.899708, 65
1697722910.916753, 66
1697722910.934194, 66
1697722910.951041, 65
1697722910.968506, 65
1697722910.985347, 65
1697722911.001997, 66
1697722911.018993, 67
1697722911.035785, 67
1697722911.052530, 67
1697722911.069854, 67
1697722911.086758, 66
1697722911.104039, 66
1697722911.121041, 67
1697722911.137938, 67
1697722911.155284, 67
1697722911.172058, 65
1697722911.189296, 67
1697722911.206352, 67
1697722911.223135, 67
1697722911.239916, 67
1697722911.256936, 67
1697722911.274184, 67
1697722911.291402, 67
1697722911.309271, 68
1697722911.326340, 68
1697722911.343197, 67
1697722911.360249, 68
1697722911.377236, 68
1697722911.393985, 69
1697722911.411054, 68
1697722911.427743, 68
1697722911.444461, 67
1697722911.461816, 67
1697722911.478763, 66
1697722911.495439, 67
1697722911.512773, 66
1697722911.530573, 66
1697722911.547447, 68
1697722911.564915, 68
1697722911.581876, 69
1697722911.598957, 69
1697722911.615919, 68
1697722911.632783, 69
1697722911.650032, 69
1697722911.666754, 69
1697722911.683724, 68
1697722911.701101, 68
1697722911.717887, 69
1697722911.734639, 68
1697722911.752139, 68
1697722911.768833, 69
1697722911.785686, 68
1697722911.802572, 68
1697722911.819217, 68
1697722911.836076, 68
1697722911.853282, 69
1697722911.870338, 69
1697722911.887506, 69
1697722911.905172, 69
1697722911.921844, 69
1697722911.938456, 70
1697722911.955786, 70
1697722911.972505, 70
1697722911.989403, 69
1697722912.006291, 69
1697722912.023245, 69
1697722912.040241, 68
1697722912.057563, 69
1697722912.074397, 69
1697722912.091583, 69
1697722912.108510, 69
1697722912.125439, 68
1697722912.142054, 69
1697722912.159261, 70
1697722912.176013, 70
1697722912.192769, 70
1697722912.210119, 70
1697722912.226974, 70
1697722912.244186, 72
1697722912.261338, 71
1697722912.278031, 72
1697722912.295379, 72
1697722912.312412, 71
1697722912.329380, 71
1697722912.346454, 71
1697722912.363351, 71
1697722912.380139, 70
1697722912.397874, 71
1697722912.415119, 69
1697722912.431971, 72
1697722912.449161, 71
1697722912.466118, 71
1697722912.483011, 71
1697722912.500086, 71
1697722912.517053, 71
1697722912.533877, 72
1697722912.551030, 71
1697722912.568400, 70
1697722912.585509, 71
1697722912.602712, 70
1697722912.619811, 71
1697722912.636520, 71
1697722912.653616, 70
1697722912.670749, 71
1697722912.688080, 71
1697722912.705854, 70
1697722912.722888, 72
1697722912.740138, 72
1697722912.757001, 72
1697722912.774051, 72
1697722912.791295, 71
1697722912.808465, 72
1697722912.825214, 72
1697722912.841811, 72
1697722912.858994, 73
1697722912.876002, 71
1697722912.894047, 71
1697722912.911993, 72
1697722912.928635, 71
1697722912.946153, 71
1697722912.963497, 72
1697722912.980368, 71
1697722912.997751, 72
1697722913.014989, 73
1697722913.032231, 72
1697722913.049517, 72
1697722913.066380, 73
1697722913.083253, 72
1697722913.100600, 73
1697722913.117561, 73
1697722913.134270, 72
1697722913.151141, 73
1697722913.167851, 73
1697722913.184579, 74
1697722913.201717, 72
1697722913.218635, 71
1697722913.235334, 73
1697722913.252668, 73
1697722913.269473, 72
1697722913.286343, 73
1697722913.302920, 72
1697722913.319962, 73
1697722913.337319, 73
1697722913.354117, 73
1697722913.370907, 74
1697722913.388273, 74
1697722913.404974, 73
1697722913.421876, 74
1697722913.438842, 73
1697722913.455463, 73
1697722913.472454, 73
1697722913.489160, 73
1697722913.506099, 73
1697722913.522916, 72
1697722913.540438, 72
1697722913.557305, 73
1697722913.574359, 74
1697722913.592373, 72
1697722913.609369, 73
1697722913.626422, 74
1697722913.643503, 74
1697722913.660596, 74
1697722913.677628, 74
1697722913.694966, 74
1697722913.711730, 74
1697722913.728766, 75
1697722913.746102, 74
1697722913.762840, 75
1697722913.779631, 75
1697722913.796817, 73
1697722913.813828, 74
1697722913.830822, 74
1697722913.848897, 73
1697722913.865800, 74
1697722913.882433, 74
1697722913.899511, 73
1697722913.916145, 75
1697722913.933165, 75
1697722913.950443, 75
1697722913.967224, 75
1697722913.984849, 75
1697722914.001673, 76
1697722914.018492, 74
1697722914.036095, 74
1697722914.052891, 75
1697722914.069688, 76
1697722914.087238, 73
1697722914.104765, 75
1697722914.121482, 74
1697722914.138584, 75
1697722914.155610, 75
1697722914.172610, 74
1697722914.190066, 74
1697722914.206886, 75
1697722914.223808, 76
1697722914.241206, 76
1697722914.258232, 76
1697722914.275159, 76
1697722914.292182, 76
1697722914.309012, 76
1697722914.326004, 77
1697722914.342890, 77
1697722914.359874, 76
1697722914.376831, 77
1697722914.393575, 75
1697722914.410501, 75
1697722914.427559, 76
1697722914.444448, 75
1697722914.461144, 75
1697722914.477637, 76
1697722914.494400, 76
1697722914.511192, 77
1697722914.527574, 77
1697722914.544266, 77
1697722914.561066, 77
1697722914.578255, 76
1697722914.595330, 77
1697722914.611899, 76
1697722914.628765, 77
1697722914.645688, 77
1697722914.662726, 77
1697722914.680008, 77
1697722914.696902, 77
1697722914.713711, 76
1697722914.730978, 76
1697722914.747844, 77
1697722914.764822, 77
1697722914.781752, 76
1697722914.798679, 76
1697722914.815295, 77
1697722914.833046, 77
1697722914.849886, 77
1697722914.866851, 78
1697722914.884047, 77
1697722914.901351, 77
1697722914.917980, 78
1697722914.935337, 78
1697722914.952100, 78
1697722914.968999, 78
1697722914.986136, 77
1697722915.003117, 77
1697722915.020895, 77
1697722915.037768, 77
1697722915.055219, 77
1697722915.072805, 77
1697722915.089392, 78
1697722915.106320, 77
1697722915.123907, 77
1697722915.140632, 78
1697722915.157414, 78
1697722915.174788, 78
1697722915.191479, 79
1697722915.207968, 78
1697722915.224315, 78
1697722915.241416, 79
1697722915.258019, 79
1697722915.274751, 78
1697722915.291533, 79
1697722915.308116, 78
1697722915.325306, 77
1697722915.342473, 78
1697722915.359540, 78
1697722915.376359, 78
1697722915.393136, 78
1697722915.410381, 78
1697722915.427181, 77
1697722915.444131, 79
1697722915.461163, 79
1697722915.478254, 80
1697722915.495053, 79
1697722915.512337, 80
1697722915.530537, 80
1697722915.547089, 79
1697722915.563541, 80
1697722915.580449, 80
1697722915.597223, 79
1697722915.614474, 77
1697722915.631442, 78
1697722915.648593, 79
1697722915.665928, 78
1697722915.682688, 79
1697722915.699804, 78
1697722915.716692, 79
1697722915.733817, 79
1697722915.750668, 80
1697722915.767717, 80
1697722915.784447, 80
1697722915.801544, 80
1697722915.818568, 80
1697722915.835805, 80
1697722915.853131, 80
1697722915.869997, 79
1697722915.886800, 79
1697722915.904173, 79
1697722915.921057, 79
1697722915.937821, 78
1697722915.954700, 79
1697722915.971346, 79
1697722915.988165, 78
1697722916.005287, 79
1697722916.022039, 78
1697722916.039333, 78
1697722916.056178, 80
1697722916.073175, 80
1697722916.090171, 80
1697722916.106695, 79
1697722916.123281, 79
1697722916.140720, 79
1697722916.157568, 80
1697722916.174353, 79
1697722916.192139, 79
1697722916.208611, 78
1697722916.225425, 78
1697722916.242560, 77
1697722916.259707, 78
1697722916.276388, 78
1697722916.293295, 71
1697722916.310261, 64
1697722916.326796, 57
1697722916.344641, 49
1697722916.361765, 42
1697722916.379203, 37
1697722916.395966, 38
1697722916.412923, 37
1697722916.429798, 38
1697722916.447176, 38
1697722916.464183, 36
1697722916.481270, 37
1697722916.498411, 38
1697722916.515233, 37
1697722916.532462, 38
1697722916.549908, 38
1697722916.566723, 37
1697722916.584089, 39
1697722916.601496, 39
1697722916.618193, 39
1697722916.635323, 38
1697722916.652659, 38
1697722916.669509, 37
1697722916.686749, 38
1697722916.704243, 38
1697722916.720973, 39
1697722916.737931, 38
1697722916.754674, 38
1697722916.771669, 39
1697722916.788825, 39
1697722916.805965, 40
1697722916.822792, 40
1697722916.840020, 39
1697722916.856920, 40
1697722916.873701, 40
1697722916.891091, 39
1697722916.907850, 38
1697722916.924498, 40
1697722916.941654, 40
1697722916.958196, 39
1697722916.975505, 40
1697722916.992914, 40
1697722917.009832, 40
1697722917.027161, 41
1697722917.044411, 40
1697722917.061079, 41
1697722917.078593, 41
1697722917.095514, 41
1697722917.112339, 39
1697722917.129076, 39
1697722917.145796, 41
1697722917.162517, 40
1697722917.179781, 40
1697722917.196725, 41
1697722917.213494, 41
1697722917.230843, 41
1697722917.248319, 42
1697722917.265216, 42
1697722917.282502, 42
1697722917.299866, 41
1697722917.316576, 42
1697722917.334090, 41
1697722917.350992, 41
1697722917.367534, 42
1697722917.384727, 41
1697722917.402083, 41
1697722917.418817, 41
1697722917.435751, 41
1697722917.452163, 41
1697722917.468802, 43
1697722917.485892, 43
1697722917.502860, 44
1697722917.519905, 43
1697722917.536878, 42
1697722917.553933, 41
1697722917.570856, 42
1697722917.587960, 42
1697722917.604842, 43
1697722917.621784, 42
1697722917.638981, 42
1697722917.656065, 43
1697722917.673494, 43
1697722917.690579, 44
1697722917.707351, 44
1697722917.724569, 44
1697722917.741678, 44
1697722917.758841, 44
1697722917.775902, 44
1697722917.792716, 43
1697722917.809528, 42
1697722917.826836, 43
1697722917.843975, 44
1697722917.860585, 44
1697722917.877996, 43
1697722917.895059, 44
1697722917.911927, 45
1697722917.929244, 45
1697722917.946084, 45
1697722917.963072, 45
1697722917.981015, 44
1697722917.997814, 45
1697722918.014755, 44
1697722918.032431, 43
1697722918.049752, 44
1697722918.066537, 45
1697722918.083185, 45
1697722918.100057, 45
1697722918.116751, 45
1697722918.133532, 46
1697722918.150476, 45
1697722918.167502, 45
1697722918.184458, 45
1697722918.201261, 47
1697722918.218691, 46
1697722918.235592, 46
1697722918.252376, 45
1697722918.269506, 45
1697722918.286317, 44
1697722918.303186, 44
1697722918.319774, 45
1697722918.336625, 46
1697722918.353594, 46
1697722918.370821, 46
1697722918.387704, 47
1697722918.404274, 46
1697722918.421728, 46
1697722918.439029, 47
1697722918.455732, 47
1697722918.473002, 48
1697722918.489995, 46
1697722918.507045, 46
1697722918.524349, 46
1697722918.541375, 47
1697722918.557998, 46
1697722918.575028, 47
1697722918.592178, 46
1697722918.609091, 48
1697722918.626444, 48
1697722918.643288, 48
1697722918.660123, 48
1697722918.676635, 48
1697722918.693443, 48
1697722918.710744, 48
1697722918.727600, 47
1697722918.744448, 48
1697722918.761895, 47
1697722918.778696, 47
1697722918.795838, 46
1697722918.812985, 47
1697722918.830031, 48
1697722918.846570, 49
1697722918.863830, 48
1697722918.880888, 48
1697722918.897719, 48
1697722918.914879, 48
1697722918.932001, 49
1697722918.948974, 49
1697722918.965886, 48
1697722918.982763, 47
1697722918.999705, 47
1697722919.016829, 49
1697722919.034382, 48
1697722919.051233, 47
1697722919.068472, 48
1697722919.085388, 49
1697722919.102058, 50
1697722919.119448, 50
1697722919.136206, 50
1697722919.153115, 49
1697722919.170397, 49
1697722919.187155, 50
1697722919.204683, 49
1697722919.221750, 49
1697722919.238593, 49
1697722919.256560, 49
1697722919.273454, 49
1697722919.290331, 50
1697722919.308274, 49
1697722919.325495, 50
1697722919.342686, 51
1697722919.359861, 50
1697722919.376486, 51
1697722919.393072, 50
1697722919.410077, 50
1697722919.426806, 51
1697722919.443687, 50
1697722919.460677, 50
1697722919.477452, 50
1697722919.494120, 50
1697722919.511303, 50
1697722919.528534, 49
1697722919.545004, 50
1697722919.562639, 52
1697722919.579883, 51
1697722919.596445, 51
1697722919.613253, 52
1697722919.630163, 51
1697722919.647595, 52
1697722919.664291, 52
1697722919.681142, 52
1697722919.698379, 51
1697722919.714920, 51
1697722919.732089, 50
1697722919.749715, 51
1697722919.766462, 51
1697722919.783414, 52
1697722919.800124, 50
1697722919.817746, 51
1697722919.834538, 52
1697722919.851313, 52
1697722919.868284, 52
1697722919.885250, 53
1697722919.901876, 53
1697722919.918515, 53
1697722919.935394, 52
1697722919.952167, 51
1697722919.968840, 52
1697722919.985601, 51
1697722920.002788, 51
1697722920.019619, 52
1697722920.036625, 52
1697722920.053879, 54
1697722920.071136, 52
1697722920.088119, 53
1697722920.105320, 54
1697722920.122335, 54
1697722920.139273, 52
1697722920.156378, 54
1697722920.173259, 53
1697722920.190096, 53
1697722920.207273, 53
1697722920.224014, 53
1697722920.241292, 53
1697722920.258217, 53
1697722920.275128, 52
1697722920.292636, 53
1697722920.309219, 55
1697722920.325928, 55
1697722920.342649, 54
1697722920.359351, 54
1697722920.376456, 55
1697722920.392898, 54
1697722920.409785, 54
1697722920.426444, 55
1697722920.443429, 53
1697722920.460136, 53
1697722920.476642, 54
1697722920.493999, 53
1697722920.510739, 54
1697722920.527339, 54
1697722920.544071, 54
1697722920.560604, 54
1697722920.577776, 55
1697722920.594955, 56
1697722920.611797, 55
1697722920.628655, 55
1697722920.645223, 55
1697722920.661816, 55
1697722920.678838, 55
1697722920.695282, 55
1697722920.712173, 55
1697722920.729454, 55
1697722920.746019, 55
1697722920.762716, 55
1697722920.779759, 53
1697722920.796288, 55
1697722920.813059, 56
1697722920.829924, 55
1697722920.846570, 56
1697722920.863385, 56
1697722920.880651, 57
1697722920.897748, 56
1697722920.914457, 57
1697722920.931392, 56
1697722920.948128, 54
1697722920.964869, 56
1697722920.982129, 55
1697722920.999214, 55
1697722921.016018, 56
1697722921.033109, 56
1697722921.050228, 55
1697722921.066934, 56
1697722921.083803, 57
1697722921.100949, 56
1697722921.117731, 57
1697722921.134888, 57
1697722921.151668, 56
1697722921.168787, 56
1697722921.185405, 58
1697722921.201946, 56
1697722921.219065, 56
1697722921.235599, 57
1697722921.252476, 57
1697722921.269241, 56
1697722921.286238, 57
1697722921.303236, 57
1697722921.320225, 56
1697722921.336845, 57
1697722921.353585, 57
1697722921.370383, 57
1697722921.387286, 58
1697722921.404017, 58
1697722921.420668, 58
1697722921.437692, 58
1697722921.454498, 58
1697722921.471875, 58
1697722921.488686, 56
1697722921.505152, 58
1697722921.521739, 58
1697722921.538452, 57
1697722921.556126, 58
1697722921.573367, 58
1697722921.590625, 58
1697722921.607811, 59
1697722921.624792, 59
1697722921.641820, 58
1697722921.659316, 58
1697722921.676139, 58
1697722921.692882, 59
1697722921.710219, 59
1697722921.727033, 58
1697722921.743990, 58
1697722921.761288, 58
1697722921.778111, 59
1697722921.795118, 59
1697722921.812328, 59
1697722921.829222, 58
1697722921.846678, 59
1697722921.864012, 59
1697722921.881056, 60
1697722921.898324, 59
1697722921.916526, 60
1697722921.933415, 60
1697722921.950207, 60
1697722921.967134, 59
1697722921.984168, 59
1697722922.000854, 59
1697722922.018458, 59
1697722922.035357, 59
1697722922.052091, 59
1697722922.068820, 59
1697722922.086000, 59
1697722922.103549, 60
1697722922.120147, 61
1697722922.136842, 61
1697722922.154171, 61
1697722922.170954, 61
1697722922.187852, 60
1697722922.205320, 61
1697722922.222115, 61
1697722922.238927, 60
1697722922.256281, 59
1697722922.273232, 59
1697722922.290288, 60
1697722922.307546, 60
1697722922.324504, 60
1697722922.341852, 59
1697722922.359264, 59
1697722922.376029, 60
1697722922.392862, 62
1697722922.409439, 61
1697722922.425996, 62
1697722922.442938, 62
1697722922.460244, 61
1697722922.477302, 61
1697722922.493952, 61
1697722922.510849, 61
1697722922.527856, 61
1697722922.544559, 61
1697722922.561724, 61
1697722922.578466, 60
1697722922.595026, 61
1697722922.611991, 61
1697722922.628847, 60
1697722922.646267, 62
1697722922.662935, 62
1697722922.679701, 62
1697722922.696944, 61
1697722922.714821, 62
1697722922.731433, 63
1697722922.748767, 63
1697722922.765917, 63
1697722922.782593, 62
1697722922.800046, 62
1697722922.817152, 62
1697722922.833719, 62
1697722922.850700, 61
1697722922.867982, 62
1697722922.885573, 62
1697722922.903452, 61
1697722922.920467, 62
1697722922.937197, 63
1697722922.954564, 63
1697722922.971607, 63
1697722922.988434, 63
1697722923.005878, 62
1697722923.022945, 63
1697722923.039802, 64
1697722923.056842, 64
1697722923.073618, 63
1697722923.090567, 63
1697722923.107724, 63
1697722923.124744, 63
1697722923.141795, 63
1697722923.158745, 63
1697722923.175492, 63
1697722923.192264, 64
1697722923.208936, 64
1697722923.225760, 63
1697722923.242893, 64
1697722923.259879, 63
1697722923.276438, 63
1697722923.293326, 64
1697722923.310238, 64
1697722923.327052, 63
1697722923.344186, 62
1697722923.361107, 64
1697722923.377547, 63
1697722923.395185, 63
1697722923.412343, 64
1697722923.429799, 64
1697722923.446872, 63
1697722923.463458, 65
1697722923.480284, 64
1697722923.496910, 64
1697722923.513704, 65
1697722923.531624, 65
1697722923.548448, 64
1697722923.565440, 65
1697722923.582562, 65
1697722923.599505, 65
1697722923.616177, 64
1697722923.632775, 64
1697722923.649795, 64
1697722923.666869, 64
1697722923.683782, 63
1697722923.700726, 64
1697722923.717250, 64
1697722923.734598, 65
1697722923.751255, 66
1697722923.767909, 66
1697722923.784963, 65
1697722923.802127, 66
1697722923.818895, 65
1697722923.836028, 66
1697722923.852989, 65
1697722923.869396, 66
1697722923.886596, 66
1697722923.903449, 65
1697722923.920738, 65
1697722923.937458, 65
1697722923.954473, 65
1697722923.971877, 65
1697722923.988698, 66
1697722924.005464, 65
1697722924.022556, 66
1697722924.039356, 66
1697722924.055983, 67
1697722924.072883, 67
1697722924.089776, 66
1697722924.106561, 67
1697722924.123666, 67
1697722924.140654, 67
1697722924.157310, 66
1697722924.174380, 65
1697722924.191196, 65
1697722924.208090, 66
1697722924.225066, 66
1697722924.241829, 66
1697722924.258453, 67
1697722924.275338, 66
1697722924.292059, 66
1697722924.308600, 66
1697722924.325997, 66
1697722924.342768, 66
1697722924.359599, 66
1697722924.376244, 67
1697722924.393049, 68
1697722924.409667, 68
1697722924.426421, 67
1697722924.443347, 68
1697722924.461122, 67
1697722924.477875, 67
1697722924.495692, 67
1697722924.512891, 67
1697722924.529668, 67
1697722924.547766, 67
1697722924.566078, 67
1697722924.583148, 69
1697722924.599813, 68
1697722924.618010, 68
1697722924.634969, 67
1697722924.651627, 68
1697722924.668372, 68
1697722924.685280, 68
1697722924.702807, 68
1697722924.720226, 69
1697722924.737056, 69
1697722924.754379, 68
1697722924.770935, 68
1697722924.787853, 68
1697722924.805201, 67
1697722924.822160, 68
1697722924.839142, 68
1697722924.856721, 67
1697722924.873611, 69
1697722924.890528, 69
1697722924.907535, 68
1697722924.924336, 69
1697722924.941443, 69
1697722924.958556, 69
1697722924.975487, 69
1697722924.992275, 69
1697722925.009397, 68
1697722925.026051, 70
1697722925.043215, 68
1697722925.060829, 67
1697722925.077820, 68
1697722925.094335, 69
1697722925.111388, 69
1697722925.128833, 69
1697722925.145417, 69
1697722925.162418, 70
1697722925.179241, 70
1697722925.196247, 70
1697722925.213369, 70
1697722925.230983, 70
1697722925.248593, 69
1697722925.265755, 70
1697722925.282453, 70
1697722925.299397, 70
1697722925.316534, 69
1697722925.333440, 68
1697722925.350564, 69
1697722925.367792, 69
1697722925.385362, 68
1697722925.402621, 70
1697722925.420117, 69
1697722925.436973, 70
1697722925.453697, 70
1697722925.470547, 70
1697722925.487609, 71
1697722925.504778, 71
1697722925.521772, 70
1697722925.538635, 71
1697722925.556271, 70
1697722925.573764, 71
1697722925.590872, 71
1697722925.607896, 71
1697722925.624682, 70
1697722925.641538, 70
1697722925.658983, 70
1697722925.675978, 71
1697722925.692713, 70
1697722925.709658, 70
1697722925.726534, 70
1697722925.743343, 70
1697722925.760142, 70
1697722925.776874, 71
1697722925.794323, 70
1697722925.811969, 71
1697722925.828969, 71
1697722925.846274, 71
1697722925.863008, 72
1697722925.879990, 72
1697722925.897320, 71
1697722925.914443, 71
1697722925.931231, 71
1697722925.948466, 70
1697722925.965117, 71
1697722925.982024, 71
1697722925.999540, 71
1697722926.016428, 71
1697722926.033290, 72
1697722926.050351, 73
1697722926.067162, 72
1697722926.084217, 72
1697722926.101399, 73
1697722926.118287, 72
1697722926.135035, 72
1697722926.152274, 72
1697722926.168992, 73
1697722926.185688, 73
1697722926.202653, 72
1697722926.219687, 71
1697722926.237463, 72
1697722926.253954, 72
1697722926.270755, 71
1697722926.288107, 72
1697722926.304967, 72
1697722926.321987, 72
1697722926.339036, 72
1697722926.355883, 73
1697722926.372970, 74
1697722926.390372, 73
1697722926.407175, 72
1697722926.423959, 72
1697722926.440964, 73
1697722926.457858, 73
1697722926.474518, 73
1697722926.491591, 73
1697722926.508196, 72
1697722926.524826, 72
1697722926.542080, 73
1697722926.558906, 71
1697722926.575644, 72
1697722926.592686, 72
1697722926.609444, 72
1697722926.626503, 74
1697722926.643852, 74
1697722926.660677, 73
1697722926.677871, 74
1697722926.694911, 74
1697722926.711726, 74
1697722926.729012, 74
1697722926.745527, 74
1697722926.762163, 74
1697722926.779203, 73
1697722926.796046, 72
1697722926.812803, 73
1697722926.830103, 73
1697722926.847145, 73
1697722926.863743, 74
1697722926.880989, 73
1697722926.897446, 73
1697722926.913977, 75
1697722926.930815, 74
1697722926.947605, 75
1697722926.964678, 74
1697722926.981466, 74
1697722926.998341, 75
1697722927.016098, 75
1697722927.032724, 75
1697722927.049328, 73
1697722927.066157, 74
1697722927.082978, 75
1697722927.099724, 74
1697722927.116535, 74
1697722927.133164, 74
1697722927.149735, 75
1697722927.167285, 74
1697722927.183906, 75
1697722927.200517, 74
1697722927.218522, 75
1697722927.235644, 75
1697722927.252999, 75
1697722927.269816, 74
1697722927.286683, 76
1697722927.304041, 75
1697722927.320914, 75
1697722927.337744, 76
1697722927.354898, 76
1697722927.371653, 75
1697722927.388333, 75
1697722927.405194, 75
1697722927.422007, 74
1697722927.438998, 75
1697722927.455928, 75
1697722927.472549, 74
1697722927.489104, 75
1697722927.506282, 75
1697722927.523111, 77
1697722927.539742, 76
1697722927.556427, 76
1697722927.573157, 77
1697722927.589803, 76
1697722927.606613, 76
1697722927.623353, 77
1697722927.640663, 78
1697722927.657824, 77
1697722927.674777, 78
1697722927.692034, 77
1697722927.708889, 77
1697722927.725813, 77
1697722927.742784, 77
1697722927.759635, 77
1697722927.776107, 77
1697722927.793010, 76
1697722927.809639, 76
1697722927.826328, 77
1697722927.843710, 77
1697722927.860679, 76
1697722927.877630, 77
1697722927.894544, 78
1697722927.910944, 78
1697722927.928311, 77
1697722927.945133, 78
1697722927.962243, 77
1697722927.979321, 77
1697722927.996252, 78
1697722928.012893, 77
1697722928.030136, 76
1697722928.047102, 76
1697722928.064325, 76
1697722928.081451, 76
1697722928.098297, 77
1697722928.114953, 77
1697722928.131576, 78
1697722928.148683, 78
1697722928.165820, 78
1697722928.182832, 77
1697722928.199668, 78
1697722928.216458, 78
1697722928.233811, 78
1697722928.250561, 78
1697722928.267360, 79
1697722928.284311, 79
1697722928.300839, 78
1697722928.317677, 77
1697722928.334953, 77
1697722928.351726, 78
1697722928.368898, 77
1697722928.385889, 78
1697722928.402742, 77
1697722928.419798, 76
1697722928.436630, 78
1697722928.453324, 78
1697722928.470352, 79
1697722928.487172, 79
1697722928.503873, 79
1697722928.520971, 77
1697722928.538060, 79
1697722928.554661, 79
1697722928.571603, 78
1697722928.588307, 78
1697722928.604676, 78
1697722928.621509, 77
1697722928.638197, 78
1697722928.654850, 78
1697722928.671679, 78
1697722928.688430, 78
1697722928.704999, 79
1697722928.721792, 79
1697722928.738471, 78
1697722928.754973, 80
1697722928.772532, 80
1697722928.789586, 79
1697722928.806693, 79
1697722928.823842, 80
1697722928.840558, 80
1697722928.857638, 79
1697722928.874210, 80
1697722928.890857, 79
1697722928.907890, 79
1697722928.924662, 79
1697722928.941405, 78
1697722928.958394, 79
1697722928.975212, 79
1697722928.992054, 79
1697722929.008998, 79
1697722929.025941, 79
1697722929.042536, 79
1697722929.059507, 79
1697722929.076300, 79
1697722929.093161, 80
1697722929.110521, 79
1697722929.127026, 79
1697722929.143710, 80
1697722929.160967, 79
1697722929.177947, 78
1697722929.194749, 79
1697722929.211526, 80
1697722929.228228, 79
1697722929.245491, 79
1697722929.262500, 79
1697722929.279058, 79
1697722929.296044, 78
1697722929.312606, 78
1697722929.329050, 78
1697722929.345983, 78
1697722929.362875, 78
1697722929.379302, 79
1697722929.396337, 79
1697722929.413156, 78
1697722929.429869, 79
1697722929.447137, 77
1697722929.463870, 78
1697722929.480743, 75
1697722929.497989, 67
1697722929.514908, 60
1697722929.531773, 52
1697722929.548954, 46
1697722929.565985, 40
1697722929.583310, 37
1697722929.600288, 36
1697722929.617274, 37
1697722929.634693, 37
1697722929.650898, 37
1697722929.667563, 38
1697722929.684627, 38
1697722929.701519, 39
1697722929.718066, 38
1697722929.735373, 37
1697722929.752283, 37
1697722929.768915, 37
1697722929.785791, 38
1697722929.802765, 38
1697722929.819376, 38
1697722929.836573, 37
1697722929.853765, 39
1697722929.870178, 38
1697722929.887305, 39
1697722929.904617, 40
1697722929.921727, 40
1697722929.938972, 40
1697722929.956109, 39
1697722929.973260, 39
1697722929.990232, 39
1697722930.007156, 39
1697722930.024354, 39
1697722930.041487, 38
1697722930.058258, 39
1697722930.076155, 40
1697722930.093026, 39
1697722930.111079, 40
1697722930.128313, 40
1697722930.146043, 41
1697722930.163444, 40
1697722930.180539, 40
1697722930.197789, 39
1697722930.215381, 40
1697722930.232609, 40
1697722930.249605, 40
1697722930.266374, 40
1697722930.283814, 40
1697722930.300736, 41
1697722930.317739, 41
1697722930.335076, 40
1697722930.351910, 41
1697722930.368837, 42
1697722930.386161, 41
1697722930.403216, 41
1697722930.419929, 40
1697722930.436817, 40
1697722930.453810, 41
1697722930.471024, 41
1697722930.488431, 41
1697722930.505287, 41
1697722930.522374, 42
1697722930.539330, 42
1697722930.556396, 42
1697722930.573278, 43
1697722930.590164, 42
1697722930.607303, 42
1697722930.624037, 42
1697722930.641007, 41
1697722930.657562, 42
1697722930.674513, 41
1697722930.691305, 41
1697722930.708208, 42
1697722930.725436, 42
1697722930.742535, 42
1697722930.759265, 42
1697722930.776173, 42
1697722930.792888, 43
1697722930.809677, 43
1697722930.826853, 44
1697722930.843725, 43
1697722930.860539, 42
1697722930.877810, 42
1697722930.895252, 43
1697722930.912441, 43
1697722930.929814, 43
1697722930.947423, 43
1697722930.964086, 43
1697722930.980886, 44
1697722930.997829, 44
1697722931.015098, 43
1697722931.031887, 44
1697722931.048769, 44
1697722931.065604, 43
1697722931.082359, 43
1697722931.098992, 44
1697722931.115865, 44
1697722931.132750, 44
1697722931.149596, 44
1697722931.166543, 44
1697722931.183202, 45
1697722931.200098, 45
1697722931.216668, 45
1697722931.233599, 44
1697722931.250329, 45
1697722931.267488, 46
1697722931.284252, 46
1697722931.301220, 43
1697722931.318499, 45
1697722931.335347, 45
1697722931.351938, 44
1697722931.369299, 45
1697722931.386010, 45
1697722931.403399, 45
1697722931.421078, 46
1697722931.438499, 46
1697722931.456216, 46
1697722931.473452, 46
1697722931.490609, 46
1697722931.508149, 46
1697722931.525461, 46
1697722931.542166, 46
1697722931.560028, 45
1697722931.577037, 45
1697722931.593664, 46
1697722931.611167, 46
1697722931.628170, 45
1697722931.645046, 47
1697722931.661744, 47
1697722931.678460, 48
1697722931.695194, 46
1697722931.712831, 46
1697722931.729658, 47
1697722931.746610, 47
1697722931.763744, 47
1697722931.780578, 46
1697722931.797572, 47
1697722931.814742, 47
1697722931.831953, 47
1697722931.848717, 47
1697722931.865974, 47
1697722931.882861, 49
1697722931.899910, 48
1697722931.916691, 48
1697722931.933500, 48
1697722931.950890, 48
1697722931.968019, 47
1697722931.985101, 47
1697722932.001914, 48
1697722932.019480, 48
1697722932.036324, 48
1697722932.053026, 47
1697722932.070314, 48
1697722932.087280, 48
1697722932.104446, 47
1697722932.121234, 49
1697722932.138248, 49
1697722932.155635, 50
1697722932.172287, 49
1697722932.189390, 49
1697722932.206102, 50
1697722932.223117, 50
1697722932.240204, 48
1697722932.257211, 48
1697722932.274167, 48
1697722932.291235, 49
1697722932.307980, 49
1697722932.324763, 48
1697722932.341542, 49
1697722932.358277, 50
1697722932.375492, 50
1697722932.392528, 50
1697722932.409719, 50
1697722932.426522, 50
1697722932.443044, 50
1697722932.460145, 50
1697722932.476717, 50
1697722932.493269, 49
1697722932.509926, 49
1697722932.526872, 50
1697722932.544196, 49
1697722932.561065, 49
1697722932.577837, 49
1697722932.594454, 50
1697722932.611141, 51
1697722932.627985, 51
1697722932.645274, 51
1697722932.662021, 52
1697722932.678547, 51
1697722932.695502, 52
1697722932.712059, 51
1697722932.728845, 50
1697722932.745499, 50
1697722932.762164, 50
1697722932.779018, 50
1697722932.796176, 50
1697722932.812731, 51
1697722932.829317, 51
1697722932.846052, 52
1697722932.863172, 52
1697722932.879924, 52
1697722932.896869, 52
1697722932.913579, 52
1697722932.929863, 52
1697722932.947165, 51
1697722932.963943, 52
1697722932.981585, 52
1697722932.998477, 51
1697722933.015258, 51
1697722933.032608, 51
1697722933.049503, 51
1697722933.066337, 52
1697722933.083337, 51
1697722933.099798, 52
1697722933.116701, 53
1697722933.133465, 53
1697722933.150289, 53
1697722933.167079, 53
1697722933.184177, 53
1697722933.201081, 52
1697722933.217908, 52
1697722933.234642, 53
1697722933.251604, 52
1697722933.268126, 52
1697722933.285453, 52
1697722933.302175, 53
1697722933.318820, 52
1697722933.335677, 52
1697722933.352635, 54
1697722933.369504, 53
1697722933.386666, 53
1697722933.405458, 54
1697722933.423024, 54
1697722933.439892, 53
1697722933.457042, 53
1697722933.473981, 52
1697722933.490666, 53
1697722933.507426, 54
1697722933.524496, 54
1697722933.541392, 53
1697722933.557976, 54
1697722933.575089, 54
1697722933.592036, 53
1697722933.608848, 54
1697722933.626386, 55
1697722933.643215, 55
1697722933.660433, 55
1697722933.677290, 55
1697722933.693975, 54
1697722933.711534, 55
1697722933.728413, 54
1697722933.745084, 53
1697722933.762515, 53
1697722933.779480, 55
1697722933.796189, 54
1697722933.813155, 54
1697722933.829550, 55
1697722933.846732, 56
1697722933.863634, 55
1697722933.880884, 54
1697722933.898168, 56
1697722933.915906, 56
1697722933.932481, 56
1697722933.949155, 56
1697722933.965889, 56
1697722933.982702, 55
1697722933.999279, 55
1697722934.016236, 54
1697722934.033104, 54
1697722934.049919, 54
1697722934.066636, 56
1697722934.083290, 55
1697722934.100365, 57
1697722934.119291, 57
1697722934.136409, 56
1697722934.153215, 57
1697722934.170074, 57
1697722934.186639, 56
1697722934.203463, 55
1697722934.220408, 57
1697722934.237011, 55
1697722934.254111, 56
1697722934.271123, 56
1697722934.287877, 55
1697722934.305279, 55
1697722934.322174, 56
1697722934.338649, 56
1697722934.355434, 57
1697722934.372565, 58
1697722934.389806, 58
1697722934.406772, 58
1697722934.423663, 57
1697722934.441252, 58
1697722934.458952, 57
1697722934.476081, 56
1697722934.493368, 56
1697722934.510220, 56
1697722934.526939, 57
1697722934.544559, 57
1697722934.561681, 56
1697722934.578731, 57
1697722934.595742, 57
1697722934.612910, 57
1697722934.629850, 57
1697722934.647096, 58
1697722934.664603, 59
1697722934.681812, 58
1697722934.699758, 59
1697722934.716367, 58
1697722934.733042, 59
1697722934.750374, 58
1697722934.767137, 58
1697722934.784033, 57
1697722934.800608, 57
1697722934.817379, 58
1697722934.834264, 57
1697722934.851034, 57
1697722934.867622, 57
1697722934.884547, 58
1697722934.901642, 59
1697722934.918508, 59
1697722934.935303, 59
1697722934.952159, 59
1697722934.968674, 60
1697722934.985229, 60
1697722935.002450, 59
1697722935.019751, 59
1697722935.036515, 59
1697722935.053545, 59
1697722935.070562, 58
1697722935.087504, 59
1697722935.104276, 58
1697722935.121172, 59
1697722935.138190, 60
1697722935.155000, 59
1697722935.171752, 59
1697722935.188976, 60
1697722935.205806, 60
1697722935.222842, 59
1697722935.239911, 60
1697722935.256906, 59
1697722935.273445, 60
1697722935.290490, 60
1697722935.307256, 60
1697722935.324165, 59
1697722935.341265, 58
1697722935.358267, 60
1697722935.374867, 59
1697722935.392304, 59
1697722935.408758, 61
1697722935.425503, 61
1697722935.442666, 61
1697722935.459543, 61
1697722935.476408, 60
1697722935.493891, 60
1697722935.510540, 61
1697722935.527907, 61
1697722935.544655, 59
1697722935.561568, 59
1697722935.578843, 59
1697722935.595716, 60
1697722935.612636, 61
1697722935.629663, 61
1697722935.647221, 61
1697722935.664134, 61
1697722935.683592, 62
1697722935.702111, 62
1697722935.718982, 61
1697722935.736105, 62
1697722935.752848, 62
1697722935.769639, 62
1697722935.786494, 62
1697722935.803167, 62
1697722935.819714, 61
1697722935.836429, 61
1697722935.853212, 61
1697722935.870131, 60
1697722935.887168, 61
1697722935.904166, 62
1697722935.921316, 61
1697722935.938339, 63
1697722935.955179, 62
1697722935.972256, 63
1697722935.988681, 62
1697722936.005577, 62
1697722936.022046, 62
1697722936.038786, 62
1697722936.055428, 63
1697722936.072583, 63
1697722936.089016, 61
1697722936.105692, 62
1697722936.122598, 62
1697722936.139284, 62
1697722936.155942, 62
1697722936.173312, 62
1697722936.189861, 62
1697722936.206768, 61
1697722936.223742, 64
1697722936.240447, 63
1697722936.257118, 63
1697722936.274275, 64
1697722936.291186, 64
1697722936.308007, 63
1697722936.325378, 64
1697722936.342167, 64
1697722936.359284, 63
1697722936.376102, 63
1697722936.392857, 63
1697722936.409486, 63
1697722936.426329, 63
1697722936.442983, 63
1697722936.459720, 63
1697722936.476517, 63
1697722936.493189, 64
1697722936.510090, 64
1697722936.526771, 63
1697722936.543554, 64
1697722936.560444, 65
1697722936.577323, 64
1697722936.594020, 65
1697722936.610577, 65
1697722936.627240, 64
1697722936.643804, 63
1697722936.660835, 64
1697722936.678081, 64
1697722936.695328, 63
1697722936.712800, 64
1697722936.729451, 64
1697722936.746397, 64
1697722936.762861, 65
1697722936.780017, 65
1697722936.797127, 64
1697722936.814128, 65
1697722936.831034, 65
1697722936.848352, 65
1697722936.865104, 65
1697722936.881809, 64
1697722936.899291, 65
1697722936.916133, 64
1697722936.932601, 65
1697722936.949399, 65
1697722936.966241, 64
1697722936.982867, 65
1697722936.999615, 65
1697722937.016573, 64
1697722937.033810, 64
1697722937.050581, 66
1697722937.067440, 65
1697722937.084599, 66
1697722937.101503, 66
1697722937.118505, 66
1697722937.135843, 65
1697722937.152697, 65
1697722937.169678, 66
1697722937.186681, 67
1697722937.203674, 65
1697722937.220229, 65
1697722937.237020, 66
1697722937.253783, 66
1697722937.270591, 65
1697722937.288459, 66
1697722937.305775, 65
1697722937.323735, 67
1697722937.341020, 67
1697722937.357922, 66
1697722937.375157, 66
1697722937.392123, 67
1697722937.409017, 67
1697722937.426193, 67
1697722937.443183, 67
1697722937.460437, 67
1697722937.477213, 65
1697722937.494229, 65
1697722937.511189, 67
1697722937.528448, 66
1697722937.544953, 66
1697722937.562002, 66
1697722937.578946, 66
1697722937.595699, 67
1697722937.612522, 67
1697722937.629789, 68
1697722937.646778, 68
1697722937.663386, 68
1697722937.680588, 66
1697722937.697407, 68
1697722937.714060, 68
1697722937.731092, 67
1697722937.747757, 67
1697722937.764392, 66
1697722937.781352, 67
1697722937.798308, 67
1697722937.815066, 67
1697722937.831949, 67
1697722937.848886, 68
1697722937.865613, 68
1697722937.882403, 69
1697722937.899258, 69
1697722937.916310, 70
1697722937.933302, 70
1697722937.950340, 70
1697722937.967376, 70
1697722937.984202, 69
1697722938.001992, 70
1697722938.019277, 69
1697722938.036373, 69
1697722938.053288, 67
1697722938.070277, 68
1697722938.087537, 68
1697722938.104354, 68
1697722938.121505, 68
1697722938.138435, 68
1697722938.155496, 67
1697722938.172636, 69
1697722938.190518, 68
1697722938.207715, 69
1697722938.225123, 69
1697722938.242253, 69
1697722938.259346, 68
1697722938.276940, 69
1697722938.293865, 70
1697722938.311360, 69
1697722938.328691, 69
1697722938.346038, 69
1697722938.362530, 69
1697722938.379376, 69
1697722938.396112, 68
1697722938.413721, 69
1697722938.431208, 69
1697722938.448328, 68
1697722938.465735, 69
1697722938.482845, 70
1697722938.499787, 70
1697722938.517235, 70
1697722938.534451, 69
1697722938.551819, 70
1697722938.569261, 70
1697722938.586239, 70
1697722938.603331, 70
1697722938.620838, 69
1697722938.638360, 70
1697722938.655307, 69
1697722938.672668, 70
1697722938.689951, 70
1697722938.707233, 69
1697722938.724142, 69
1697722938.740903, 69
1697722938.757713, 70
1697722938.774665, 71
1697722938.791710, 71
1697722938.808477, 72
1697722938.825249, 71
1697722938.842083, 71
1697722938.859027, 71
1697722938.875906, 71
1697722938.892472, 71
1697722938.909538, 70
1697722938.926108, 70
1697722938.942801, 70
1697722938.959556, 70
1697722938.976292, 70
1697722938.992992, 71
1697722939.010267, 71
1697722939.027309, 71
1697722939.044544, 72
1697722939.061932, 72
1697722939.078830, 72
1697722939.095659, 71
1697722939.112762, 71
1697722939.129558, 72
1697722939.146363, 71
1697722939.163355, 72
1697722939.180340, 72
1697722939.197691, 72
1697722939.214564, 70
1697722939.231492, 71
1697722939.248787, 72
1697722939.266041, 71
1697722939.282532, 71
1697722939.299442, 72
1697722939.316148, 71
1697722939.332956, 72
1697722939.349862, 73
1697722939.366830, 72
1697722939.384147, 73
1697722939.401956, 72
1697722939.419338, 72
1697722939.436006, 73
1697722939.453055, 73
1697722939.470113, 72
1697722939.487100, 73
1697722939.504590, 72
1697722939.521338, 71
1697722939.538261, 72
1697722939.555566, 72
1697722939.572591, 73
1697722939.589296, 71
1697722939.606085, 71
1697722939.622822, 74
1697722939.639511, 73
1697722939.656319, 73
1697722939.673466, 74
1697722939.690035, 74
1697722939.707117, 73
1697722939.724048, 74
1697722939.740899, 73
1697722939.758249, 74
1697722939.774930, 74
1697722939.791831, 74
1697722939.808771, 73
1697722939.825500, 73
1697722939.842640, 73
1697722939.859599, 72
1697722939.876447, 73
1697722939.893353, 72
1697722939.910182, 72
1697722939.927196, 74
1697722939.944488, 75
1697722939.961353, 74
1697722939.978286, 74
1697722939.995622, 74
1697722940.012641, 75
1697722940.029540, 74
1697722940.046404, 74
1697722940.063432, 75
1697722940.080239, 74
1697722940.098460, 73
1697722940.115489, 74
1697722940.132480, 73
1697722940.149297, 74
1697722940.166563, 74
1697722940.183906, 73
1697722940.201223, 74
1697722940.219754, 74
1697722940.237030, 75
1697722940.254888, 74
1697722940.272382, 75
1697722940.289704, 76
1697722940.306834, 74
1697722940.324149, 75
1697722940.341012, 75
1697722940.359368, 74
1697722940.376387, 74
1697722940.393301, 75
1697722940.410190, 74
1697722940.427347, 74
1697722940.444323, 75
1697722940.461429, 74
1697722940.478583, 74
1697722940.495622, 75
1697722940.512526, 75
1697722940.529651, 76
1697722940.546639, 76
1697722940.563832, 75
1697722940.580986, 76
1697722940.598060, 76
1697722940.615497, 75
1697722940.632968, 76
1697722940.650348, 76
1697722940.667707, 75
1697722940.684631, 76
1697722940.701792, 76
1697722940.718822, 76
1697722940.735822, 74
1697722940.753381, 75
1697722940.770733, 76
1697722940.787678, 74
1697722940.805080, 75
1697722940.821805, 75
1697722940.839524, 77
1697722940.856844, 75
1697722940.874225, 77
1697722940.891866, 76
1697722940.910642, 77
1697722940.928008, 77
1697722940.944999, 76
1697722940.961858, 76
1697722940.978572, 77
1697722940.997437, 77
1697722941.015605, 76
1697722941.032415, 76
1697722941.049499, 75
1697722941.066351, 76
1697722941.083545, 77
1697722941.100575, 76
1697722941.117706, 76
1697722941.134519, 78
1697722941.152296, 78
1697722941.169242, 77
1697722941.185872, 77
1697722941.202827, 78
1697722941.219879, 77
1697722941.236629, 76
1697722941.253705, 77
1697722941.270462, 77
1697722941.287296, 78
1697722941.304168, 78
1697722941.321425, 76
1697722941.338100, 77
1697722941.355716, 77
1697722941.372937, 76
1697722941.390419, 76
1697722941.407181, 77
1697722941.423730, 77
1697722941.440580, 77
1697722941.457202, 77
1697722941.473886, 78
1697722941.491009, 78
1697722941.507790, 78
1697722941.524415, 79
1697722941.541434, 79
1697722941.558372, 78
1697722941.575235, 78
1697722941.592483, 78
1697722941.609343, 78
1697722941.626338, 78
1697722941.643138, 78
1697722941.660187, 77
1697722941.676892, 78
1697722941.693578, 78
1697722941.710340, 77
1697722941.726962, 77
1697722941.743946, 79
1697722941.760507, 78
1697722941.777485, 79
1697722941.794677, 79
1697722941.811343, 79
1697722941.828183, 79
1697722941.844820, 79
1697722941.861717, 80
1697722941.878988, 78
1697722941.896100, 79
1697722941.912870, 79
1697722941.929785, 78
1697722941.946691, 78
1697722941.963560, 79
1697722941.980241, 79
1697722941.997034, 78
1697722942.014009, 78
1697722942.031262, 78
1697722942.048396, 78
1697722942.064897, 80
1697722942.081842, 80
1697722942.098671, 80
1697722942.115229, 80
1697722942.132427, 80
1697722942.149343, 79
1697722942.166209, 80
1697722942.183185, 80
1697722942.200114, 79
1697722942.216579, 80
1697722942.233547, 80
1697722942.250361, 79
1697722942.267002, 79
1697722942.284295, 79
1697722942.301390, 79
1697722942.318025, 79
1697722942.334909, 80
1697722942.351751, 80
1697722942.368725, 79
1697722942.385360, 80
1697722942.402026, 80
1697722942.419314, 79
1697722942.436050, 78
1697722942.452746, 79
1697722942.469794, 79
1697722942.486904, 80
1697722942.503848, 80
1697722942.521174, 79
1697722942.538208, 80
1697722942.555930, 80
1697722942.572913, 79
1697722942.589945, 79
1697722942.606703, 79
1697722942.623442, 80
1697722942.640295, 79
1697722942.657165, 80
1697722942.674027, 80
1697722942.690703, 79
1697722942.707425, 80
1697722942.724585, 80
1697722942.741138, 80
1697722942.757731, 78
1697722942.774932, 80
1697722942.791771, 79
1697722942.808708, 79
1697722942.825641, 80
1697722942.842134, 80
1697722942.859177, 79
1697722942.875687, 80
1697722942.892514, 80
1697722942.909778, 78
1697722942.926616, 79
1697722942.943354, 80
1697722942.960064, 79
1697722942.977036, 78
1697722942.993938, 78
1697722943.010838, 78
1697722943.027735, 79
1697722943.044588, 79
1697722943.061478, 78
1697722943.078318, 71
1697722943.094853, 65
1697722943.111791, 59
1697722943.128389, 52
1697722943.145087, 46
1697722943.162014, 38
1697722943.178533, 36
1697722943.195342, 38
1697722943.212595, 38
1697722943.229097, 37
1697722943.246557, 38
1697722943.263576, 37
1697722943.280433, 38
1697722943.297463, 38
1697722943.314690, 38
1697722943.331394, 38
1697722943.348126, 37
1697722943.364754, 38
1697722943.381207, 38
1697722943.398630, 38
1697722943.415447, 39
1697722943.432083, 39
1697722943.449184, 39
1697722943.465831, 39
1697722943.482410, 39
1697722943.499275, 39
1697722943.516041, 38
1697722943.533476, 38
1697722943.550218, 39
1697722943.566791, 38
1697722943.583981, 39
1697722943.600989, 39
1697722943.618212, 39
1697722943.635586, 40
1697722943.652459, 40
1697722943.669265, 39
1697722943.686082, 40
1697722943.702723, 40
1697722943.719445, 40
1697722943.736356, 40
1697722943.753321, 40
1697722943.770378, 39
1697722943.787571, 40
1697722943.804482, 40
1697722943.821299, 40
1697722943.838487, 40
1697722943.855336, 41
1697722943.871864, 40
1697722943.889524, 40
1697722943.906110, 41
1697722943.922609, 41
1697722943.939717, 41
1697722943.956770, 41
1697722943.973790, 40
1697722943.990865, 40
1697722944.008139, 41
1697722944.025644, 40
1697722944.043110, 40
1697722944.060084, 42
1697722944.077365, 42
1697722944.094038, 42
1697722944.110445, 42
1697722944.127369, 42
1697722944.144075, 42
1697722944.161132, 41
1697722944.178401, 42
1697722944.195089, 42
1697722944.211940, 41
1697722944.228655, 42
1697722944.245514, 42
1697722944.262580, 41
1697722944.279558, 42
1697722944.296356, 43
1697722944.312919, 43
1697722944.329782, 42
1697722944.346455, 43
1697722944.363460, 43
1697722944.380630, 43
1697722944.397443, 43
1697722944.414644, 42
1697722944.431794, 43
1697722944.449045, 43
1697722944.466146, 43
1697722944.483206, 42
1697722944.500974, 43
1697722944.518288, 44
1697722944.535803, 43
1697722944.552597, 44
1697722944.569701, 44
1697722944.586733, 44
1697722944.603627, 42
1697722944.620878, 44
1697722944.638204, 43
1697722944.655101, 45
1697722944.672298, 44
1697722944.689495, 44
1697722944.706404, 44
1697722944.723535, 44
1697722944.741016, 44
1697722944.757679, 44
1697722944.774532, 45
1697722944.791219, 45
1697722944.808021, 44
1697722944.825342, 45
1697722944.842340, 45
1697722944.858789, 45
1697722944.875690, 45
1697722944.892767, 45
1697722944.910122, 45
1697722944.926878, 45
1697722944.943832, 45
1697722944.960896, 45
1697722944.977844, 45
1697722944.994943, 45
1697722945.012368, 45
1697722945.029135, 45
1697722945.045799, 46
1697722945.062796, 46
1697722945.079947, 45
1697722945.096987, 46
1697722945.114325, 45
1697722945.130990, 45
1697722945.147718, 46
1697722945.165167, 46
1697722945.182334, 46
1697722945.199056, 46
1697722945.216354, 46
1697722945.233198, 46
1697722945.250115, 47
1697722945.267355, 47
1697722945.284233, 47
1697722945.301107, 46
1697722945.317800, 46
1697722945.334598, 47
1697722945.351808, 47
1697722945.368785, 47
1697722945.385496, 47
1697722945.402702, 48
1697722945.419430, 47
1697722945.435982, 46
1697722945.453057, 47
1697722945.470529, 48
1697722945.487412, 47
1697722945.504732, 48
1697722945.521137, 47
1697722945.537654, 47
1697722945.554650, 48
1697722945.571295, 47
1697722945.588410, 48
1697722945.606254, 48
1697722945.624656, 48
1697722945.642057, 48
1697722945.659591, 48
1697722945.676596, 49
1697722945.693793, 47
1697722945.710965, 48
1697722945.728798, 49
1697722945.746032, 48
1697722945.763256, 48
1697722945.780188, 49
1697722945.797450, 49
1697722945.814914, 48
1697722945.832149, 49
1697722945.849839, 48
1697722945.867031, 48
1697722945.884060, 49
1697722945.901917, 50
1697722945.919048, 48
1697722945.936436, 48
1697722945.953532, 50
1697722945.970904, 49
1697722945.987985, 49
1697722946.005906, 50
1697722946.023105, 50
1697722946.040025, 49
1697722946.057297, 50
1697722946.074852, 49
1697722946.092475, 50
1697722946.109848, 50
1697722946.127316, 49
1697722946.144865, 50
1697722946.161944, 51
1697722946.179034, 51
1697722946.196272, 49
1697722946.213569, 50
1697722946.230607, 51
1697722946.248104, 50
1697722946.264964, 50
1697722946.281799, 50
1697722946.299197, 51
1697722946.316128, 51
1697722946.333204, 50
1697722946.350405, 50
1697722946.367743, 50
1697722946.384552, 51
1697722946.401757, 50
1697722946.419106, 51
1697722946.435873, 52
1697722946.452806, 51
1697722946.469726, 51
1697722946.486779, 52
1697722946.503687, 52
1697722946.520403, 51
1697722946.537524, 52
1697722946.554766, 51
1697722946.571562, 52
1697722946.589038, 52
1697722946.606090, 51
1697722946.622838, 51
1697722946.640126, 52
1697722946.657229, 52
1697722946.674330, 51
1697722946.691492, 52
1697722946.708401, 53
1697722946.725133, 52
1697722946.742381, 52
1697722946.759473, 53
1697722946.776148, 53
1697722946.792977, 52
1697722946.810432, 53
1697722946.827226, 52
1697722946.844279, 53
1697722946.861366, 53
1697722946.877718, 53
1697722946.894662, 53
1697722946.911502, 53
1697722946.928649, 53
1697722946.945820, 52
1697722946.962479, 53
1697722946.979552, 53
1697722946.996240, 53
1697722947.012783, 53
1697722947.029981, 54
1697722947.046742, 54
1697722947.063254, 53
1697722947.079972, 54
1697722947.096949, 53
1697722947.113765, 54
1697722947.130966, 54
1697722947.147952, 54
1697722947.164913, 53
1697722947.182288, 54
1697722947.199018, 54
1697722947.215451, 53
1697722947.232398, 53
1697722947.249199, 54
1697722947.267052, 54
1697722947.284302, 53
1697722947.301153, 55
1697722947.318692, 54
1697722947.335380, 54
1697722947.352343, 55
1697722947.369794, 54
1697722947.387123, 54
1697722947.403911, 55
1697722947.421631, 55
1697722947.438398, 53
1697722947.455629, 55
1697722947.472948, 55
1697722947.489917, 55
1697722947.506891, 55
1697722947.523761, 55
1697722947.540675, 54
1697722947.557698, 55
1697722947.574677, 56
1697722947.592029, 55
1697722947.609343, 55
1697722947.626656, 56
1697722947.643692, 55
1697722947.661275, 55
1697722947.678433, 55
1697722947.695098, 55
1697722947.711802, 56
1697722947.729095, 56
1697722947.746243, 56
1697722947.762898, 55
1697722947.780121, 56
1697722947.797215, 55
1697722947.815924, 56
1697722947.833727, 56
1697722947.850619, 57
1697722947.867667, 56
1697722947.884675, 56
1697722947.901598, 57
1697722947.918385, 57
1697722947.935385, 56
1697722947.952668, 57
1697722947.969421, 56
1697722947.986306, 56
1697722948.003303, 57
1697722948.019951, 57
1697722948.037270, 56
1697722948.053987, 57
1697722948.070647, 57
1697722948.087614, 56
1697722948.104578, 56
1697722948.121611, 57
1697722948.138671, 57
1697722948.155882, 57
1697722948.172765, 58
1697722948.189745, 57
1697722948.207306, 56
1697722948.225388, 57
1697722948.242577, 57
1697722948.259548, 57
1697722948.276644, 58
1697722948.293330, 58
1697722948.309906, 57
1697722948.326835, 57
1697722948.344139, 58
1697722948.360710, 57
1697722948.377515, 58
1697722948.394382, 57
1697722948.411113, 58
1697722948.428324, 58
1697722948.445361, 59
1697722948.461963, 58
1697722948.478825, 57
1697722948.495744, 58
1697722948.512492, 58
1697722948.529663, 58
1697722948.546488, 59
1697722948.563761, 59
1697722948.580921, 58
1697722948.597957, 59
1697722948.614862, 59
1697722948.632469, 58
1697722948.649299, 58
1697722948.666236, 58
1697722948.683108, 58
1697722948.699901, 59
1697722948.716901, 59
1697722948.733445, 59
1697722948.750268, 59
1697722948.767423, 59
1697722948.785052, 59
1697722948.801885, 59
1697722948.818950, 60
1697722948.836640, 60
1697722948.853385, 59
1697722948.870466, 60
1697722948.887274, 59
1697722948.903881, 60
1697722948.921286, 60
1697722948.938410, 60
1697722948.955496, 59
1697722948.972735, 60
1697722948.989371, 60
1697722949.006520, 59
1697722949.023830, 59
1697722949.040834, 60
1697722949.058143, 60
1697722949.074829, 60
1697722949.091467, 61
1697722949.108608, 61
1697722949.125334, 61
1697722949.141928, 61
1697722949.159778, 61
1697722949.176703, 61
1697722949.193803, 61
1697722949.210881, 61
1697722949.227758, 60
1697722949.244783, 61
1697722949.262048, 61
1697722949.278829, 61
1697722949.295923, 60
1697722949.313372, 61
1697722949.330404, 61
1697722949.347308, 61
1697722949.364093, 61
1697722949.380922, 61
1697722949.397713, 62
1697722949.414490, 62
1697722949.431466, 62
1697722949.448195, 61
1697722949.465619, 62
1697722949.482399, 62
1697722949.498814, 61
1697722949.515488, 62
1697722949.532381, 62
1697722949.549472, 61
1697722949.566470, 61
1697722949.583359, 61
1697722949.600341, 61
1697722949.617081, 61
1697722949.633809, 62
1697722949.650964, 62
1697722949.667807, 62
1697722949.684718, 61
1697722949.701706, 62
1697722949.718547, 62
1697722949.735399, 63
1697722949.752746, 63
1697722949.769372, 63
1697722949.786282, 62
1697722949.803475, 63
1697722949.820205, 63
1697722949.837101, 63
1697722949.854315, 63
1697722949.871344, 63
1697722949.888666, 63
1697722949.905246, 62
1697722949.922316, 62
1697722949.939355, 62
1697722949.956210, 63
1697722949.973239, 63
1697722949.990569, 62
1697722950.007492, 62
1697722950.024426, 63
1697722950.041426, 64
1697722950.058526, 64
1697722950.075586, 64
1697722950.092509, 64
1697722950.109527, 64
1697722950.126519, 64
1697722950.143816, 64
1697722950.160866, 64
1697722950.177584, 64
1697722950.194522, 64
1697722950.211546, 63
1697722950.228117, 64
1697722950.244997, 64
1697722950.262310, 63
1697722950.279773, 64
1697722950.296994, 64
1697722950.314274, 64
1697722950.331152, 64
1697722950.348005, 64
1697722950.364944, 64
1697722950.382161, 65
1697722950.399218, 65
1697722950.416138, 65
1697722950.433186, 64
1697722950.450779, 65
1697722950.467699, 64
1697722950.484673, 65
1697722950.501632, 65
1697722950.519284, 65
1697722950.538391, 64
1697722950.555762, 65
1697722950.573469, 65
1697722950.590688, 64
1697722950.608032, 65
1697722950.625495, 65
1697722950.643635, 64
1697722950.661439, 65
1697722950.678539, 65
1697722950.696010, 64
1697722950.713017, 65
1697722950.730073, 65
1697722950.747004, 65
1697722950.764106, 66
1697722950.781339, 66
1697722950.798687, 66
1697722950.815839, 65
1697722950.832529, 66
1697722950.849355, 66
1697722950.866364, 66
1697722950.883627, 66
1697722950.900592, 66
1697722950.918369, 67
1697722950.935573, 66
1697722950.952356, 66
1697722950.969665, 65
1697722950.987091, 66
1697722951.004197, 66
1697722951.021829, 65
1697722951.038848, 66
1697722951.055817, 67
1697722951.072663, 67
1697722951.089953, 66
1697722951.107217, 66
1697722951.123725, 66
1697722951.140610, 66
1697722951.157771, 67
1697722951.174687, 67
1697722951.192348, 66
1697722951.209444, 67
1697722951.226055, 67
1697722951.242957, 68
1697722951.259892, 66
1697722951.277540, 66
1697722951.294423, 66
1697722951.311153, 67
1697722951.328139, 67
1697722951.345259, 67
1697722951.361965, 66
1697722951.379204, 67
1697722951.396044, 67
1697722951.412791, 67
1697722951.429806, 68
1697722951.446410, 67
1697722951.463329, 68
1697722951.480261, 68
1697722951.497158, 68
1697722951.514454, 67
1697722951.531395, 68
1697722951.548138, 68
1697722951.565361, 68
1697722951.582072, 68
1697722951.598706, 68
1697722951.615410, 68
1697722951.632518, 68
1697722951.649476, 67
1697722951.666585, 67
1697722951.683615, 68
1697722951.700573, 68
1697722951.718007, 68
1697722951.734812, 68
1697722951.751673, 69
1697722951.768795, 69
1697722951.785637, 68
1697722951.802267, 69
1697722951.819414, 69
1697722951.836247, 69
1697722951.853022, 67
1697722951.869963, 68
1697722951.886792, 69
1697722951.903519, 68
1697722951.920488, 69
1697722951.937845, 69
1697722951.954683, 70
1697722951.971092, 69
1697722951.987969, 69
1697722952.005206, 69
1697722952.022121, 69
1697722952.038851, 69
1697722952.055614, 69
1697722952.072298, 69
1697722952.089096, 69
1697722952.105976, 69
1697722952.122935, 70
1697722952.139809, 69
1697722952.156926, 69
1697722952.173862, 69
1697722952.190538, 70
1697722952.208537, 70
1697722952.225374, 69
1697722952.242683, 70
1697722952.259796, 70
1697722952.277440, 69
1697722952.294527, 70
1697722952.311709, 70
1697722952.328910, 70
1697722952.346155, 69
1697722952.363008, 69
1697722952.379840, 70
1697722952.397025, 70
1697722952.413944, 70
1697722952.431421, 69
1697722952.448864, 70
1697722952.465913, 70
1697722952.482657, 72
1697722952.499935, 71
1697722952.516832, 71
1697722952.533747, 71
1697722952.550754, 71
1697722952.567747, 72
1697722952.584591, 72
1697722952.601447, 71
1697722952.618591, 71
1697722952.635446, 70
1697722952.652564, 70
1697722952.669678, 71
1697722952.687433, 70
1697722952.704728, 72
1697722952.721985, 72
1697722952.738956, 71
1697722952.755936, 71
1697722952.772457, 72
1697722952.790692, 72
1697722952.807754, 72
1697722952.824626, 72
1697722952.841938, 73
1697722952.859128, 73
1697722952.876016, 72
1697722952.893440, 72
1697722952.910384, 72
1697722952.927289, 72
1697722952.944430, 72
1697722952.961289, 72
1697722952.978548, 72
1697722952.995416, 71
1697722953.012161, 71
1697722953.029135, 72
1697722953.046313, 73
1697722953.063528, 73
1697722953.080192, 73
1697722953.096940, 73
1697722953.113738, 73
1697722953.130534, 73
1697722953.147416, 73
1697722953.164458, 73
1697722953.181469, 73
1697722953.198541, 73
1697722953.216904, 74
1697722953.234012, 73
1697722953.251014, 73
1697722953.267714, 72
1697722953.284817, 73
1697722953.302689, 73
1697722953.319375, 73
1697722953.336152, 73
1697722953.352966, 74
1697722953.369824, 73
1697722953.386901, 73
1697722953.403696, 74
1697722953.420170, 74
1697722953.437175, 74
1697722953.454097, 74
1697722953.470600, 75
1697722953.488041, 74
1697722953.504988, 74
1697722953.521862, 75
1697722953.538697, 73
1697722953.555939, 73
1697722953.572678, 74
1697722953.589579, 74
1697722953.606267, 74
1697722953.622958, 74
1697722953.639862, 73
1697722953.656725, 75
1697722953.673329, 74
1697722953.690642, 75
1697722953.707328, 75
1697722953.724030, 75
1697722953.740822, 75
1697722953.757839, 75
1697722953.775054, 75
1697722953.791895, 76
1697722953.808648, 75
1697722953.825962, 74
1697722953.843024, 75
1697722953.860067, 74
1697722953.877423, 73
1697722953.894247, 73
1697722953.911174, 74
1697722953.928044, 74
1697722953.944914, 74
1697722953.961896, 76
1697722953.979132, 74
1697722953.995907, 76
1697722954.012442, 76
1697722954.029217, 75
1697722954.046336, 76
1697722954.063160, 76
1697722954.080647, 75
1697722954.098152, 75
1697722954.115041, 76
1697722954.132681, 74
1697722954.149732, 75
1697722954.166528, 75
1697722954.183611, 75
1697722954.200423, 75
1697722954.217288, 75
1697722954.234105, 76
1697722954.250895, 75
1697722954.267671, 76
1697722954.284598, 77
1697722954.301885, 76
1697722954.319363, 76
1697722954.337100, 77
1697722954.354112, 76
1697722954.370975, 77
1697722954.388088, 77
1697722954.405248, 76
1697722954.422684, 76
1697722954.439709, 75
1697722954.456445, 75
1697722954.473292, 76
1697722954.490944, 76
1697722954.507818, 76
1697722954.524956, 76
1697722954.541795, 76
1697722954.558524, 77
1697722954.575277, 77
1697722954.592098, 77
1697722954.609225, 78
1697722954.626547, 77
1697722954.643436, 76
1697722954.660096, 78
1697722954.677290, 77
1697722954.694158, 77
1697722954.711033, 78
1697722954.728603, 77
1697722954.745873, 77
1697722954.763124, 77
1697722954.779985, 77
1697722954.796730, 77
1697722954.814160, 76
1697722954.830875, 76
1697722954.847587, 77
1697722954.865168, 78
1697722954.882123, 78
1697722954.898615, 77
1697722954.915369, 78
1697722954.931786, 78
1697722954.948383, 79
1697722954.964880, 78
1697722954.981666, 79
1697722954.998274, 79
1697722955.015436, 77
1697722955.032023, 77
1697722955.048893, 77
1697722955.065765, 77
1697722955.082309, 77
1697722955.099811, 78
1697722955.116502, 78
1697722955.133140, 77
1697722955.150277, 78
1697722955.166897, 77
1697722955.183360, 78
1697722955.200366, 78
1697722955.217279, 78
1697722955.234232, 79
1697722955.251721, 79
1697722955.268459, 79
1697722955.285255, 78
1697722955.302551, 79
1697722955.319621, 78
1697722955.336280, 79
1697722955.353297, 79
1697722955.369855, 79
1697722955.386639, 78
1697722955.403972, 77
1697722955.420667, 78
1697722955.438071, 79
1697722955.455206, 78
1697722955.472116, 78
1697722955.489755, 79
1697722955.506694, 79
1697722955.523546, 80
1697722955.540136, 80
1697722955.557104, 80
1697722955.573865, 80
1697722955.590655, 80
1697722955.607364, 79
1697722955.624125, 80
1697722955.641700, 79
1697722955.658506, 79
1697722955.675228, 79
1697722955.692601, 79
1697722955.709451, 78
1697722955.726172, 78
1697722955.743281, 79
1697722955.760373, 80
1697722955.777741, 79
1697722955.794495, 80
1697722955.811290, 80
1697722955.828325, 79
1697722955.845579, 80
1697722955.862700, 80
1697722955.880466, 79
1697722955.898036, 79
1697722955.915267, 80
1697722955.932492, 79
1697722955.949425, 80
1697722955.966244, 79
1697722955.983089, 79
1697722955.999929, 79
1697722956.016938, 78
1697722956.033829, 77
1697722956.050766, 78
