1697723082.844110, 0
1697723082.860907, 0
1697723082.878489, 0
1697723082.895258, 2
1697723082.911952, 7
1697723082.929219, 6
1697723082.946102, 12
1697723082.963389, 17
1697723082.980138, 19
1697723082.996992, 24
1697723083.013911, 27
1697723083.030827, 31
1697723083.047786, 36
1697723083.064815, 40
1697723083.081822, 44
1697723083.098394, 47
1697723083.115418, 53
1697723083.132298, 59
1697723083.149156, 66
1697723083.166345, 70
1697723083.183359, 73
1697723083.200182, 78
1697723083.216854, 84
1697723083.233588, 89
1697723083.250279, 93
1697723083.267535, 98
1697723083.284039, 103
1697723083.301194, 107
1697723083.317972, 110
1697723083.334528, 110
1697723083.351857, 110
1697723083.368629, 110
1697723083.385467, 109
1697723083.402570, 110
1697723083.419439, 110
1697723083.435998, 110
1697723083.452614, 110
1697723083.469337, 109
1697723083.485986, 110
1697723083.503281, 110
1697723083.520060, 110
1697723083.537335, 110
1697723083.554146, 110
1697723083.572098, 110
1697723083.589268, 109
1697723083.605969, 110
1697723083.622538, 110
1697723083.639516, 110
1697723083.656254, 110
1697723083.673039, 109
1697723083.689486, 110
1697723083.706442, 110
1697723083.723151, 109
1697723083.740254, 110
1697723083.757170, 109
1697723083.773746, 110
1697723083.790417, 110
1697723083.807329, 109
1697723083.823960, 110
1697723083.841073, 109
1697723083.857627, 109
1697723083.875011, 110
1697723083.891944, 109
1697723083.908761, 109
1697723083.925950, 110
1697723083.943174, 110
1697723083.959811, 109
1697723083.977039, 110
1697723083.994104, 110
1697723084.010903, 109
1697723084.028217, 110
1697723084.045003, 110
1697723084.061781, 109
1697723084.079235, 109
1697723084.096300, 110
1697723084.113030, 109
1697723084.129851, 109
1697723084.146514, 110
1697723084.163149, 108
1697723084.179931, 109
1697723084.196936, 108
1697723084.214079, 109
1697723084.231140, 109
1697723084.247778, 108
1697723084.264492, 110
1697723084.281302, 105
1697723084.298395, 105
1697723084.315629, 108
1697723084.332472, 109
1697723084.349236, 109
1697723084.366486, 109
1697723084.383353, 109
1697723084.399991, 109
1697723084.417229, 109
1697723084.433954, 110
1697723084.450731, 108
1697723084.468090, 107
1697723084.485113, 109
1697723084.501866, 110
1697723084.518942, 110
1697723084.535380, 109
1697723084.552623, 109
1697723084.569173, 109
1697723084.585897, 109
1697723084.602914, 109
1697723084.620035, 107
1697723084.636665, 110
1697723084.653543, 109
1697723084.670293, 110
1697723084.687134, 109
1697723084.704886, 106
1697723084.721730, 106
1697723084.738458, 108
1697723084.755247, 108
1697723084.772121, 108
1697723084.789358, 109
1697723084.806497, 110
1697723084.823464, 110
1697723084.840543, 110
1697723084.857836, 110
1697723084.874452, 108
1697723084.891641, 106
1697723084.909108, 105
1697723084.925777, 107
1697723084.942926, 106
1697723084.959851, 105
1697723084.976670, 110
1697723084.994744, 108
1697723085.011797, 104
1697723085.028693, 105
1697723085.045955, 109
1697723085.062808, 109
1697723085.079654, 107
1697723085.096600, 106
1697723085.113417, 108
1697723085.130582, 106
1697723085.147134, 105
1697723085.164920, 107
1697723085.182023, 107
1697723085.198807, 103
1697723085.215420, 103
1697723085.232705, 108
1697723085.249493, 109
1697723085.266304, 108
1697723085.283363, 105
1697723085.300453, 105
1697723085.317246, 107
1697723085.334891, 107
1697723085.351760, 104
1697723085.368501, 106
1697723085.385762, 103
1697723085.402380, 101
1697723085.419098, 104
1697723085.436316, 109
1697723085.453043, 109
1697723085.470171, 105
1697723085.486856, 101
1697723085.503777, 100
1697723085.521228, 96
1697723085.538342, 94
1697723085.555021, 91
1697723085.572322, 88
1697723085.589041, 82
1697723085.606058, 77
1697723085.622897, 75
1697723085.639865, 68
1697723085.656798, 63
1697723085.674289, 58
1697723085.691034, 52
1697723085.707671, 45
1697723085.725212, 39
1697723085.741979, 37
1697723085.758730, 38
1697723085.776034, 37
1697723085.792683, 38
1697723085.809822, 38
1697723085.826684, 37
1697723085.843590, 38
1697723085.861296, 38
1697723085.877896, 38
1697723085.894736, 38
1697723085.911844, 38
1697723085.928650, 37
1697723085.945333, 38
1697723085.962803, 39
1697723085.979653, 39
1697723085.996491, 39
1697723086.013363, 39
1697723086.030102, 39
1697723086.046921, 38
1697723086.063932, 38
1697723086.080619, 38
1697723086.097274, 38
1697723086.114345, 39
1697723086.130937, 39
1697723086.148514, 38
1697723086.165218, 38
1697723086.182383, 39
1697723086.199371, 39
1697723086.216206, 40
1697723086.233016, 40
1697723086.250382, 40
1697723086.267299, 40
1697723086.284684, 40
1697723086.302042, 40
1697723086.319057, 40
1697723086.335996, 39
1697723086.353255, 39
1697723086.370259, 39
1697723086.386878, 40
1697723086.404371, 41
1697723086.421238, 40
1697723086.437888, 40
1697723086.454932, 40
1697723086.471705, 40
1697723086.488652, 41
1697723086.506011, 41
1697723086.522812, 41
1697723086.539741, 40
1697723086.556578, 40
1697723086.573387, 41
1697723086.590149, 41
1697723086.606898, 41
1697723086.623795, 42
1697723086.641031, 41
1697723086.658110, 42
1697723086.674828, 42
1697723086.691753, 41
1697723086.708694, 42
1697723086.725255, 42
1697723086.742437, 42
1697723086.759308, 42
1697723086.776217, 42
1697723086.793544, 42
1697723086.810365, 42
1697723086.827298, 42
1697723086.844756, 43
1697723086.861569, 42
1697723086.878966, 42
1697723086.895434, 43
1697723086.912343, 42
1697723086.929329, 43
1697723086.946259, 43
1697723086.963029, 43
1697723086.979862, 43
1697723086.996732, 43
1697723087.013575, 43
1697723087.030594, 43
1697723087.047494, 43
1697723087.064595, 43
1697723087.082142, 43
1697723087.098987, 44
1697723087.115506, 44
1697723087.132649, 43
1697723087.149303, 44
1697723087.166632, 44
1697723087.183275, 44
1697723087.200105, 44
1697723087.217420, 44
1697723087.234052, 43
1697723087.250894, 44
1697723087.268310, 44
1697723087.285267, 44
1697723087.302100, 44
1697723087.319156, 45
1697723087.336009, 45
1697723087.352645, 44
1697723087.369704, 45
1697723087.386514, 44
1697723087.403355, 45
1697723087.420638, 45
1697723087.437346, 45
1697723087.454091, 45
1697723087.471415, 45
1697723087.488432, 45
1697723087.505551, 46
1697723087.522378, 45
1697723087.538818, 45
1697723087.556543, 45
1697723087.573141, 45
1697723087.589832, 45
1697723087.606798, 45
1697723087.623590, 45
1697723087.640295, 46
1697723087.657041, 46
1697723087.674127, 46
1697723087.691048, 46
1697723087.707963, 46
1697723087.724759, 46
1697723087.741253, 45
1697723087.758157, 45
1697723087.774837, 46
1697723087.791294, 46
1697723087.808017, 45
1697723087.824585, 47
1697723087.842147, 47
1697723087.859255, 47
1697723087.876075, 47
1697723087.893018, 46
1697723087.909912, 46
1697723087.926608, 47
1697723087.944132, 48
1697723087.960749, 47
1697723087.977333, 47
1697723087.994450, 48
1697723088.011310, 46
1697723088.028089, 46
1697723088.044812, 48
1697723088.061473, 48
1697723088.078550, 49
1697723088.096133, 49
1697723088.112938, 48
1697723088.129978, 48
1697723088.146842, 47
1697723088.163789, 48
1697723088.181251, 48
1697723088.198334, 48
1697723088.215420, 48
1697723088.232813, 48
1697723088.249784, 48
1697723088.266583, 49
1697723088.283549, 48
1697723088.301301, 48
1697723088.318662, 49
1697723088.336031, 48
1697723088.352866, 49
1697723088.369435, 48
1697723088.386557, 48
1697723088.403526, 49
1697723088.420313, 49
1697723088.437648, 48
1697723088.454305, 49
1697723088.471771, 50
1697723088.489371, 50
1697723088.506527, 49
1697723088.523735, 49
1697723088.540567, 50
1697723088.557416, 50
1697723088.574712, 50
1697723088.591563, 50
1697723088.608635, 49
1697723088.626198, 50
1697723088.643066, 50
1697723088.659835, 50
1697723088.677050, 50
1697723088.694111, 50
1697723088.710443, 49
1697723088.727965, 50
1697723088.744838, 50
1697723088.761426, 51
1697723088.779311, 49
1697723088.796122, 49
1697723088.812950, 50
1697723088.829976, 50
1697723088.846992, 50
1697723088.864183, 51
1697723088.881469, 50
1697723088.898325, 51
1697723088.915862, 51
1697723088.932496, 51
1697723088.949079, 51
1697723088.966408, 51
1697723088.983137, 50
1697723088.999749, 51
1697723089.016953, 52
1697723089.033813, 51
1697723089.050597, 51
1697723089.067956, 51
1697723089.084825, 52
1697723089.101580, 51
1697723089.119011, 51
1697723089.135831, 52
1697723089.152578, 52
1697723089.169686, 52
1697723089.186177, 52
1697723089.202786, 51
1697723089.220112, 51
1697723089.237212, 52
1697723089.254809, 51
1697723089.271967, 51
1697723089.289027, 52
1697723089.306032, 52
1697723089.322620, 52
1697723089.339239, 52
1697723089.356503, 53
1697723089.373225, 52
1697723089.389712, 52
1697723089.406668, 53
1697723089.424127, 52
1697723089.440788, 53
1697723089.457863, 52
1697723089.474381, 52
1697723089.490940, 53
1697723089.508141, 53
1697723089.524947, 52
1697723089.542545, 53
1697723089.559987, 54
1697723089.576604, 54
1697723089.593875, 53
1697723089.610615, 53
1697723089.627352, 54
1697723089.644530, 53
1697723089.661845, 53
1697723089.678736, 54
1697723089.696197, 53
1697723089.712937, 53
1697723089.729745, 53
1697723089.746692, 53
1697723089.763635, 54
1697723089.780735, 54
1697723089.798301, 53
1697723089.815186, 54
1697723089.832123, 55
1697723089.849437, 55
1697723089.866341, 54
1697723089.883274, 54
1697723089.900449, 55
1697723089.917275, 54
1697723089.934623, 54
1697723089.951639, 55
1697723089.968419, 54
1697723089.986193, 55
1697723090.003062, 55
1697723090.019766, 55
1697723090.036908, 55
1697723090.053668, 55
1697723090.070398, 54
1697723090.087285, 54
1697723090.103960, 55
1697723090.120622, 56
1697723090.137687, 55
1697723090.154657, 56
1697723090.171558, 56
1697723090.188441, 56
1697723090.205107, 55
1697723090.222313, 56
1697723090.239098, 55
1697723090.255807, 55
1697723090.273165, 56
1697723090.289989, 56
1697723090.306860, 56
1697723090.323737, 56
1697723090.340385, 55
1697723090.357518, 56
1697723090.375059, 56
1697723090.392029, 56
1697723090.408709, 55
1697723090.425956, 57
1697723090.442761, 57
1697723090.459408, 56
1697723090.476707, 57
1697723090.493649, 57
1697723090.511023, 57
1697723090.527686, 56
1697723090.544450, 56
1697723090.561778, 56
1697723090.578592, 57
1697723090.595397, 57
1697723090.612489, 57
1697723090.629030, 57
1697723090.645807, 57
1697723090.662992, 57
1697723090.679569, 56
1697723090.696214, 57
1697723090.713136, 58
1697723090.729900, 57
1697723090.746819, 58
1697723090.764158, 58
1697723090.780944, 57
1697723090.798377, 56
1697723090.815129, 57
1697723090.832222, 58
1697723090.849405, 57
1697723090.866154, 58
1697723090.883089, 58
1697723090.900098, 56
1697723090.917054, 57
1697723090.933919, 58
1697723090.951563, 58
1697723090.968617, 58
1697723090.985354, 57
1697723091.002646, 57
1697723091.019371, 58
1697723091.035843, 59
1697723091.052838, 58
1697723091.069671, 58
1697723091.086800, 59
1697723091.103720, 58
1697723091.120472, 58
1697723091.137852, 59
1697723091.155032, 59
1697723091.171648, 58
1697723091.188975, 59
1697723091.205777, 59
1697723091.222587, 58
1697723091.240115, 59
1697723091.257200, 59
1697723091.274080, 58
1697723091.291133, 58
1697723091.308052, 59
1697723091.324775, 59
1697723091.341669, 60
1697723091.359331, 60
1697723091.375769, 59
1697723091.393044, 58
1697723091.409898, 60
1697723091.426491, 60
1697723091.443181, 59
1697723091.460629, 60
1697723091.478087, 60
1697723091.495531, 59
1697723091.511971, 59
1697723091.528581, 59
1697723091.545284, 59
1697723091.562147, 60
1697723091.579231, 60
1697723091.596197, 60
1697723091.612784, 60
1697723091.629583, 60
1697723091.646407, 61
1697723091.663123, 59
1697723091.680015, 60
1697723091.696660, 61
1697723091.713591, 61
1697723091.731240, 61
1697723091.748030, 61
1697723091.765117, 60
1697723091.781849, 60
1697723091.798817, 61
1697723091.816019, 60
1697723091.832804, 61
1697723091.849593, 61
1697723091.866680, 60
1697723091.883729, 60
1697723091.900522, 61
1697723091.917754, 61
1697723091.935003, 60
1697723091.952015, 61
1697723091.968807, 62
1697723091.985452, 61
1697723092.002254, 61
1697723092.019247, 61
1697723092.035785, 61
1697723092.052549, 62
1697723092.069700, 62
1697723092.086601, 62
1697723092.103510, 61
1697723092.120654, 61
1697723092.137495, 61
1697723092.154799, 62
1697723092.171487, 62
1697723092.188098, 62
1697723092.204914, 62
1697723092.221678, 62
1697723092.238358, 62
1697723092.255323, 61
1697723092.272015, 61
1697723092.289172, 62
1697723092.306174, 62
1697723092.323098, 63
1697723092.339789, 63
1697723092.356912, 62
1697723092.373762, 63
1697723092.390374, 62
1697723092.408879, 63
1697723092.426357, 61
1697723092.443050, 63
1697723092.460268, 63
1697723092.477301, 62
1697723092.494154, 63
1697723092.511724, 63
1697723092.528498, 62
1697723092.545698, 63
1697723092.562616, 63
1697723092.579444, 62
1697723092.596824, 62
1697723092.613611, 64
1697723092.630312, 63
1697723092.646807, 64
1697723092.663948, 64
1697723092.680715, 64
1697723092.698377, 63
1697723092.715675, 63
1697723092.732627, 64
1697723092.749812, 64
1697723092.766866, 64
1697723092.783661, 64
1697723092.801167, 63
1697723092.817860, 64
1697723092.834608, 64
1697723092.851960, 64
1697723092.868896, 64
1697723092.885716, 64
1697723092.902632, 63
1697723092.919477, 64
1697723092.936513, 65
1697723092.953246, 64
1697723092.969958, 64
1697723092.987131, 65
1697723093.004064, 65
1697723093.021067, 64
1697723093.038517, 65
1697723093.055365, 65
1697723093.072466, 64
1697723093.089694, 65
1697723093.106490, 65
1697723093.123339, 64
1697723093.140835, 65
1697723093.157473, 65
1697723093.174325, 64
1697723093.191941, 64
1697723093.208748, 64
1697723093.225347, 64
1697723093.242579, 65
1697723093.259552, 65
1697723093.276456, 66
1697723093.293090, 66
1697723093.309871, 65
1697723093.327255, 65
1697723093.344038, 65
1697723093.361084, 66
1697723093.379076, 66
1697723093.395926, 65
1697723093.412896, 66
1697723093.429813, 66
1697723093.446676, 66
1697723093.463345, 66
1697723093.480039, 66
1697723093.496910, 66
1697723093.513828, 66
1697723093.532029, 66
1697723093.548472, 66
1697723093.565263, 66
1697723093.582747, 65
1697723093.599691, 65
1697723093.616753, 66
1697723093.633640, 67
1697723093.650910, 67
1697723093.668526, 66
1697723093.685665, 67
1697723093.702528, 67
1697723093.720003, 66
1697723093.737442, 68
1697723093.754501, 68
1697723093.772000, 68
1697723093.788773, 66
1697723093.806100, 68
1697723093.823211, 68
1697723093.840102, 68
1697723093.856754, 68
1697723093.874008, 68
1697723093.890819, 67
1697723093.907620, 67
1697723093.925828, 67
1697723093.943034, 67
1697723093.959973, 67
1697723093.977175, 68
1697723093.993930, 68
1697723094.010686, 69
1697723094.027442, 69
1697723094.043957, 69
1697723094.061313, 67
1697723094.078361, 68
1697723094.095317, 69
1697723094.112577, 68
1697723094.129186, 69
1697723094.146215, 69
1697723094.163440, 69
1697723094.180370, 67
1697723094.196985, 67
1697723094.214575, 68
1697723094.232005, 68
1697723094.248702, 68
1697723094.266563, 69
1697723094.283430, 68
1697723094.300128, 69
1697723094.317143, 69
1697723094.333784, 69
1697723094.350595, 70
1697723094.368639, 70
1697723094.385643, 70
1697723094.402860, 70
1697723094.420744, 70
1697723094.437510, 70
1697723094.454095, 70
1697723094.471202, 69
1697723094.488181, 68
1697723094.504996, 69
1697723094.522344, 69
1697723094.539193, 69
1697723094.556597, 68
1697723094.573610, 68
1697723094.591101, 71
1697723094.608303, 70
1697723094.625086, 70
1697723094.642167, 69
1697723094.659678, 70
1697723094.676286, 71
1697723094.693240, 71
1697723094.710336, 71
1697723094.726966, 71
1697723094.743642, 71
1697723094.760546, 69
1697723094.777448, 69
1697723094.794123, 69
1697723094.811059, 69
1697723094.827655, 70
1697723094.845184, 70
1697723094.861838, 71
1697723094.879367, 71
1697723094.896513, 71
1697723094.913304, 70
1697723094.930001, 71
1697723094.947035, 71
1697723094.964097, 71
1697723094.980902, 71
1697723094.998039, 70
1697723095.014533, 71
1697723095.030994, 71
1697723095.048301, 71
1697723095.065552, 71
1697723095.082537, 70
1697723095.099659, 70
1697723095.116437, 71
1697723095.133219, 70
1697723095.150515, 70
1697723095.167351, 72
1697723095.184227, 72
1697723095.201840, 71
1697723095.218600, 72
1697723095.236233, 72
1697723095.252997, 73
1697723095.269794, 72
1697723095.287012, 72
1697723095.303802, 72
1697723095.320505, 72
1697723095.337712, 71
1697723095.354549, 72
1697723095.371335, 71
1697723095.388218, 71
1697723095.405700, 72
1697723095.422590, 71
1697723095.439859, 72
1697723095.457240, 72
1697723095.474136, 72
1697723095.491269, 73
1697723095.508264, 72
1697723095.524875, 72
1697723095.541715, 73
1697723095.558590, 73
1697723095.575104, 72
1697723095.592446, 73
1697723095.609265, 73
1697723095.625684, 74
1697723095.642730, 72
1697723095.659741, 72
1697723095.676610, 73
1697723095.693591, 73
1697723095.710454, 73
1697723095.727721, 74
1697723095.744472, 73
1697723095.761251, 73
1697723095.778083, 74
1697723095.794822, 74
1697723095.811754, 75
1697723095.828765, 75
1697723095.845897, 74
1697723095.862576, 74
1697723095.879809, 73
1697723095.896591, 74
1697723095.913503, 73
1697723095.931099, 73
1697723095.948074, 73
1697723095.965258, 73
1697723095.982190, 72
1697723095.999223, 74
1697723096.016587, 74
1697723096.033248, 73
1697723096.050017, 73
1697723096.067072, 74
1697723096.084127, 74
1697723096.101031, 74
1697723096.118426, 75
1697723096.135206, 74
1697723096.151899, 74
1697723096.169163, 75
1697723096.186049, 74
1697723096.203078, 75
1697723096.220153, 75
1697723096.237055, 74
1697723096.253469, 74
1697723096.270679, 74
1697723096.287497, 73
1697723096.304380, 74
1697723096.321829, 74
1697723096.338455, 74
1697723096.355330, 75
1697723096.372616, 75
1697723096.389563, 76
1697723096.406245, 75
1697723096.423210, 75
1697723096.439821, 76
1697723096.456896, 76
1697723096.474192, 75
1697723096.490900, 76
1697723096.508107, 75
1697723096.525273, 75
1697723096.541926, 75
1697723096.559181, 75
1697723096.575982, 75
1697723096.592882, 75
1697723096.610107, 74
1697723096.627053, 75
1697723096.644191, 75
1697723096.661632, 76
1697723096.678659, 74
1697723096.695383, 76
1697723096.712976, 76
1697723096.729819, 77
1697723096.746401, 76
1697723096.763909, 77
1697723096.780663, 76
1697723096.797457, 76
1697723096.814592, 77
1697723096.831519, 77
1697723096.848383, 75
1697723096.865599, 76
1697723096.882569, 75
1697723096.899476, 75
1697723096.916967, 75
1697723096.933878, 76
1697723096.951420, 76
1697723096.968202, 77
1697723096.985064, 77
1697723097.002347, 76
1697723097.019625, 76
1697723097.036815, 76
1697723097.054033, 76
1697723097.070906, 77
1697723097.087771, 77
1697723097.104922, 76
1697723097.121890, 76
1697723097.138848, 77
1697723097.155979, 77
1697723097.172967, 76
1697723097.189670, 77
1697723097.207281, 77
1697723097.224540, 76
1697723097.241558, 76
1697723097.258692, 77
1697723097.275255, 78
1697723097.292107, 76
1697723097.309381, 77
1697723097.326378, 77
1697723097.343246, 78
1697723097.360440, 78
1697723097.377275, 77
1697723097.394499, 77
1697723097.411180, 78
1697723097.427742, 77
1697723097.445162, 78
1697723097.461949, 77
1697723097.478730, 77
1697723097.496158, 75
1697723097.513058, 76
1697723097.529949, 78
1697723097.547372, 78
1697723097.564142, 77
1697723097.580659, 79
1697723097.598180, 78
1697723097.614940, 77
1697723097.631759, 78
1697723097.648806, 78
1697723097.665274, 78
1697723097.682033, 79
1697723097.698917, 79
1697723097.715588, 79
1697723097.732459, 79
1697723097.749710, 79
1697723097.766512, 77
1697723097.783366, 78
1697723097.800663, 77
1697723097.817246, 78
1697723097.834595, 78
1697723097.851802, 78
1697723097.868482, 77
1697723097.885869, 79
1697723097.902671, 79
1697723097.919522, 80
1697723097.936719, 78
1697723097.953686, 80
1697723097.970396, 80
1697723097.987840, 79
1697723098.004794, 80
1697723098.021874, 80
1697723098.038667, 79
1697723098.055885, 78
1697723098.072823, 79
1697723098.089934, 79
1697723098.107125, 78
1697723098.123902, 79
1697723098.141167, 78
1697723098.158049, 79
1697723098.175124, 79
1697723098.192402, 79
1697723098.209472, 79
1697723098.226744, 80
1697723098.244161, 80
1697723098.261512, 79
1697723098.278480, 80
1697723098.295265, 80
1697723098.311821, 79
1697723098.329400, 81
1697723098.346599, 81
1697723098.363372, 81
1697723098.379900, 80
1697723098.396369, 80
1697723098.412971, 79
1697723098.429973, 79
1697723098.446618, 80
1697723098.463468, 79
1697723098.480643, 79
1697723098.497466, 80
1697723098.514268, 81
1697723098.531163, 80
1697723098.548145, 81
1697723098.565295, 81
1697723098.582107, 80
1697723098.598836, 81
1697723098.615946, 81
1697723098.632761, 80
1697723098.649413, 81
1697723098.666384, 81
1697723098.683245, 80
1697723098.699942, 80
1697723098.717014, 80
1697723098.733638, 81
1697723098.750310, 80
1697723098.767916, 81
1697723098.784755, 81
1697723098.801200, 81
1697723098.818436, 81
1697723098.835609, 82
1697723098.852509, 82
1697723098.870077, 82
1697723098.886713, 82
1697723098.903956, 81
1697723098.920670, 80
1697723098.937530, 82
1697723098.955439, 82
1697723098.972502, 82
1697723098.989463, 81
1697723099.006520, 82
1697723099.023262, 81
1697723099.040246, 81
1697723099.057976, 81
1697723099.074771, 80
1697723099.091664, 80
1697723099.108582, 80
1697723099.125264, 80
1697723099.141939, 83
1697723099.159331, 83
1697723099.176179, 82
1697723099.193390, 82
1697723099.210027, 83
1697723099.226599, 82
1697723099.243961, 82
1697723099.261341, 83
1697723099.278668, 83
1697723099.296004, 82
1697723099.313609, 83
1697723099.330375, 83
1697723099.347619, 81
1697723099.364640, 81
1697723099.381354, 82
1697723099.398687, 82
1697723099.415445, 82
1697723099.432292, 82
1697723099.449697, 81
1697723099.466614, 83
1697723099.483597, 83
1697723099.501064, 82
1697723099.517921, 82
1697723099.534781, 82
1697723099.551862, 82
1697723099.568834, 83
1697723099.585842, 84
1697723099.603238, 84
1697723099.620078, 83
1697723099.636791, 84
1697723099.654095, 82
1697723099.670728, 83
1697723099.688401, 83
1697723099.705175, 83
1697723099.721872, 82
1697723099.739087, 83
1697723099.756403, 83
1697723099.774038, 82
1697723099.791193, 84
1697723099.808184, 84
1697723099.825210, 83
1697723099.842393, 84
1697723099.858866, 84
1697723099.875790, 84
1697723099.892761, 83
1697723099.909647, 83
1697723099.926410, 84
1697723099.943504, 84
1697723099.960831, 84
1697723099.977544, 84
1697723099.994788, 83
1697723100.011572, 84
1697723100.028422, 84
1697723100.045446, 84
1697723100.062829, 83
1697723100.079963, 83
1697723100.096878, 84
1697723100.113811, 84
1697723100.131056, 85
1697723100.147863, 85
1697723100.165340, 84
1697723100.182455, 85
1697723100.199361, 85
1697723100.216196, 85
1697723100.233136, 85
1697723100.250432, 85
1697723100.267086, 84
1697723100.284602, 85
1697723100.301340, 84
1697723100.318388, 84
1697723100.335417, 84
1697723100.352522, 84
1697723100.369388, 83
1697723100.386676, 84
1697723100.404248, 85
1697723100.420928, 85
1697723100.437685, 85
1697723100.454431, 85
1697723100.471541, 86
1697723100.488923, 86
1697723100.505841, 86
1697723100.522702, 86
1697723100.539977, 85
1697723100.556882, 86
1697723100.574095, 86
1697723100.592059, 85
1697723100.608912, 86
1697723100.625994, 85
1697723100.643304, 84
1697723100.660474, 85
1697723100.677758, 85
1697723100.695383, 85
1697723100.712495, 83
1697723100.729797, 84
1697723100.746581, 84
1697723100.763839, 85
1697723100.781443, 85
1697723100.798407, 86
1697723100.815180, 85
1697723100.832644, 86
1697723100.849511, 87
1697723100.866236, 86
1697723100.883445, 87
1697723100.900586, 87
1697723100.917620, 87
1697723100.934813, 87
1697723100.951431, 87
1697723100.968404, 86
1697723100.985924, 86
1697723101.002540, 85
1697723101.019340, 86
1697723101.036378, 85
1697723101.053169, 86
1697723101.069838, 86
1697723101.087507, 86
1697723101.104504, 87
1697723101.121301, 87
1697723101.138309, 86
1697723101.154903, 87
1697723101.172204, 87
1697723101.189086, 86
1697723101.205787, 86
1697723101.222874, 87
1697723101.239883, 87
1697723101.256847, 87
1697723101.273907, 88
1697723101.291371, 87
1697723101.308142, 86
1697723101.325403, 87
1697723101.342556, 87
1697723101.359366, 86
1697723101.376597, 86
1697723101.393543, 86
1697723101.410297, 88
1697723101.427767, 88
1697723101.444671, 88
1697723101.461522, 87
1697723101.479286, 88
1697723101.496033, 88
1697723101.512704, 88
1697723101.529994, 88
1697723101.546715, 88
1697723101.563869, 87
1697723101.580942, 88
1697723101.597731, 88
1697723101.615151, 87
1697723101.632132, 87
1697723101.648782, 87
1697723101.666307, 87
1697723101.683238, 87
1697723101.700648, 86
1697723101.718175, 87
1697723101.734857, 87
1697723101.752107, 89
1697723101.769365, 89
1697723101.786343, 89
1697723101.803219, 89
1697723101.820406, 89
1697723101.837350, 89
1697723101.854290, 89
1697723101.871378, 89
1697723101.888577, 89
1697723101.905377, 88
1697723101.922748, 89
1697723101.939699, 89
1697723101.956776, 87
1697723101.973712, 87
1697723101.990862, 87
1697723102.007562, 88
1697723102.024975, 88
1697723102.041979, 88
1697723102.059070, 88
1697723102.075785, 88
1697723102.092603, 89
1697723102.109962, 89
1697723102.126829, 90
1697723102.143674, 89
1697723102.160745, 89
1697723102.177603, 89
1697723102.194288, 89
1697723102.211009, 90
1697723102.227813, 89
1697723102.245282, 90
1697723102.262696, 90
1697723102.279697, 89
1697723102.296296, 88
1697723102.313096, 88
1697723102.330031, 88
1697723102.347020, 88
1697723102.364449, 89
1697723102.381216, 89
1697723102.398058, 89
1697723102.415323, 90
1697723102.432433, 90
1697723102.449234, 90
1697723102.466803, 90
1697723102.483341, 90
1697723102.499929, 89
1697723102.516573, 89
1697723102.533449, 90
1697723102.550831, 90
1697723102.567657, 90
1697723102.584359, 90
1697723102.601591, 90
1697723102.618635, 90
1697723102.635586, 90
1697723102.652573, 90
1697723102.669484, 89
1697723102.686195, 90
1697723102.702876, 90
1697723102.719853, 90
1697723102.736741, 90
1697723102.754208, 90
1697723102.770780, 90
1697723102.787223, 91
1697723102.804326, 91
1697723102.821631, 91
1697723102.838423, 90
1697723102.855188, 91
1697723102.871952, 90
1697723102.889383, 91
1697723102.906164, 91
1697723102.922955, 91
1697723102.940005, 92
1697723102.956795, 91
1697723102.973689, 90
1697723102.990843, 90
1697723103.007638, 90
1697723103.024425, 90
1697723103.041868, 90
1697723103.058834, 90
1697723103.075647, 90
1697723103.092970, 92
1697723103.109457, 91
1697723103.126265, 91
1697723103.142673, 91
1697723103.159522, 91
1697723103.176651, 92
1697723103.193552, 92
1697723103.210449, 91
1697723103.227768, 91
1697723103.244670, 91
1697723103.261621, 91
1697723103.278208, 92
1697723103.295021, 92
1697723103.311949, 91
1697723103.329292, 91
1697723103.346064, 91
1697723103.362722, 91
1697723103.379992, 91
1697723103.396608, 91
1697723103.413270, 91
1697723103.430539, 93
1697723103.447173, 92
1697723103.463680, 92
1697723103.480525, 93
1697723103.497262, 92
1697723103.514312, 92
1697723103.531137, 92
1697723103.548190, 93
1697723103.565355, 93
1697723103.582056, 93
1697723103.598879, 92
1697723103.615468, 93
1697723103.631861, 93
1697723103.649112, 92
1697723103.665797, 92
1697723103.682655, 92
1697723103.699492, 91
1697723103.716601, 92
1697723103.733462, 92
1697723103.750108, 91
1697723103.767060, 92
1697723103.783849, 93
1697723103.801127, 93
1697723103.818302, 93
1697723103.835040, 93
1697723103.852513, 93
1697723103.869572, 94
1697723103.886344, 92
1697723103.903282, 93
1697723103.920207, 93
1697723103.936995, 93
1697723103.954036, 93
1697723103.971592, 93
1697723103.988258, 92
1697723104.005648, 92
1697723104.022366, 92
1697723104.039186, 93
1697723104.056163, 93
1697723104.072993, 93
1697723104.089710, 92
1697723104.106825, 93
1697723104.123475, 94
1697723104.140432, 93
1697723104.157524, 94
1697723104.174376, 94
1697723104.191099, 94
1697723104.207973, 94
1697723104.224689, 94
1697723104.241984, 94
1697723104.258809, 93
1697723104.275634, 93
1697723104.292653, 94
1697723104.309382, 94
1697723104.326077, 94
1697723104.342703, 93
1697723104.359433, 93
1697723104.376108, 93
1697723104.392502, 93
1697723104.409274, 93
1697723104.425991, 93
1697723104.442810, 93
1697723104.459492, 93
1697723104.476377, 94
1697723104.493560, 94
1697723104.510383, 94
1697723104.527320, 94
1697723104.544194, 95
1697723104.560873, 95
1697723104.578217, 94
1697723104.595086, 95
1697723104.611676, 94
1697723104.628953, 94
1697723104.645637, 95
1697723104.662428, 95
1697723104.679852, 95
1697723104.696798, 93
1697723104.714035, 93
1697723104.730794, 95
1697723104.747336, 94
1697723104.764433, 94
1697723104.781226, 95
1697723104.797882, 94
1697723104.815697, 95
1697723104.833189, 94
1697723104.849931, 96
1697723104.867025, 95
1697723104.884061, 95
1697723104.900903, 95
1697723104.918360, 95
1697723104.935448, 95
1697723104.952181, 95
1697723104.969446, 96
1697723104.986260, 96
1697723105.003058, 96
1697723105.019975, 96
1697723105.037148, 95
1697723105.054170, 95
1697723105.071132, 95
1697723105.088104, 94
1697723105.105599, 95
1697723105.122965, 95
1697723105.139685, 95
1697723105.156933, 96
1697723105.173584, 95
1697723105.190508, 96
1697723105.207795, 96
1697723105.225027, 97
1697723105.241430, 96
1697723105.258378, 96
1697723105.275032, 97
1697723105.291722, 95
1697723105.309037, 95
1697723105.325632, 97
1697723105.342296, 96
1697723105.359040, 96
1697723105.375995, 97
1697723105.392843, 96
1697723105.410300, 95
1697723105.427089, 96
1697723105.443961, 95
1697723105.460992, 96
1697723105.477728, 96
1697723105.494963, 96
1697723105.511699, 97
1697723105.528727, 96
1697723105.546290, 96
1697723105.563237, 96
1697723105.579729, 97
1697723105.596747, 97
1697723105.613404, 97
1697723105.630307, 97
1697723105.647383, 97
1697723105.664115, 96
1697723105.680706, 96
1697723105.697796, 97
1697723105.715214, 98
1697723105.732518, 96
1697723105.749562, 96
1697723105.766419, 97
1697723105.783162, 96
1697723105.800313, 96
1697723105.817664, 97
1697723105.834858, 96
1697723105.852133, 95
1697723105.868885, 97
1697723105.885423, 98
1697723105.902818, 97
1697723105.919883, 98
1697723105.936550, 97
1697723105.953389, 97
1697723105.970155, 97
1697723105.987448, 97
1697723106.004228, 98
1697723106.021047, 98
1697723106.038633, 98
1697723106.055430, 96
1697723106.072223, 97
1697723106.089211, 97
1697723106.105713, 96
1697723106.122414, 97
1697723106.139423, 97
1697723106.156555, 98
1697723106.173401, 96
1697723106.190632, 97
1697723106.207694, 97
1697723106.224511, 98
1697723106.241946, 98
1697723106.258606, 98
1697723106.275473, 97
1697723106.292536, 97
1697723106.309546, 98
1697723106.326550, 98
1697723106.343695, 98
1697723106.361092, 99
1697723106.377828, 98
1697723106.395294, 98
1697723106.412094, 99
1697723106.429024, 98
1697723106.446355, 98
1697723106.463070, 98
1697723106.480019, 97
1697723106.497524, 98
1697723106.514183, 98
1697723106.531646, 97
1697723106.548333, 97
1697723106.565181, 97
1697723106.582114, 98
1697723106.599104, 98
1697723106.616077, 99
1697723106.633155, 99
1697723106.649832, 100
1697723106.666461, 99
1697723106.683255, 100
1697723106.699938, 99
1697723106.716539, 99
1697723106.734577, 100
1697723106.752096, 99
1697723106.768818, 99
1697723106.785900, 98
1697723106.802730, 99
1697723106.819358, 98
1697723106.836719, 98
1697723106.853744, 99
1697723106.870589, 98
1697723106.887689, 97
1697723106.904550, 99
1697723106.921764, 98
1697723106.938382, 100
1697723106.955105, 100
1697723106.972532, 99
1697723106.989292, 99
1697723107.006033, 100
1697723107.023533, 100
1697723107.040429, 100
1697723107.057125, 100
1697723107.073656, 100
1697723107.090344, 99
1697723107.106742, 100
1697723107.123478, 100
1697723107.140048, 100
1697723107.156645, 100
1697723107.173259, 100
1697723107.190308, 100
1697723107.206780, 99
1697723107.223768, 100
1697723107.240575, 99
1697723107.257221, 99
1697723107.274320, 98
1697723107.291039, 101
1697723107.307561, 100
1697723107.324676, 100
1697723107.341575, 101
1697723107.358101, 101
1697723107.375101, 100
1697723107.391768, 101
1697723107.409218, 100
1697723107.425496, 100
1697723107.442094, 100
1697723107.459337, 100
1697723107.476112, 101
1697723107.492959, 101
1697723107.509944, 101
1697723107.526984, 99
1697723107.543592, 100
1697723107.560450, 99
1697723107.578193, 99
1697723107.595092, 100
1697723107.611871, 100
1697723107.628593, 100
1697723107.645265, 100
1697723107.662080, 102
1697723107.678889, 101
1697723107.695288, 100
1697723107.712143, 102
1697723107.728858, 101
1697723107.746418, 101
1697723107.763878, 102
1697723107.780516, 102
1697723107.797925, 101
1697723107.814529, 100
1697723107.831083, 101
1697723107.848024, 101
1697723107.865080, 101
1697723107.881866, 102
1697723107.899129, 101
1697723107.915703, 101
1697723107.932511, 100
1697723107.949681, 100
1697723107.966411, 101
1697723107.983155, 101
1697723108.000482, 101
1697723108.017220, 101
1697723108.034011, 101
1697723108.051645, 101
1697723108.068524, 101
1697723108.085361, 102
1697723108.102730, 102
1697723108.119232, 101
1697723108.136276, 101
1697723108.153414, 101
1697723108.170279, 102
1697723108.187071, 102
1697723108.204340, 103
1697723108.221119, 102
1697723108.238437, 101
1697723108.255233, 101
1697723108.272032, 101
1697723108.289372, 101
1697723108.306076, 102
1697723108.322720, 102
1697723108.339932, 101
1697723108.356802, 101
1697723108.373544, 102
1697723108.390255, 102
1697723108.407210, 101
1697723108.423772, 103
1697723108.441072, 103
1697723108.457918, 103
1697723108.475774, 102
1697723108.492630, 103
1697723108.509190, 103
1697723108.526380, 103
1697723108.543904, 103
1697723108.560667, 102
1697723108.577899, 103
1697723108.595048, 103
1697723108.611626, 103
1697723108.628554, 102
1697723108.645195, 102
1697723108.662115, 101
1697723108.679240, 101
1697723108.695955, 103
1697723108.712611, 102
1697723108.729611, 102
1697723108.746412, 104
1697723108.763318, 104
1697723108.780493, 103
1697723108.797607, 104
1697723108.814370, 103
1697723108.832489, 104
1697723108.849327, 104
1697723108.865930, 104
1697723108.883081, 103
1697723108.899962, 102
1697723108.916749, 103
1697723108.933846, 104
1697723108.951586, 103
1697723108.968786, 104
1697723108.986190, 103
1697723109.002768, 103
1697723109.019922, 103
1697723109.036548, 103
1697723109.053235, 103
1697723109.071342, 103
1697723109.088261, 103
1697723109.105069, 103
1697723109.121660, 104
1697723109.138387, 104
1697723109.155229, 103
1697723109.172512, 103
1697723109.189236, 104
1697723109.206064, 105
1697723109.223468, 104
1697723109.240303, 105
1697723109.256897, 104
1697723109.274378, 104
1697723109.291297, 104
1697723109.308027, 105
1697723109.325768, 104
1697723109.342495, 105
1697723109.359080, 104
1697723109.376335, 103
1697723109.393194, 104
1697723109.410143, 104
1697723109.426913, 103
1697723109.443788, 103
1697723109.461215, 104
1697723109.478055, 103
1697723109.495049, 105
1697723109.512456, 105
1697723109.529452, 104
1697723109.546328, 105
1697723109.562891, 105
1697723109.579510, 105
1697723109.596211, 104
1697723109.613092, 104
1697723109.630143, 105
1697723109.646628, 104
1697723109.663738, 105
1697723109.680303, 105
1697723109.697224, 105
1697723109.714666, 105
1697723109.731551, 105
1697723109.748584, 104
1697723109.766006, 104
1697723109.782878, 105
1697723109.800149, 105
1697723109.817810, 104
1697723109.834823, 105
1697723109.852138, 105
1697723109.868746, 106
1697723109.885312, 105
1697723109.902609, 105
1697723109.919693, 105
1697723109.936538, 106
1697723109.953825, 106
1697723109.970877, 105
1697723109.987806, 105
1697723110.004743, 105
1697723110.021364, 105
1697723110.037754, 106
1697723110.054351, 105
1697723110.070958, 106
1697723110.087481, 105
1697723110.104160, 104
1697723110.120798, 105
1697723110.137408, 104
1697723110.154498, 105
1697723110.171108, 105
1697723110.187924, 105
1697723110.204878, 105
1697723110.221577, 105
1697723110.238238, 106
1697723110.255699, 105
1697723110.272303, 106
1697723110.289276, 106
1697723110.305876, 106
1697723110.322397, 106
1697723110.339019, 106
1697723110.355612, 106
1697723110.372037, 107
1697723110.388783, 106
1697723110.405768, 106
1697723110.422149, 107
1697723110.439191, 107
1697723110.455867, 107
1697723110.473039, 106
1697723110.489876, 106
1697723110.507003, 106
1697723110.523459, 105
1697723110.540239, 105
1697723110.556832, 105
1697723110.573890, 105
1697723110.590847, 106
1697723110.607681, 107
1697723110.624804, 106
1697723110.642138, 106
1697723110.658818, 106
1697723110.675874, 106
1697723110.692490, 107
1697723110.709111, 107
1697723110.726170, 107
1697723110.742774, 106
1697723110.760072, 107
1697723110.776739, 108
1697723110.793257, 107
1697723110.809892, 108
1697723110.826799, 108
1697723110.843671, 107
1697723110.861235, 107
1697723110.878010, 107
1697723110.894818, 106
1697723110.911688, 107
1697723110.928544, 107
1697723110.945394, 107
1697723110.962330, 106
1697723110.979020, 107
1697723110.995853, 108
1697723111.012911, 108
1697723111.029867, 108
1697723111.046623, 108
1697723111.064003, 107
1697723111.080951, 108
1697723111.097714, 108
1697723111.114741, 108
1697723111.132050, 108
1697723111.149039, 108
1697723111.165940, 107
1697723111.182837, 108
1697723111.200167, 108
1697723111.217054, 108
1697723111.233966, 107
1697723111.250682, 107
1697723111.267526, 107
1697723111.284311, 106
1697723111.301568, 107
1697723111.318895, 108
1697723111.335828, 107
1697723111.352814, 107
1697723111.369660, 108
1697723111.386543, 108
1697723111.403904, 109
1697723111.420704, 109
1697723111.437350, 108
1697723111.454685, 109
1697723111.471300, 109
1697723111.488039, 109
1697723111.505076, 108
1697723111.522151, 108
1697723111.540955, 109
1697723111.561385, 107
1697723111.578265, 109
1697723111.595652, 109
1697723111.612816, 108
1697723111.630106, 107
1697723111.647213, 107
1697723111.664014, 107
1697723111.681076, 108
1697723111.698029, 108
1697723111.715277, 107
1697723111.731972, 107
1697723111.748865, 109
1697723111.765544, 108
1697723111.782373, 109
1697723111.799575, 109
1697723111.816562, 109
1697723111.833239, 108
1697723111.850296, 110
1697723111.867115, 110
1697723111.883531, 109
1697723111.900948, 109
1697723111.917548, 110
1697723111.934660, 109
1697723111.951515, 110
1697723111.968709, 110
1697723111.986120, 109
1697723112.002898, 109
1697723112.019680, 109
1697723112.037270, 108
1697723112.054053, 109
1697723112.070930, 109
1697723112.087900, 108
1697723112.105034, 108
1697723112.121701, 110
1697723112.138430, 110
1697723112.155253, 109
1697723112.171908, 109
1697723112.189044, 108
1697723112.205986, 107
1697723112.223675, 107
1697723112.240479, 107
1697723112.257847, 107
1697723112.275166, 106
1697723112.292592, 106
1697723112.309221, 105
1697723112.326858, 106
1697723112.344539, 106
1697723112.361830, 105
1697723112.378770, 105
1697723112.395723, 105
1697723112.412612, 104
1697723112.429742, 104
1697723112.447818, 104
1697723112.464840, 98
1697723112.481941, 97
1697723112.498804, 98
1697723112.515479, 99
1697723112.532489, 99
1697723112.549495, 99
1697723112.566540, 98
1697723112.583653, 98
1697723112.600428, 94
1697723112.617038, 87
1697723112.633899, 78
1697723112.651800, 71
1697723112.668836, 64
1697723112.685940, 58
1697723112.703066, 51
1697723112.720252, 51
1697723112.737490, 52
1697723112.754337, 53
1697723112.771490, 53
1697723112.788180, 53
1697723112.807216, 53
1697723112.824263, 53
1697723112.841384, 53
1697723112.858154, 53
1697723112.874941, 52
1697723112.891809, 51
1697723112.908497, 52
1697723112.925216, 52
1697723112.942154, 52
1697723112.958918, 53
1697723112.975782, 52
1697723112.993361, 51
1697723113.010290, 53
1697723113.026999, 53
1697723113.044473, 54
1697723113.061662, 54
1697723113.078698, 53
1697723113.095741, 54
1697723113.112684, 54
1697723113.129345, 53
1697723113.146298, 53
1697723113.162983, 54
1697723113.179883, 54
1697723113.196929, 52
1697723113.213993, 53
1697723113.231127, 54
1697723113.248161, 55
1697723113.265086, 54
1697723113.281981, 55
1697723113.298601, 55
1697723113.315096, 55
1697723113.331642, 55
1697723113.348517, 54
1697723113.365255, 55
1697723113.382404, 54
1697723113.399539, 53
1697723113.416302, 54
1697723113.433287, 55
1697723113.450352, 55
1697723113.467168, 54
1697723113.484743, 54
1697723113.501714, 56
1697723113.518560, 56
1697723113.535479, 55
1697723113.552583, 56
1697723113.569293, 55
1697723113.586237, 56
1697723113.603194, 55
1697723113.619831, 55
1697723113.637749, 54
1697723113.654742, 55
1697723113.671139, 55
1697723113.688307, 55
1697723113.704771, 55
1697723113.721847, 56
1697723113.738700, 56
1697723113.755680, 56
1697723113.772563, 57
1697723113.789181, 57
1697723113.806041, 56
1697723113.822897, 57
1697723113.839745, 56
1697723113.856384, 57
1697723113.874180, 57
1697723113.891644, 55
1697723113.908695, 56
1697723113.925863, 56
1697723113.942671, 56
1697723113.959440, 54
1697723113.977274, 55
1697723113.993945, 55
1697723114.011333, 58
1697723114.028636, 58
1697723114.045699, 58
1697723114.062310, 57
1697723114.079353, 57
1697723114.096201, 58
1697723114.114099, 57
1697723114.130966, 57
1697723114.149152, 57
1697723114.166099, 56
1697723114.183053, 56
1697723114.200091, 56
1697723114.217112, 56
1697723114.234143, 57
1697723114.251411, 57
1697723114.268221, 57
1697723114.285004, 57
1697723114.301725, 57
1697723114.318506, 58
1697723114.335437, 58
1697723114.352197, 59
1697723114.369488, 59
1697723114.386309, 59
1697723114.403271, 57
1697723114.420435, 57
1697723114.437790, 57
1697723114.454508, 57
1697723114.471539, 58
1697723114.488338, 58
1697723114.505445, 56
1697723114.522295, 57
1697723114.539538, 59
1697723114.557148, 58
1697723114.574090, 59
1697723114.590864, 59
1697723114.607904, 58
1697723114.624834, 60
1697723114.641691, 60
1697723114.659067, 59
1697723114.675877, 58
1697723114.692787, 59
1697723114.709678, 58
1697723114.726516, 58
1697723114.743118, 59
1697723114.760068, 59
1697723114.777065, 58
1697723114.794051, 59
1697723114.811904, 60
1697723114.829648, 60
1697723114.846366, 60
1697723114.863590, 60
1697723114.880419, 59
1697723114.897241, 60
1697723114.914673, 60
1697723114.931651, 60
1697723114.948735, 60
1697723114.966218, 59
1697723114.982899, 59
1697723114.999619, 59
1697723115.016753, 60
1697723115.033331, 60
1697723115.049847, 59
1697723115.066620, 61
1697723115.083509, 61
1697723115.099956, 60
1697723115.116819, 60
1697723115.133806, 60
1697723115.150870, 60
1697723115.167729, 61
1697723115.184745, 61
1697723115.202138, 59
1697723115.219014, 59
1697723115.235919, 60
1697723115.253077, 60
1697723115.269859, 60
1697723115.286827, 61
1697723115.304230, 60
1697723115.321991, 60
1697723115.339531, 61
1697723115.356861, 61
1697723115.373724, 61
1697723115.390320, 62
1697723115.407657, 62
1697723115.424517, 62
1697723115.441268, 62
1697723115.457957, 62
1697723115.474800, 60
1697723115.491929, 60
1697723115.508565, 60
1697723115.525582, 61
1697723115.542831, 61
1697723115.559790, 62
1697723115.576860, 62
1697723115.594025, 62
1697723115.610520, 62
1697723115.627399, 63
1697723115.644789, 63
1697723115.661672, 63
1697723115.678546, 63
1697723115.695227, 62
1697723115.712119, 63
1697723115.728672, 63
1697723115.745228, 61
1697723115.761840, 62
1697723115.778321, 62
1697723115.794857, 62
1697723115.811486, 61
1697723115.828119, 62
1697723115.844967, 62
1697723115.861609, 61
1697723115.878011, 63
1697723115.894876, 64
1697723115.911271, 63
1697723115.927806, 63
1697723115.944399, 64
1697723115.961185, 64
1697723115.977824, 62
1697723115.994396, 63
1697723116.011093, 62
1697723116.028254, 62
1697723116.045240, 63
1697723116.062479, 63
1697723116.079953, 62
1697723116.096774, 63
1697723116.113557, 63
1697723116.130905, 63
1697723116.147681, 64
1697723116.164406, 64
1697723116.181602, 63
1697723116.198529, 64
1697723116.215823, 65
1697723116.233001, 65
1697723116.249942, 63
1697723116.266764, 64
1697723116.283864, 64
1697723116.300883, 64
1697723116.318132, 64
1697723116.335037, 63
1697723116.353411, 64
1697723116.370318, 64
1697723116.387341, 64
1697723116.404005, 63
1697723116.420690, 64
1697723116.438085, 64
1697723116.454771, 64
1697723116.471548, 65
1697723116.488395, 65
1697723116.504766, 65
1697723116.522024, 65
1697723116.538747, 66
1697723116.556127, 66
1697723116.572716, 64
1697723116.589579, 65
1697723116.606534, 64
1697723116.623376, 64
1697723116.640375, 65
1697723116.657507, 64
1697723116.675022, 64
1697723116.692703, 66
1697723116.709846, 66
1697723116.726575, 65
1697723116.743015, 65
1697723116.760242, 65
1697723116.777095, 66
1697723116.793369, 66
1697723116.810258, 66
1697723116.827536, 66
1697723116.844579, 67
1697723116.861388, 64
1697723116.878814, 66
1697723116.897231, 65
1697723116.914345, 66
1697723116.931360, 66
1697723116.948809, 65
1697723116.965775, 66
1697723116.982341, 67
1697723116.999127, 66
1697723117.016383, 67
1697723117.033387, 67
1697723117.050217, 67
1697723117.067210, 67
1697723117.083977, 67
1697723117.100635, 67
1697723117.117609, 67
1697723117.134394, 66
1697723117.150985, 66
1697723117.167980, 66
1697723117.184686, 66
1697723117.201836, 66
1697723117.218488, 66
1697723117.235168, 67
1697723117.252267, 68
1697723117.268773, 68
1697723117.285930, 68
1697723117.303345, 68
1697723117.320223, 68
1697723117.337396, 68
1697723117.354097, 68
1697723117.370975, 68
1697723117.388434, 67
1697723117.405493, 68
1697723117.422132, 67
1697723117.439119, 68
1697723117.456397, 67
1697723117.473974, 66
1697723117.490643, 66
1697723117.507384, 67
1697723117.523826, 67
1697723117.540680, 68
1697723117.557409, 68
1697723117.574212, 69
1697723117.591133, 69
1697723117.607703, 69
1697723117.624372, 69
1697723117.641369, 69
1697723117.658499, 68
1697723117.675569, 69
1697723117.692508, 69
1697723117.709094, 67
1697723117.725858, 68
1697723117.742913, 68
1697723117.759678, 68
1697723117.776745, 67
1697723117.793677, 67
1697723117.810520, 68
1697723117.827823, 70
1697723117.844879, 69
1697723117.861666, 69
1697723117.878555, 69
1697723117.895298, 68
1697723117.912068, 68
1697723117.928829, 69
1697723117.945441, 70
1697723117.962153, 70
1697723117.979675, 69
1697723117.997012, 68
1697723118.013738, 69
1697723118.030603, 69
1697723118.047519, 68
1697723118.064139, 69
1697723118.081845, 69
1697723118.099270, 69
1697723118.116078, 69
1697723118.132752, 70
1697723118.150295, 71
1697723118.167027, 70
1697723118.183745, 70
1697723118.200792, 70
1697723118.217637, 69
1697723118.234518, 69
1697723118.251585, 70
1697723118.268489, 70
1697723118.285805, 70
1697723118.303073, 69
1697723118.320269, 69
1697723118.336985, 70
1697723118.353698, 70
1697723118.371005, 70
1697723118.387897, 70
1697723118.404807, 71
1697723118.422000, 70
1697723118.438820, 71
1697723118.455338, 70
1697723118.472090, 71
1697723118.488759, 71
1697723118.505383, 71
1697723118.522056, 71
1697723118.538538, 71
1697723118.555397, 71
1697723118.572499, 70
1697723118.589334, 71
1697723118.606122, 70
1697723118.622729, 70
1697723118.639330, 70
1697723118.656376, 71
1697723118.673544, 71
1697723118.690453, 72
1697723118.707344, 72
1697723118.724325, 72
1697723118.741668, 71
1697723118.758957, 72
1697723118.775971, 71
1697723118.793938, 72
1697723118.810658, 71
1697723118.827443, 72
1697723118.844372, 73
1697723118.861027, 71
1697723118.877810, 71
1697723118.894359, 71
1697723118.911238, 72
1697723118.928107, 71
1697723118.944860, 71
1697723118.961468, 71
1697723118.978403, 72
1697723118.994965, 72
1697723119.011808, 73
1697723119.028241, 72
1697723119.045228, 72
1697723119.062138, 73
1697723119.079188, 72
1697723119.095788, 73
1697723119.112585, 73
1697723119.129483, 73
1697723119.146082, 72
1697723119.162720, 72
1697723119.179334, 71
1697723119.196450, 72
1697723119.213602, 71
1697723119.230344, 72
1697723119.247284, 72
1697723119.263910, 72
1697723119.280588, 74
1697723119.297650, 74
1697723119.314687, 72
1697723119.331940, 72
1697723119.348778, 73
1697723119.365732, 73
1697723119.382688, 74
1697723119.399374, 74
1697723119.415971, 74
1697723119.432901, 74
1697723119.449789, 73
1697723119.466521, 72
1697723119.483117, 73
1697723119.499903, 73
1697723119.516740, 72
1697723119.533270, 72
1697723119.549939, 73
1697723119.566608, 74
1697723119.583233, 73
1697723119.600010, 73
1697723119.616469, 74
1697723119.633289, 74
1697723119.650105, 74
1697723119.666927, 75
1697723119.683680, 74
1697723119.700522, 74
1697723119.717285, 75
1697723119.734553, 74
1697723119.751584, 72
1697723119.768349, 73
1697723119.784988, 73
1697723119.801673, 74
1697723119.818464, 73
1697723119.835063, 73
1697723119.851770, 74
1697723119.868648, 75
1697723119.885247, 74
1697723119.901692, 74
1697723119.918674, 75
1697723119.935622, 75
1697723119.952160, 76
1697723119.969111, 75
1697723119.985892, 76
1697723120.002552, 75
1697723120.019464, 75
1697723120.036503, 76
1697723120.053258, 75
1697723120.070396, 74
1697723120.087349, 74
1697723120.104090, 75
1697723120.121020, 73
1697723120.137809, 75
1697723120.154366, 74
1697723120.171612, 75
1697723120.188934, 76
1697723120.205415, 76
1697723120.222818, 75
1697723120.239672, 75
1697723120.256321, 76
1697723120.273066, 75
1697723120.289671, 76
1697723120.306485, 76
1697723120.323513, 76
1697723120.340552, 76
1697723120.357607, 75
1697723120.374467, 76
1697723120.391349, 75
1697723120.408375, 75
1697723120.425430, 76
1697723120.443241, 75
1697723120.460918, 75
1697723120.477920, 77
1697723120.494382, 77
1697723120.511303, 76
1697723120.528413, 77
1697723120.545120, 76
1697723120.561924, 76
1697723120.578519, 77
1697723120.595146, 77
1697723120.612053, 77
1697723120.628863, 77
1697723120.645946, 77
1697723120.662981, 76
1697723120.679775, 76
1697723120.697125, 76
1697723120.714044, 75
1697723120.730677, 76
1697723120.747926, 77
1697723120.764805, 77
1697723120.781616, 77
1697723120.798719, 78
1697723120.815559, 77
1697723120.832324, 77
1697723120.849503, 78
1697723120.866619, 78
1697723120.883606, 77
1697723120.900706, 76
1697723120.917790, 78
1697723120.934382, 77
1697723120.951321, 78
1697723120.967956, 77
1697723120.985259, 76
1697723121.002624, 77
1697723121.019069, 77
1697723121.036124, 76
1697723121.053086, 77
1697723121.070975, 77
1697723121.087642, 77
1697723121.104391, 77
1697723121.121233, 78
1697723121.138321, 79
1697723121.154906, 78
1697723121.171516, 78
1697723121.188369, 78
1697723121.205183, 78
1697723121.221896, 78
1697723121.238957, 79
1697723121.255696, 79
1697723121.272582, 76
1697723121.289774, 78
1697723121.306598, 77
1697723121.323345, 78
1697723121.340530, 78
1697723121.357464, 78
1697723121.374101, 77
1697723121.391167, 79
1697723121.407902, 79
1697723121.424641, 78
1697723121.441821, 79
1697723121.458746, 79
1697723121.475994, 79
1697723121.492650, 79
1697723121.509342, 80
1697723121.526376, 79
1697723121.543003, 78
1697723121.560079, 79
1697723121.577081, 78
1697723121.594029, 78
1697723121.610937, 79
1697723121.627690, 79
1697723121.644524, 79
1697723121.661185, 78
1697723121.678102, 79
1697723121.694761, 79
1697723121.711159, 79
1697723121.728367, 79
1697723121.745424, 79
1697723121.762098, 80
1697723121.778507, 80
1697723121.795354, 79
1697723121.812052, 80
1697723121.828824, 80
1697723121.845651, 80
1697723121.862416, 80
1697723121.879412, 80
1697723121.896057, 79
1697723121.912690, 79
1697723121.929681, 78
1697723121.946542, 80
1697723121.963205, 79
1697723121.980101, 79
1697723121.996885, 80
1697723122.014140, 81
1697723122.030831, 80
1697723122.047873, 81
1697723122.064357, 81
1697723122.081370, 80
1697723122.098606, 81
1697723122.115807, 81
1697723122.133421, 80
1697723122.150439, 81
1697723122.167503, 81
1697723122.184539, 81
1697723122.201317, 81
1697723122.218311, 80
1697723122.235191, 79
1697723122.251712, 80
1697723122.268492, 80
1697723122.285289, 80
1697723122.301666, 78
1697723122.318540, 79
1697723122.335245, 81
1697723122.352376, 82
1697723122.370006, 82
1697723122.386848, 82
1697723122.403958, 81
1697723122.420974, 82
1697723122.437847, 82
1697723122.454857, 82
1697723122.471770, 81
1697723122.488656, 82
1697723122.505870, 81
1697723122.522850, 80
1697723122.539709, 81
1697723122.556856, 81
1697723122.573713, 80
1697723122.590392, 81
1697723122.607161, 81
1697723122.623926, 80
1697723122.640896, 80
1697723122.657655, 81
1697723122.674515, 81
1697723122.690956, 82
1697723122.708128, 82
1697723122.725174, 81
1697723122.742649, 81
1697723122.759417, 82
1697723122.776276, 82
1697723122.793320, 82
1697723122.810302, 83
1697723122.827623, 83
1697723122.844753, 81
1697723122.861635, 82
1697723122.878638, 82
1697723122.895939, 82
1697723122.912762, 82
1697723122.929495, 82
1697723122.946826, 81
1697723122.963735, 83
1697723122.980354, 83
1697723122.997505, 83
1697723123.014215, 83
1697723123.031122, 83
1697723123.048347, 83
1697723123.064847, 81
1697723123.081573, 83
1697723123.098241, 83
1697723123.114946, 82
1697723123.131890, 83
1697723123.148997, 84
1697723123.165622, 83
1697723123.182591, 83
1697723123.199646, 83
1697723123.216470, 82
1697723123.233765, 83
1697723123.250581, 83
1697723123.267925, 82
1697723123.285876, 83
1697723123.303066, 84
1697723123.319744, 84
1697723123.336572, 83
1697723123.353463, 84
1697723123.370027, 84
1697723123.387030, 83
1697723123.403759, 84
1697723123.420529, 83
1697723123.437736, 83
1697723123.454422, 84
1697723123.471128, 84
1697723123.488140, 83
1697723123.504976, 82
1697723123.522827, 83
1697723123.540102, 82
1697723123.556862, 83
1697723123.573495, 84
1697723123.590199, 84
1697723123.606995, 84
1697723123.624410, 85
1697723123.641088, 85
1697723123.657946, 84
1697723123.675156, 85
1697723123.691897, 85
1697723123.708595, 84
1697723123.726186, 84
1697723123.742989, 84
1697723123.759884, 84
1697723123.777025, 85
1697723123.794144, 85
1697723123.811383, 84
1697723123.828455, 82
1697723123.845037, 83
1697723123.861917, 83
1697723123.879028, 83
1697723123.895882, 84
1697723123.912926, 84
1697723123.929995, 84
1697723123.946785, 84
1697723123.963656, 84
1697723123.980611, 84
1697723123.997293, 85
1697723124.014309, 86
1697723124.031245, 86
1697723124.048000, 86
1697723124.064872, 86
1697723124.081726, 86
1697723124.098495, 85
1697723124.115613, 86
1697723124.132281, 84
1697723124.148809, 85
1697723124.166764, 85
1697723124.183664, 84
1697723124.201432, 84
1697723124.219564, 84
1697723124.236208, 85
1697723124.252704, 85
1697723124.269672, 86
1697723124.286715, 86
1697723124.304022, 85
1697723124.322177, 86
1697723124.339014, 86
1697723124.355905, 86
1697723124.372815, 85
1697723124.389781, 86
1697723124.407468, 86
1697723124.425566, 85
1697723124.442504, 86
1697723124.459404, 86
1697723124.476528, 86
1697723124.493633, 86
1697723124.510845, 86
1697723124.527687, 86
1697723124.545588, 86
1697723124.562723, 86
1697723124.579752, 86
1697723124.596606, 87
1697723124.613822, 87
1697723124.630868, 87
1697723124.647554, 86
1697723124.664963, 86
1697723124.682048, 86
1697723124.698937, 87
1697723124.716037, 87
1697723124.733504, 87
1697723124.750140, 86
1697723124.767304, 86
1697723124.783939, 86
1697723124.800535, 85
1697723124.817313, 86
1697723124.834181, 86
1697723124.850818, 86
1697723124.868295, 86
1697723124.885063, 87
1697723124.901701, 87
1697723124.918467, 86
1697723124.935840, 87
1697723124.952496, 88
1697723124.969715, 88
1697723124.986487, 88
1697723125.003563, 88
1697723125.020366, 87
1697723125.037133, 88
1697723125.054412, 88
1697723125.071242, 87
1697723125.087979, 88
1697723125.105354, 88
1697723125.122116, 86
1697723125.138726, 86
1697723125.155866, 86
1697723125.172614, 87
1697723125.189351, 87
1697723125.206751, 87
1697723125.223371, 87
1697723125.240047, 89
1697723125.257237, 87
1697723125.274532, 87
1697723125.291389, 88
1697723125.309098, 88
1697723125.326026, 89
1697723125.342626, 88
1697723125.359723, 89
1697723125.376559, 89
1697723125.393515, 89
1697723125.410662, 89
1697723125.427466, 89
1697723125.445132, 89
1697723125.461931, 87
1697723125.478809, 88
1697723125.496036, 88
1697723125.513234, 87
1697723125.529927, 87
1697723125.547055, 87
1697723125.563904, 87
1697723125.581054, 89
1697723125.597912, 89
1697723125.614627, 89
1697723125.631160, 89
1697723125.648090, 89
1697723125.665096, 89
1697723125.682041, 89
1697723125.699282, 89
1697723125.716086, 89
1697723125.732792, 90
1697723125.749835, 89
1697723125.766512, 90
1697723125.783288, 88
1697723125.800215, 88
1697723125.817085, 88
1697723125.834278, 89
1697723125.851611, 89
1697723125.868352, 89
1697723125.885138, 88
1697723125.902296, 88
1697723125.919052, 89
1697723125.935796, 89
1697723125.952940, 89
1697723125.970020, 90
1697723125.987224, 90
1697723126.004044, 90
1697723126.021219, 90
1697723126.039297, 90
1697723126.056154, 90
1697723126.072930, 89
1697723126.089880, 89
1697723126.106843, 89
1697723126.123922, 89
1697723126.142212, 88
1697723126.159197, 88
1697723126.176054, 89
1697723126.193728, 89
1697723126.211747, 89
1697723126.229513, 90
1697723126.246523, 91
1697723126.263443, 91
1697723126.281334, 91
1697723126.298650, 91
1697723126.316432, 91
1697723126.333977, 90
1697723126.351640, 91
1697723126.369346, 91
1697723126.386280, 90
1697723126.403787, 91
1697723126.420866, 90
1697723126.438803, 91
1697723126.456952, 90
1697723126.473717, 89
1697723126.491099, 90
1697723126.508862, 89
1697723126.525949, 89
1697723126.543076, 91
1697723126.560322, 90
1697723126.577433, 90
1697723126.594141, 90
1697723126.611418, 91
1697723126.628529, 91
1697723126.645791, 91
1697723126.662850, 90
1697723126.679659, 91
1697723126.697066, 92
1697723126.714910, 91
1697723126.731787, 92
1697723126.749797, 92
1697723126.766637, 92
1697723126.783482, 92
1697723126.800488, 91
1697723126.817075, 90
1697723126.833712, 90
1697723126.850755, 90
1697723126.867615, 90
1697723126.884477, 91
1697723126.901613, 91
1697723126.918326, 91
1697723126.935267, 91
1697723126.952322, 91
1697723126.969515, 91
1697723126.986556, 92
1697723127.003429, 92
1697723127.020450, 92
1697723127.037583, 92
1697723127.054636, 91
1697723127.071463, 92
1697723127.088645, 93
1697723127.105813, 92
1697723127.122752, 92
1697723127.139765, 92
1697723127.157064, 92
1697723127.173766, 92
1697723127.191058, 92
1697723127.207868, 90
1697723127.224920, 92
1697723127.242458, 92
1697723127.259291, 92
1697723127.276334, 93
1697723127.293108, 93
1697723127.310371, 92
1697723127.327327, 93
1697723127.344186, 93
1697723127.361027, 92
1697723127.377853, 93
1697723127.394490, 93
1697723127.411257, 93
1697723127.428422, 92
1697723127.445268, 93
1697723127.462161, 92
1697723127.479506, 93
1697723127.496708, 92
1697723127.513512, 92
1697723127.530971, 92
1697723127.547897, 92
1697723127.564555, 92
1697723127.581894, 93
1697723127.598557, 93
1697723127.615366, 94
1697723127.632882, 93
1697723127.649785, 94
1697723127.666672, 94
1697723127.683224, 93
1697723127.699853, 94
1697723127.717064, 94
1697723127.733969, 94
1697723127.751339, 93
1697723127.768977, 94
1697723127.786101, 94
1697723127.802971, 93
1697723127.820047, 94
1697723127.837063, 92
1697723127.853959, 94
1697723127.871165, 93
1697723127.888530, 93
1697723127.905112, 93
1697723127.922134, 93
1697723127.939380, 93
1697723127.956300, 95
1697723127.973175, 94
1697723127.990166, 94
1697723128.006824, 95
1697723128.023988, 94
1697723128.040734, 93
1697723128.057820, 94
1697723128.074976, 95
1697723128.091832, 95
1697723128.108698, 95
1697723128.125785, 94
1697723128.142672, 95
1697723128.159970, 95
1697723128.177278, 94
1697723128.193959, 94
1697723128.210643, 94
1697723128.227967, 94
1697723128.244779, 94
1697723128.261337, 94
1697723128.278975, 94
1697723128.296787, 93
1697723128.313450, 95
1697723128.330740, 96
1697723128.347879, 95
1697723128.364840, 95
1697723128.382448, 94
1697723128.398810, 95
1697723128.415185, 95
1697723128.432381, 95
1697723128.449311, 95
1697723128.466784, 94
1697723128.483400, 94
1697723128.500435, 95
1697723128.517741, 95
1697723128.534484, 94
1697723128.551397, 95
1697723128.568396, 94
1697723128.585501, 95
1697723128.602011, 95
1697723128.619051, 94
1697723128.635708, 94
1697723128.652366, 95
1697723128.669060, 95
1697723128.685877, 96
1697723128.702602, 96
1697723128.719858, 95
1697723128.736722, 95
1697723128.753591, 96
1697723128.770360, 96
1697723128.787136, 96
1697723128.804293, 96
1697723128.821181, 97
1697723128.838049, 96
1697723128.855540, 95
1697723128.872365, 96
1697723128.889145, 95
1697723128.906589, 95
1697723128.923692, 95
1697723128.941143, 95
1697723128.958495, 95
1697723128.975472, 95
1697723128.992599, 95
1697723129.009894, 95
1697723129.026551, 97
1697723129.043215, 97
1697723129.059702, 96
1697723129.076597, 97
1697723129.093459, 97
1697723129.110863, 97
1697723129.127694, 97
1697723129.144536, 96
1697723129.161972, 96
1697723129.178400, 97
1697723129.195141, 97
1697723129.212150, 96
1697723129.228933, 97
1697723129.245382, 96
1697723129.262684, 96
1697723129.279322, 96
1697723129.296114, 95
1697723129.313273, 97
1697723129.329901, 96
1697723129.347108, 96
1697723129.363993, 98
1697723129.380932, 97
1697723129.398238, 96
1697723129.415176, 97
1697723129.431913, 97
1697723129.448558, 97
1697723129.465391, 96
1697723129.482223, 98
1697723129.499299, 97
1697723129.516102, 98
1697723129.532731, 98
1697723129.549941, 97
1697723129.566733, 97
1697723129.583450, 97
1697723129.601277, 97
1697723129.618160, 97
1697723129.634691, 97
1697723129.651799, 96
1697723129.668641, 96
1697723129.685687, 97
1697723129.703054, 97
1697723129.719770, 98
1697723129.736836, 98
1697723129.753646, 98
1697723129.770418, 97
1697723129.787026, 98
1697723129.803829, 99
1697723129.820722, 98
1697723129.837283, 97
1697723129.853972, 98
1697723129.870858, 99
1697723129.888293, 98
1697723129.905141, 99
1697723129.921823, 98
1697723129.938676, 97
1697723129.955290, 97
1697723129.972143, 98
1697723129.989392, 97
1697723130.006237, 98
1697723130.022837, 98
1697723130.039644, 98
1697723130.056642, 98
1697723130.073782, 98
1697723130.091232, 98
1697723130.107824, 99
1697723130.124865, 99
1697723130.141557, 99
1697723130.158744, 98
1697723130.176377, 99
1697723130.193380, 98
1697723130.210113, 99
1697723130.226982, 99
1697723130.243715, 99
1697723130.260626, 98
1697723130.277734, 99
1697723130.295189, 99
1697723130.311859, 98
1697723130.328748, 98
1697723130.345293, 99
1697723130.361950, 99
1697723130.378813, 98
1697723130.395742, 99
1697723130.412411, 98
1697723130.429329, 98
1697723130.446146, 98
1697723130.463288, 100
1697723130.480548, 99
1697723130.497477, 100
1697723130.514188, 100
1697723130.531483, 99
1697723130.548320, 99
1697723130.564868, 100
1697723130.582302, 99
1697723130.599219, 100
1697723130.616597, 100
1697723130.633497, 99
1697723130.649992, 99
1697723130.666897, 98
1697723130.683601, 98
1697723130.700434, 99
1697723130.717521, 99
1697723130.734460, 99
1697723130.751092, 98
1697723130.768706, 98
1697723130.785681, 100
1697723130.802701, 101
1697723130.819857, 100
1697723130.836706, 101
1697723130.853162, 100
1697723130.870133, 99
1697723130.887186, 101
1697723130.903893, 100
1697723130.921084, 100
1697723130.937622, 101
1697723130.954308, 101
1697723130.971583, 100
1697723130.988381, 100
1697723131.005687, 101
1697723131.022346, 99
1697723131.039450, 100
1697723131.056472, 100
1697723131.073243, 100
1697723131.090156, 100
1697723131.107351, 100
1697723131.124185, 99
1697723131.140877, 99
1697723131.157571, 100
1697723131.174462, 100
1697723131.191335, 101
1697723131.208604, 101
1697723131.225639, 101
1697723131.242636, 101
1697723131.260047, 102
1697723131.276978, 102
1697723131.293833, 101
1697723131.311088, 101
1697723131.327947, 102
1697723131.344761, 101
1697723131.361719, 101
1697723131.378735, 102
1697723131.395469, 101
1697723131.412159, 100
1697723131.429004, 101
1697723131.446201, 100
1697723131.463137, 100
1697723131.480078, 101
1697723131.497285, 101
1697723131.514267, 101
1697723131.531023, 102
1697723131.548040, 102
1697723131.565010, 101
1697723131.581672, 101
1697723131.598137, 102
1697723131.614753, 101
1697723131.631411, 102
1697723131.648747, 102
1697723131.665393, 101
1697723131.682296, 102
1697723131.699263, 102
1697723131.716090, 102
1697723131.732791, 100
1697723131.749676, 101
1697723131.766386, 101
1697723131.783649, 101
1697723131.800492, 101
1697723131.817324, 102
1697723131.834851, 101
1697723131.851792, 100
1697723131.868333, 102
1697723131.885011, 102
1697723131.902666, 102
1697723131.919483, 103
1697723131.936491, 102
1697723131.953119, 102
1697723131.970180, 102
1697723131.987182, 102
1697723132.003996, 102
1697723132.020542, 103
1697723132.037480, 103
1697723132.054279, 102
1697723132.070923, 103
1697723132.087970, 103
1697723132.104587, 103
1697723132.121345, 102
1697723132.138388, 102
1697723132.155125, 101
1697723132.171712, 102
1697723132.188644, 102
1697723132.205646, 102
1697723132.222805, 101
1697723132.239249, 103
1697723132.255862, 103
1697723132.272802, 104
1697723132.289628, 103
1697723132.306258, 104
1697723132.323099, 103
1697723132.340013, 103
1697723132.357560, 104
1697723132.374749, 104
1697723132.391603, 103
1697723132.408119, 104
1697723132.425440, 104
1697723132.442532, 103
1697723132.459191, 104
1697723132.476387, 104
1697723132.492988, 102
1697723132.510391, 102
1697723132.527499, 103
1697723132.544251, 102
1697723132.561580, 103
1697723132.578598, 103
1697723132.595212, 102
1697723132.612435, 103
1697723132.629479, 103
1697723132.646338, 104
1697723132.663554, 104
1697723132.680415, 104
1697723132.697308, 104
1697723132.714454, 104
1697723132.731759, 104
1697723132.748477, 104
1697723132.765848, 104
1697723132.782639, 104
1697723132.799459, 105
1697723132.816679, 104
1697723132.833598, 105
1697723132.850246, 105
1697723132.867706, 104
1697723132.884528, 103
1697723132.900987, 104
1697723132.918213, 103
1697723132.934916, 102
1697723132.951330, 103
1697723132.968435, 104
1697723132.985104, 104
1697723133.002395, 105
1697723133.019420, 105
1697723133.036237, 104
1697723133.053183, 104
1697723133.070138, 104
1697723133.087180, 105
1697723133.104782, 105
1697723133.121598, 105
1697723133.138431, 104
1697723133.155429, 105
1697723133.172410, 104
1697723133.188998, 104
1697723133.205751, 105
1697723133.222577, 104
1697723133.239176, 104
1697723133.256490, 103
1697723133.273759, 103
1697723133.290551, 103
1697723133.307612, 103
1697723133.324321, 105
1697723133.341511, 105
1697723133.358223, 106
1697723133.375368, 105
1697723133.392166, 106
1697723133.409048, 105
1697723133.425744, 105
1697723133.443173, 106
1697723133.460114, 106
1697723133.476963, 104
1697723133.494532, 105
1697723133.511267, 105
1697723133.528129, 105
1697723133.545223, 106
1697723133.562087, 106
1697723133.578752, 105
1697723133.596482, 105
1697723133.613385, 104
1697723133.630341, 105
1697723133.647372, 105
1697723133.664610, 105
1697723133.681536, 104
1697723133.698294, 104
1697723133.714952, 104
1697723133.731895, 106
1697723133.749458, 104
1697723133.767007, 105
1697723133.784027, 106
1697723133.801538, 106
1697723133.818587, 106
1697723133.836422, 107
1697723133.853375, 106
1697723133.870267, 107
1697723133.887293, 107
1697723133.904455, 106
1697723133.921959, 106
1697723133.940296, 107
1697723133.958261, 106
1697723133.975766, 106
1697723133.992967, 106
1697723134.010843, 105
1697723134.027587, 106
1697723134.044669, 106
1697723134.061851, 105
1697723134.080196, 105
1697723134.097225, 107
1697723134.114394, 107
1697723134.132101, 107
1697723134.149262, 107
1697723134.166091, 107
1697723134.183436, 106
1697723134.200444, 107
1697723134.217943, 107
1697723134.235562, 106
1697723134.253328, 107
1697723134.270589, 107
1697723134.288353, 106
1697723134.305389, 107
1697723134.322844, 107
1697723134.340202, 106
1697723134.357118, 106
1697723134.374381, 107
1697723134.392241, 106
1697723134.409343, 107
1697723134.427185, 107
1697723134.444590, 106
1697723134.461734, 107
1697723134.478653, 108
1697723134.495837, 108
1697723134.512906, 106
1697723134.530064, 108
1697723134.547878, 108
1697723134.565123, 107
1697723134.583004, 108
1697723134.600185, 108
1697723134.617147, 108
1697723134.633676, 108
1697723134.650342, 108
1697723134.667226, 107
1697723134.684691, 108
1697723134.701496, 108
1697723134.718243, 108
1697723134.735209, 107
1697723134.752071, 107
1697723134.768520, 107
1697723134.785725, 105
1697723134.802651, 107
1697723134.819365, 107
1697723134.835980, 106
1697723134.852592, 107
1697723134.869190, 107
1697723134.886094, 107
1697723134.902870, 109
1697723134.919899, 109
1697723134.936680, 109
1697723134.953666, 108
1697723134.970885, 108
1697723134.987851, 108
1697723135.004877, 109
1697723135.021755, 109
1697723135.038896, 109
1697723135.055729, 108
1697723135.073174, 109
1697723135.090147, 109
1697723135.107080, 108
1697723135.124352, 108
1697723135.141114, 108
1697723135.157763, 107
1697723135.174598, 107
1697723135.191309, 108
1697723135.208220, 107
1697723135.225877, 108
1697723135.242485, 109
1697723135.259062, 109
1697723135.276095, 108
1697723135.292883, 109
1697723135.309643, 109
1697723135.326851, 108
1697723135.343488, 108
1697723135.360016, 109
1697723135.376618, 108
1697723135.393672, 109
1697723135.410943, 109
1697723135.427830, 108
1697723135.444566, 108
1697723135.461810, 109
1697723135.478822, 109
1697723135.496843, 109
1697723135.514167, 108
1697723135.530938, 108
1697723135.547791, 108
1697723135.565078, 109
1697723135.582157, 109
1697723135.598550, 109
1697723135.615278, 110
1697723135.632080, 110
1697723135.649041, 109
1697723135.665638, 109
1697723135.682429, 109
1697723135.698950, 109
1697723135.716057, 110
1697723135.733114, 110
1697723135.750150, 110
1697723135.766783, 109
1697723135.783359, 108
1697723135.800719, 108
1697723135.817649, 108
1697723135.834369, 110
1697723135.851487, 110
1697723135.868258, 110
1697723135.884904, 109
1697723135.902104, 109
1697723135.918660, 108
1697723135.935579, 108
1697723135.952654, 109
1697723135.969686, 109
1697723135.986818, 109
1697723136.004002, 110
1697723136.020781, 110
1697723136.037795, 110
1697723136.054620, 110
1697723136.071378, 109
1697723136.088023, 108
1697723136.105297, 108
1697723136.121895, 109
1697723136.138948, 108
1697723136.155600, 107
1697723136.173017, 107
1697723136.189694, 106
1697723136.206603, 107
1697723136.223570, 108
1697723136.240282, 107
1697723136.257520, 106
1697723136.274223, 106
1697723136.291485, 106
1697723136.308546, 101
1697723136.325244, 95
1697723136.341963, 88
1697723136.358689, 81
1697723136.375390, 74
1697723136.392504, 67
1697723136.409269, 60
1697723136.425756, 53
1697723136.442793, 50
1697723136.459626, 52
1697723136.476209, 52
1697723136.492981, 51
1697723136.509733, 51
1697723136.526741, 52
1697723136.544115, 52
1697723136.560693, 52
1697723136.577818, 51
1697723136.594994, 52
1697723136.611933, 53
1697723136.629286, 52
1697723136.646489, 51
1697723136.663408, 52
1697723136.680294, 52
1697723136.697258, 52
1697723136.714077, 52
1697723136.731119, 53
1697723136.748117, 51
1697723136.764919, 52
1697723136.781970, 53
1697723136.798743, 52
1697723136.815629, 53
1697723136.832782, 53
1697723136.849539, 53
1697723136.866446, 53
1697723136.884435, 54
1697723136.901164, 53
1697723136.917587, 53
1697723136.934942, 54
1697723136.951829, 53
1697723136.968549, 53
1697723136.985188, 53
1697723137.002097, 53
1697723137.019335, 53
1697723137.036254, 54
1697723137.053068, 54
1697723137.069724, 54
1697723137.086765, 54
1697723137.103804, 54
1697723137.121279, 53
1697723137.138084, 54
1697723137.155225, 55
1697723137.172439, 54
1697723137.189530, 54
1697723137.206519, 55
1697723137.223617, 55
1697723137.240273, 54
1697723137.257079, 55
1697723137.274214, 55
1697723137.291113, 54
1697723137.308072, 54
1697723137.324849, 54
1697723137.341625, 55
1697723137.358824, 55
1697723137.376345, 55
1697723137.393170, 54
1697723137.410468, 55
1697723137.427402, 55
1697723137.444057, 55
1697723137.461358, 54
1697723137.478352, 55
1697723137.496035, 55
1697723137.512858, 55
1697723137.529833, 56
1697723137.546685, 56
1697723137.563894, 55
1697723137.580822, 56
1697723137.597526, 55
1697723137.614350, 55
1697723137.631137, 56
1697723137.648192, 56
1697723137.665392, 55
1697723137.682209, 55
1697723137.699024, 55
1697723137.716045, 55
1697723137.732681, 56
1697723137.749599, 57
1697723137.766698, 57
1697723137.783260, 55
1697723137.800536, 57
1697723137.817165, 57
1697723137.834355, 56
1697723137.851346, 57
1697723137.868418, 57
1697723137.885407, 56
1697723137.902550, 56
1697723137.919462, 56
1697723137.936311, 56
1697723137.953081, 57
1697723137.970082, 57
1697723137.986754, 56
1697723138.004197, 57
1697723138.020817, 56
1697723138.038157, 57
1697723138.055091, 57
1697723138.071863, 58
1697723138.088973, 58
1697723138.105799, 57
1697723138.122842, 58
1697723138.140178, 57
1697723138.156896, 57
1697723138.173441, 57
1697723138.190872, 58
1697723138.208270, 57
1697723138.225083, 58
1697723138.242533, 58
1697723138.259388, 58
1697723138.276197, 57
1697723138.293472, 58
1697723138.310199, 58
1697723138.327022, 57
1697723138.343672, 58
1697723138.360395, 58
1697723138.377072, 58
1697723138.393655, 59
1697723138.410406, 59
1697723138.427686, 59
1697723138.444432, 58
1697723138.461303, 59
1697723138.478408, 58
1697723138.495188, 59
1697723138.511949, 59
1697723138.529182, 58
1697723138.545808, 58
1697723138.562637, 59
1697723138.580145, 59
1697723138.596942, 58
1697723138.613759, 59
1697723138.631067, 59
1697723138.647776, 60
1697723138.664844, 60
1697723138.682140, 60
1697723138.699079, 59
1697723138.716436, 60
1697723138.733308, 60
1697723138.749989, 59
1697723138.767346, 58
1697723138.784274, 59
1697723138.801173, 59
1697723138.818149, 59
1697723138.834551, 60
1697723138.851244, 60
1697723138.868340, 60
1697723138.885159, 60
1697723138.901716, 60
1697723138.918744, 59
1697723138.935471, 60
1697723138.952271, 59
1697723138.969375, 60
1697723138.985979, 61
1697723139.003080, 61
1697723139.020062, 61
1697723139.036859, 59
