1697723327.840197, 0
1697723327.857784, 0
1697723327.874883, 0
1697723327.891731, 2
1697723327.909042, 7
1697723327.926249, 5
1697723327.943061, 14
1697723327.960278, 17
1697723327.977372, 20
1697723327.994309, 25
1697723328.011200, 28
1697723328.029149, 30
1697723328.046154, 36
1697723328.063442, 41
1697723328.080285, 45
1697723328.097268, 49
1697723328.114456, 55
1697723328.131456, 61
1697723328.148340, 65
1697723328.165707, 71
1697723328.182595, 75
1697723328.199308, 80
1697723328.216173, 85
1697723328.233147, 88
1697723328.249689, 94
1697723328.266539, 99
1697723328.283172, 102
1697723328.300210, 108
1697723328.317059, 113
1697723328.333709, 117
1697723328.350867, 122
1697723328.367633, 127
1697723328.384343, 131
1697723328.401869, 136
1697723328.418857, 141
1697723328.435887, 146
1697723328.453405, 150
1697723328.470251, 150
1697723328.487248, 150
1697723328.504528, 150
1697723328.521518, 150
1697723328.538070, 150
1697723328.555132, 150
1697723328.572286, 150
1697723328.589285, 150
1697723328.606426, 149
1697723328.623670, 150
1697723328.640691, 150
1697723328.657410, 150
1697723328.674325, 150
1697723328.691398, 150
1697723328.708450, 150
1697723328.725343, 150
1697723328.742550, 150
1697723328.759674, 149
1697723328.776607, 150
1697723328.794143, 150
1697723328.811585, 150
1697723328.828756, 150
1697723328.845823, 149
1697723328.863637, 150
1697723328.880661, 150
1697723328.898098, 150
1697723328.915145, 150
1697723328.931936, 150
1697723328.949651, 150
1697723328.966722, 150
1697723328.984068, 150
1697723329.001019, 150
1697723329.018115, 150
1697723329.036104, 149
1697723329.053631, 149
1697723329.070962, 150
1697723329.087590, 149
1697723329.104650, 149
1697723329.121508, 150
1697723329.138376, 150
1697723329.155815, 149
1697723329.172587, 150
1697723329.189613, 150
1697723329.206708, 149
1697723329.223439, 150
1697723329.240377, 149
1697723329.257254, 149
1697723329.274043, 150
1697723329.291323, 149
1697723329.307986, 149
1697723329.325190, 149
1697723329.343001, 150
1697723329.359989, 149
1697723329.376771, 149
1697723329.394057, 150
1697723329.410615, 149
1697723329.427401, 149
1697723329.445816, 150
1697723329.462761, 150
1697723329.479880, 150
1697723329.497437, 149
1697723329.514096, 150
1697723329.531425, 150
1697723329.548609, 149
1697723329.565457, 148
1697723329.582999, 149
1697723329.600245, 150
1697723329.617120, 150
1697723329.634805, 150
1697723329.651392, 150
1697723329.668262, 150
1697723329.685704, 150
1697723329.702473, 150
1697723329.719269, 150
1697723329.736750, 149
1697723329.753670, 148
1697723329.770486, 145
1697723329.788429, 145
1697723329.805714, 145
1697723329.822534, 149
1697723329.839973, 149
1697723329.856845, 149
1697723329.874081, 150
1697723329.891596, 149
1697723329.908486, 150
1697723329.925111, 150
1697723329.942560, 150
1697723329.959177, 149
1697723329.976697, 149
1697723329.993517, 149
1697723330.010288, 149
1697723330.027631, 149
1697723330.044363, 150
1697723330.061104, 149
1697723330.079017, 149
1697723330.096273, 148
1697723330.113319, 147
1697723330.130119, 148
1697723330.146923, 148
1697723330.163648, 148
1697723330.181171, 148
1697723330.198628, 147
1697723330.215503, 147
1697723330.232359, 149
1697723330.249773, 149
1697723330.266505, 150
1697723330.283383, 150
1697723330.300549, 150
1697723330.317525, 150
1697723330.335446, 146
1697723330.352411, 147
1697723330.368810, 145
1697723330.386020, 146
1697723330.403321, 147
1697723330.420677, 148
1697723330.437688, 149
1697723330.454668, 148
1697723330.471847, 149
1697723330.488913, 150
1697723330.505746, 147
1697723330.522888, 150
1697723330.539725, 150
1697723330.556596, 149
1697723330.573876, 148
1697723330.590983, 145
1697723330.607692, 146
1697723330.624904, 148
1697723330.642077, 145
1697723330.658989, 146
1697723330.676141, 148
1697723330.693100, 147
1697723330.710250, 145
1697723330.727682, 147
1697723330.744503, 148
1697723330.762091, 143
1697723330.779316, 146
1697723330.796159, 145
1697723330.813832, 148
1697723330.830956, 149
1697723330.848044, 149
1697723330.864904, 145
1697723330.881791, 146
1697723330.899112, 148
1697723330.916154, 147
1697723330.932930, 146
1697723330.949702, 147
1697723330.967103, 147
1697723330.983846, 146
1697723331.000716, 147
1697723331.017717, 148
1697723331.034893, 146
1697723331.052126, 148
1697723331.068912, 145
1697723331.085826, 148
1697723331.102646, 150
1697723331.119585, 150
1697723331.136185, 147
1697723331.153476, 143
1697723331.171078, 140
1697723331.188264, 137
1697723331.205594, 133
1697723331.222578, 130
1697723331.239202, 129
1697723331.256401, 126
1697723331.273253, 121
1697723331.289979, 121
1697723331.307766, 116
1697723331.324980, 114
1697723331.342076, 111
1697723331.359826, 108
1697723331.376651, 101
1697723331.393931, 94
1697723331.410732, 88
1697723331.427833, 80
1697723331.445710, 73
1697723331.462323, 66
1697723331.479189, 59
1697723331.496163, 52
1697723331.512826, 52
1697723331.529627, 53
1697723331.546784, 53
1697723331.563770, 53
1697723331.580527, 52
1697723331.598128, 53
1697723331.615134, 53
1697723331.631885, 53
1697723331.649211, 53
1697723331.665798, 54
1697723331.682410, 54
1697723331.699618, 52
1697723331.716394, 53
1697723331.733436, 54
1697723331.750540, 53
1697723331.766981, 53
1697723331.784380, 54
1697723331.802363, 53
1697723331.819225, 54
1697723331.836427, 54
1697723331.853627, 53
1697723331.870488, 54
1697723331.887750, 54
1697723331.904952, 54
1697723331.921741, 53
1697723331.939094, 53
1697723331.955880, 55
1697723331.972540, 54
1697723331.989802, 55
1697723332.006747, 55
1697723332.023825, 54
1697723332.041214, 54
1697723332.058206, 55
1697723332.075884, 54
1697723332.093142, 55
1697723332.110478, 55
1697723332.127980, 54
1697723332.144918, 54
1697723332.161823, 55
1697723332.178501, 55
1697723332.196795, 55
1697723332.213672, 55
1697723332.232133, 55
1697723332.249576, 55
1697723332.266427, 56
1697723332.283652, 56
1697723332.300660, 55
1697723332.317757, 56
1697723332.335270, 56
1697723332.351772, 55
1697723332.368422, 56
1697723332.385682, 56
1697723332.402523, 56
1697723332.419293, 56
1697723332.436624, 55
1697723332.453705, 55
1697723332.470700, 56
1697723332.487946, 56
1697723332.504717, 55
1697723332.522052, 56
1697723332.538869, 56
1697723332.555829, 57
1697723332.572949, 56
1697723332.589745, 57
1697723332.606863, 57
1697723332.624079, 56
1697723332.640813, 57
1697723332.659058, 57
1697723332.677816, 56
1697723332.696087, 57
1697723332.713104, 57
1697723332.730301, 56
1697723332.747618, 57
1697723332.764596, 57
1697723332.781636, 57
1697723332.798364, 57
1697723332.815458, 56
1697723332.832696, 57
1697723332.849738, 57
1697723332.866594, 58
1697723332.883592, 58
1697723332.900552, 56
1697723332.917914, 57
1697723332.935050, 58
1697723332.952149, 58
1697723332.969451, 59
1697723332.986481, 59
1697723333.003326, 59
1697723333.021682, 59
1697723333.040179, 58
1697723333.058233, 59
1697723333.075758, 59
1697723333.092761, 58
1697723333.109893, 58
1697723333.127718, 59
1697723333.145040, 59
1697723333.162046, 58
1697723333.179431, 59
1697723333.196257, 59
1697723333.213151, 58
1697723333.230554, 57
1697723333.247335, 58
1697723333.263979, 58
1697723333.281172, 59
1697723333.298065, 59
1697723333.314742, 59
1697723333.332298, 58
1697723333.349199, 58
1697723333.365914, 59
1697723333.384857, 59
1697723333.403255, 58
1697723333.420577, 59
1697723333.437816, 59
1697723333.455973, 59
1697723333.472601, 59
1697723333.489363, 59
1697723333.506499, 60
1697723333.523762, 60
1697723333.540749, 59
1697723333.557784, 60
1697723333.575003, 60
1697723333.591954, 60
1697723333.608813, 60
1697723333.625666, 60
1697723333.642723, 60
1697723333.659537, 59
1697723333.676254, 59
1697723333.693099, 59
1697723333.710016, 59
1697723333.726589, 60
1697723333.743256, 60
1697723333.760140, 61
1697723333.777434, 61
1697723333.794390, 62
1697723333.811256, 61
1697723333.828716, 62
1697723333.845799, 62
1697723333.863179, 62
1697723333.880130, 61
1697723333.896785, 62
1697723333.913694, 61
1697723333.930420, 61
1697723333.947119, 61
1697723333.963858, 61
1697723333.981917, 60
1697723334.000440, 60
1697723334.017689, 60
1697723334.034604, 60
1697723334.051362, 61
1697723334.069297, 62
1697723334.086381, 61
1697723334.103143, 62
1697723334.120192, 62
1697723334.137180, 62
1697723334.153929, 62
1697723334.170995, 62
1697723334.188106, 61
1697723334.205447, 61
1697723334.222088, 62
1697723334.238438, 62
1697723334.255628, 62
1697723334.272134, 62
1697723334.289075, 62
1697723334.306421, 61
1697723334.323993, 62
1697723334.340753, 62
1697723334.358209, 61
1697723334.375356, 62
1697723334.392443, 63
1697723334.410006, 62
1697723334.427351, 63
1697723334.444389, 63
1697723334.462138, 63
1697723334.478802, 62
1697723334.495788, 62
1697723334.513090, 62
1697723334.529675, 62
1697723334.546959, 63
1697723334.564029, 63
1697723334.581081, 62
1697723334.598017, 63
1697723334.615093, 63
1697723334.632479, 63
1697723334.649237, 63
1697723334.666054, 63
1697723334.682627, 62
1697723334.699802, 63
1697723334.716866, 62
1697723334.733402, 63
1697723334.750575, 63
1697723334.767375, 64
1697723334.783972, 64
1697723334.800630, 64
1697723334.817273, 64
1697723334.834239, 64
1697723334.851611, 63
1697723334.868830, 64
1697723334.885571, 64
1697723334.902714, 63
1697723334.919671, 63
1697723334.936633, 64
1697723334.953525, 64
1697723334.970325, 64
1697723334.987635, 64
1697723335.004632, 64
1697723335.021576, 64
1697723335.038779, 63
1697723335.055672, 64
1697723335.072581, 64
1697723335.089663, 65
1697723335.106560, 65
1697723335.123367, 64
1697723335.140258, 64
1697723335.157120, 65
1697723335.173887, 64
1697723335.191798, 65
1697723335.208993, 65
1697723335.225866, 65
1697723335.242996, 65
1697723335.260002, 65
1697723335.277085, 65
1697723335.294475, 65
1697723335.311543, 65
1697723335.328469, 65
1697723335.345377, 65
1697723335.362439, 64
1697723335.379953, 64
1697723335.396839, 65
1697723335.413559, 66
1697723335.430760, 66
1697723335.448107, 66
1697723335.464551, 65
1697723335.481806, 65
1697723335.498787, 66
1697723335.515607, 66
1697723335.532945, 66
1697723335.549848, 66
1697723335.566700, 66
1697723335.584049, 65
1697723335.601115, 66
1697723335.618594, 66
1697723335.636160, 66
1697723335.652972, 66
1697723335.670042, 67
1697723335.686912, 66
1697723335.703852, 66
1697723335.720904, 65
1697723335.737807, 66
1697723335.754774, 67
1697723335.772047, 67
1697723335.788619, 67
1697723335.805902, 67
1697723335.822956, 67
1697723335.839780, 66
1697723335.856516, 66
1697723335.873155, 66
1697723335.890148, 66
1697723335.907184, 67
1697723335.924173, 67
1697723335.940784, 67
1697723335.957930, 66
1697723335.974714, 66
1697723335.991702, 66
1697723336.009048, 67
1697723336.025521, 67
1697723336.042563, 67
1697723336.059948, 67
1697723336.076964, 67
1697723336.093839, 68
1697723336.111148, 68
1697723336.127999, 68
1697723336.144764, 68
1697723336.162218, 67
1697723336.179087, 68
1697723336.195808, 68
1697723336.213329, 67
1697723336.230182, 68
1697723336.246955, 68
1697723336.263714, 68
1697723336.280964, 68
1697723336.297884, 68
1697723336.314609, 68
1697723336.331461, 68
1697723336.348289, 68
1697723336.365463, 68
1697723336.382437, 68
1697723336.399738, 68
1697723336.416452, 68
1697723336.433341, 68
1697723336.450863, 69
1697723336.467426, 69
1697723336.484420, 68
1697723336.502351, 69
1697723336.519780, 68
1697723336.536683, 68
1697723336.553647, 69
1697723336.570636, 69
1697723336.587559, 69
1697723336.605596, 69
1697723336.622620, 69
1697723336.639565, 69
1697723336.657016, 69
1697723336.673722, 68
1697723336.690653, 69
1697723336.707833, 69
1697723336.724931, 69
1697723336.742243, 69
1697723336.759011, 69
1697723336.775840, 69
1697723336.792864, 70
1697723336.809946, 70
1697723336.826585, 70
1697723336.843461, 70
1697723336.860335, 70
1697723336.876942, 69
1697723336.893582, 70
1697723336.910529, 70
1697723336.927441, 69
1697723336.944621, 70
1697723336.961616, 70
1697723336.978401, 70
1697723336.995894, 70
1697723337.012465, 70
1697723337.029200, 70
1697723337.046103, 70
1697723337.062801, 70
1697723337.080092, 70
1697723337.096591, 70
1697723337.113456, 70
1697723337.130595, 71
1697723337.147664, 70
1697723337.164550, 71
1697723337.181762, 71
1697723337.198765, 71
1697723337.216106, 70
1697723337.233094, 70
1697723337.249974, 70
1697723337.266607, 70
1697723337.283094, 70
1697723337.299804, 70
1697723337.316410, 71
1697723337.333480, 71
1697723337.350024, 71
1697723337.366706, 71
1697723337.383901, 71
1697723337.400756, 72
1697723337.418114, 71
1697723337.435459, 71
1697723337.452425, 71
1697723337.469769, 71
1697723337.486666, 70
1697723337.503341, 71
1697723337.521290, 72
1697723337.538246, 72
1697723337.555049, 72
1697723337.571983, 71
1697723337.588782, 72
1697723337.605877, 72
1697723337.622993, 72
1697723337.640049, 70
1697723337.656962, 72
1697723337.673825, 71
1697723337.690892, 71
1697723337.707834, 72
1697723337.725106, 73
1697723337.742744, 72
1697723337.759731, 72
1697723337.776453, 72
1697723337.793290, 73
1697723337.810110, 72
1697723337.827472, 72
1697723337.844876, 72
1697723337.862146, 72
1697723337.879103, 72
1697723337.896166, 72
1697723337.913959, 73
1697723337.930704, 73
1697723337.947529, 73
1697723337.965088, 72
1697723337.982131, 73
1697723337.999065, 73
1697723338.016317, 73
1697723338.033132, 73
1697723338.050001, 73
1697723338.067451, 72
1697723338.084352, 73
1697723338.101374, 73
1697723338.118784, 73
1697723338.135534, 72
1697723338.152473, 72
1697723338.169590, 73
1697723338.186534, 73
1697723338.203219, 73
1697723338.220057, 74
1697723338.236922, 73
1697723338.254239, 72
1697723338.271741, 74
1697723338.289087, 73
1697723338.306475, 73
1697723338.323437, 74
1697723338.339945, 73
1697723338.356755, 74
1697723338.373564, 74
1697723338.390585, 74
1697723338.407571, 74
1697723338.424199, 74
1697723338.440824, 74
1697723338.458286, 74
1697723338.475652, 74
1697723338.492546, 75
1697723338.509481, 75
1697723338.526348, 74
1697723338.542904, 75
1697723338.560333, 74
1697723338.577618, 74
1697723338.594738, 75
1697723338.611814, 74
1697723338.628494, 74
1697723338.645042, 74
1697723338.661950, 74
1697723338.678837, 75
1697723338.696009, 75
1697723338.712945, 75
1697723338.729803, 74
1697723338.747734, 76
1697723338.765797, 76
1697723338.782817, 75
1697723338.800085, 76
1697723338.817169, 76
1697723338.834079, 75
1697723338.851224, 76
1697723338.868137, 77
1697723338.884882, 76
1697723338.902547, 75
1697723338.919430, 76
1697723338.936185, 75
1697723338.953186, 74
1697723338.970340, 74
1697723338.987141, 75
1697723339.004587, 75
1697723339.021428, 75
1697723339.038549, 77
1697723339.055787, 76
1697723339.072515, 77
1697723339.089363, 77
1697723339.106571, 77
1697723339.123482, 77
1697723339.140651, 76
1697723339.157878, 76
1697723339.174622, 77
1697723339.191437, 77
1697723339.208531, 75
1697723339.225703, 75
1697723339.242996, 76
1697723339.259822, 76
1697723339.276614, 76
1697723339.293264, 76
1697723339.309863, 77
1697723339.326818, 77
1697723339.343904, 77
1697723339.361305, 78
1697723339.378000, 77
1697723339.395108, 77
1697723339.412082, 78
1697723339.429065, 77
1697723339.446250, 77
1697723339.463041, 78
1697723339.479679, 77
1697723339.496635, 78
1697723339.513448, 77
1697723339.530565, 77
1697723339.547307, 76
1697723339.563878, 77
1697723339.581173, 77
1697723339.598202, 76
1697723339.614987, 77
1697723339.632018, 77
1697723339.648542, 78
1697723339.665527, 78
1697723339.682904, 79
1697723339.699703, 78
1697723339.716408, 77
1697723339.733428, 78
1697723339.750112, 78
1697723339.767112, 78
1697723339.783714, 79
1697723339.800497, 78
1697723339.817411, 79
1697723339.834299, 78
1697723339.850945, 78
1697723339.868233, 77
1697723339.885022, 77
1697723339.901937, 78
1697723339.919142, 77
1697723339.936011, 78
1697723339.952719, 79
1697723339.969949, 78
1697723339.986786, 78
1697723340.003639, 79
1697723340.021008, 79
1697723340.038183, 79
1697723340.054928, 80
1697723340.071510, 80
1697723340.088310, 79
1697723340.105949, 79
1697723340.122844, 80
1697723340.139799, 79
1697723340.157001, 78
1697723340.173773, 79
1697723340.190570, 78
1697723340.207504, 78
1697723340.224531, 79
1697723340.241600, 79
1697723340.259001, 80
1697723340.275814, 80
1697723340.292782, 80
1697723340.309637, 79
1697723340.326752, 80
1697723340.343666, 80
1697723340.360894, 79
1697723340.377711, 80
1697723340.394087, 80
1697723340.411200, 79
1697723340.428108, 80
1697723340.444969, 80
1697723340.461651, 79
1697723340.478277, 79
1697723340.495242, 80
1697723340.511970, 80
1697723340.528740, 79
1697723340.545327, 80
1697723340.562121, 80
1697723340.579028, 80
1697723340.595806, 80
1697723340.612636, 81
1697723340.629507, 80
1697723340.646409, 80
1697723340.662843, 80
1697723340.679550, 81
1697723340.697521, 81
1697723340.715460, 81
1697723340.732403, 80
1697723340.750106, 80
1697723340.766922, 79
1697723340.783839, 79
1697723340.801608, 79
1697723340.818738, 80
1697723340.835453, 80
1697723340.852986, 80
1697723340.869972, 81
1697723340.887277, 82
1697723340.904060, 81
1697723340.920991, 82
1697723340.938140, 81
1697723340.954833, 81
1697723340.971926, 81
1697723340.988901, 82
1697723341.005777, 81
1697723341.022382, 80
1697723341.039265, 82
1697723341.056072, 82
1697723341.072691, 81
1697723341.089804, 81
1697723341.106699, 81
1697723341.123705, 81
1697723341.140699, 81
1697723341.157471, 81
1697723341.174119, 80
1697723341.191309, 81
1697723341.208156, 82
1697723341.224505, 81
1697723341.241050, 81
1697723341.257632, 82
1697723341.274551, 83
1697723341.291805, 82
1697723341.308604, 83
1697723341.325903, 83
1697723341.342736, 82
1697723341.359563, 82
1697723341.376363, 82
1697723341.392967, 82
1697723341.409749, 82
1697723341.426615, 82
1697723341.443797, 82
1697723341.460387, 82
1697723341.476917, 82
1697723341.493489, 82
1697723341.509913, 81
1697723341.527045, 83
1697723341.544007, 83
1697723341.561006, 82
1697723341.578108, 83
1697723341.595123, 83
1697723341.612213, 82
1697723341.629524, 82
1697723341.646448, 82
1697723341.663142, 82
1697723341.679790, 84
1697723341.696572, 84
1697723341.713986, 84
1697723341.730727, 82
1697723341.747557, 83
1697723341.764826, 83
1697723341.781691, 82
1697723341.798474, 83
1697723341.815697, 83
1697723341.832702, 82
1697723341.849689, 84
1697723341.866431, 84
1697723341.883127, 83
1697723341.899520, 84
1697723341.916178, 84
1697723341.932882, 83
1697723341.949973, 84
1697723341.967315, 84
1697723341.983933, 84
1697723342.000870, 83
1697723342.017792, 84
1697723342.034198, 84
1697723342.051186, 82
1697723342.068022, 82
1697723342.084751, 83
1697723342.101382, 83
1697723342.118005, 83
1697723342.134440, 83
1697723342.151695, 83
1697723342.168472, 85
1697723342.185696, 85
1697723342.202381, 85
1697723342.219326, 84
1697723342.235911, 85
1697723342.252665, 85
1697723342.269505, 84
1697723342.286933, 85
1697723342.304271, 85
1697723342.320979, 84
1697723342.337968, 86
1697723342.354808, 86
1697723342.372189, 85
1697723342.389484, 85
1697723342.406552, 85
1697723342.423259, 84
1697723342.440797, 85
1697723342.457857, 85
1697723342.474838, 85
1697723342.492085, 84
1697723342.509119, 85
1697723342.526075, 85
1697723342.543059, 86
1697723342.560495, 86
1697723342.577198, 86
1697723342.594723, 85
1697723342.611565, 86
1697723342.628485, 86
1697723342.645451, 86
1697723342.662155, 86
1697723342.678705, 86
1697723342.695682, 84
1697723342.712541, 85
1697723342.728926, 85
1697723342.746166, 85
1697723342.762963, 84
1697723342.780065, 85
1697723342.796868, 85
1697723342.813730, 86
1697723342.831118, 86
1697723342.847992, 85
1697723342.865238, 85
1697723342.883166, 85
1697723342.900230, 86
1697723342.916889, 85
1697723342.934209, 86
1697723342.951046, 87
1697723342.967971, 86
1697723342.985462, 86
1697723343.002116, 87
1697723343.018554, 86
1697723343.035324, 85
1697723343.052180, 85
1697723343.068887, 85
1697723343.086060, 85
1697723343.102894, 86
1697723343.119642, 86
1697723343.136446, 85
1697723343.153370, 87
1697723343.170244, 86
1697723343.187444, 86
1697723343.204450, 87
1697723343.221415, 87
1697723343.238784, 87
1697723343.255552, 87
1697723343.272983, 87
1697723343.290078, 87
1697723343.306916, 87
1697723343.324146, 87
1697723343.340889, 87
1697723343.357626, 85
1697723343.374624, 86
1697723343.391319, 86
1697723343.408061, 87
1697723343.425169, 87
1697723343.441956, 87
1697723343.458785, 86
1697723343.476274, 88
1697723343.493189, 87
1697723343.509929, 88
1697723343.527313, 87
1697723343.543819, 88
1697723343.560936, 88
1697723343.578511, 87
1697723343.595381, 88
1697723343.613043, 88
1697723343.630138, 87
1697723343.646861, 87
1697723343.663810, 87
1697723343.680615, 86
1697723343.698310, 86
1697723343.715570, 86
1697723343.732444, 86
1697723343.749228, 87
1697723343.766387, 87
1697723343.783496, 87
1697723343.800423, 87
1697723343.817686, 87
1697723343.834564, 88
1697723343.851297, 88
1697723343.868391, 89
1697723343.885562, 89
1697723343.902227, 88
1697723343.919574, 89
1697723343.936654, 88
1697723343.953331, 89
1697723343.970363, 89
1697723343.987150, 89
1697723344.004097, 88
1697723344.021216, 87
1697723344.038730, 88
1697723344.055960, 88
1697723344.073279, 87
1697723344.090218, 88
1697723344.107338, 87
1697723344.124214, 88
1697723344.141269, 89
1697723344.158887, 88
1697723344.176002, 89
1697723344.192805, 89
1697723344.209917, 89
1697723344.226880, 88
1697723344.243636, 88
1697723344.260903, 88
1697723344.277718, 89
1697723344.294441, 90
1697723344.311855, 90
1697723344.328557, 90
1697723344.345140, 88
1697723344.362569, 88
1697723344.379725, 88
1697723344.396444, 89
1697723344.414609, 88
1697723344.431995, 89
1697723344.448997, 88
1697723344.465878, 90
1697723344.482950, 90
1697723344.499739, 89
1697723344.517448, 90
1697723344.534873, 90
1697723344.551877, 89
1697723344.569045, 90
1697723344.586016, 90
1697723344.602910, 90
1697723344.619860, 90
1697723344.636910, 89
1697723344.654473, 89
1697723344.671326, 90
1697723344.688213, 89
1697723344.705747, 89
1697723344.722567, 89
1697723344.739197, 90
1697723344.756800, 89
1697723344.773424, 89
1697723344.790285, 90
1697723344.807583, 91
1697723344.824658, 90
1697723344.841706, 91
1697723344.858787, 91
1697723344.875459, 90
1697723344.892163, 91
1697723344.909301, 91
1697723344.925871, 91
1697723344.942552, 90
1697723344.959868, 90
1697723344.976700, 91
1697723344.993151, 91
1697723345.010254, 91
1697723345.027177, 90
1697723345.044505, 91
1697723345.061416, 90
1697723345.078089, 89
1697723345.095378, 89
1697723345.112252, 90
1697723345.129088, 90
1697723345.146083, 91
1697723345.163081, 91
1697723345.179680, 91
1697723345.196362, 92
1697723345.213138, 91
1697723345.229863, 92
1697723345.246378, 92
1697723345.263214, 91
1697723345.279939, 91
1697723345.296562, 92
1697723345.313321, 91
1697723345.329853, 91
1697723345.346337, 91
1697723345.363451, 91
1697723345.380638, 90
1697723345.398281, 91
1697723345.415022, 90
1697723345.432619, 92
1697723345.449957, 91
1697723345.466837, 90
1697723345.484610, 93
1697723345.501701, 92
1697723345.518683, 92
1697723345.536161, 92
1697723345.553273, 92
1697723345.570028, 92
1697723345.587106, 93
1697723345.603894, 92
1697723345.620817, 92
1697723345.637245, 92
1697723345.654535, 91
1697723345.671122, 93
1697723345.688245, 92
1697723345.705050, 91
1697723345.721787, 92
1697723345.739038, 92
1697723345.755763, 92
1697723345.772407, 91
1697723345.789695, 91
1697723345.806558, 92
1697723345.824189, 93
1697723345.841008, 93
1697723345.858229, 92
1697723345.875446, 93
1697723345.892924, 93
1697723345.909729, 94
1697723345.927039, 93
1697723345.943959, 93
1697723345.960935, 93
1697723345.978166, 94
1697723345.994827, 93
1697723346.012162, 93
1697723346.029320, 93
1697723346.046056, 92
1697723346.062747, 92
1697723346.079864, 93
1697723346.096854, 92
1697723346.113856, 92
1697723346.131350, 92
1697723346.148150, 93
1697723346.164886, 93
1697723346.181401, 94
1697723346.198432, 93
1697723346.215282, 94
1697723346.232313, 94
1697723346.249263, 93
1697723346.265986, 94
1697723346.283530, 94
1697723346.300358, 94
1697723346.317248, 94
1697723346.334243, 94
1697723346.350940, 94
1697723346.367892, 94
1697723346.384907, 93
1697723346.401501, 93
1697723346.419538, 92
1697723346.436974, 92
1697723346.453894, 94
1697723346.471097, 93
1697723346.487932, 93
1697723346.504650, 93
1697723346.521799, 94
1697723346.538775, 93
1697723346.555764, 94
1697723346.573247, 95
1697723346.590190, 95
1697723346.606787, 95
1697723346.623858, 94
1697723346.640884, 95
1697723346.657725, 95
1697723346.674541, 95
1697723346.691408, 95
1697723346.708291, 95
1697723346.725465, 95
1697723346.742437, 93
1697723346.759220, 93
1697723346.776185, 93
1697723346.793180, 93
1697723346.810080, 94
1697723346.827090, 94
1697723346.843811, 94
1697723346.860895, 94
1697723346.877498, 95
1697723346.894385, 95
1697723346.911072, 95
1697723346.927752, 94
1697723346.944539, 96
1697723346.961999, 95
1697723346.978805, 95
1697723346.995874, 95
1697723347.013078, 95
1697723347.029836, 95
1697723347.046774, 95
1697723347.064164, 95
1697723347.081125, 95
1697723347.098221, 94
1697723347.115158, 94
1697723347.132319, 95
1697723347.149532, 95
1697723347.166262, 94
1697723347.182859, 94
1697723347.200090, 95
1697723347.217183, 95
1697723347.234087, 95
1697723347.251252, 96
1697723347.268339, 96
1697723347.285419, 95
1697723347.302812, 96
1697723347.319629, 97
1697723347.336286, 97
1697723347.353388, 96
1697723347.370411, 96
1697723347.387237, 96
1697723347.404527, 96
1697723347.421492, 96
1697723347.438048, 96
1697723347.455421, 94
1697723347.472475, 94
1697723347.489299, 95
1697723347.506644, 95
1697723347.524161, 95
1697723347.540825, 96
1697723347.557997, 95
1697723347.574799, 97
1697723347.592757, 97
1697723347.610168, 96
1697723347.626861, 97
1697723347.644157, 97
1697723347.661195, 97
1697723347.678026, 96
1697723347.695453, 96
1697723347.712298, 96
1697723347.728736, 97
1697723347.746003, 97
1697723347.763186, 97
1697723347.779912, 96
1697723347.796577, 96
1697723347.813550, 97
1697723347.830354, 96
1697723347.847578, 96
1697723347.864253, 96
1697723347.880921, 97
1697723347.898297, 96
1697723347.915449, 97
1697723347.932312, 97
1697723347.949262, 97
1697723347.966258, 97
1697723347.982997, 97
1697723347.999683, 97
1697723348.016525, 97
1697723348.033453, 98
1697723348.050057, 98
1697723348.066839, 98
1697723348.083798, 97
1697723348.101112, 97
1697723348.118143, 98
1697723348.135247, 98
1697723348.152040, 97
1697723348.169087, 97
1697723348.186443, 96
1697723348.203057, 96
1697723348.220016, 97
1697723348.237395, 97
1697723348.254269, 97
1697723348.271242, 98
1697723348.288598, 98
1697723348.305474, 99
1697723348.322300, 98
1697723348.339638, 98
1697723348.356434, 99
1697723348.373300, 98
1697723348.390811, 98
1697723348.408404, 99
1697723348.425625, 98
1697723348.442214, 98
1697723348.459171, 99
1697723348.476517, 98
1697723348.493605, 98
1697723348.510387, 96
1697723348.527610, 97
1697723348.544494, 98
1697723348.561216, 98
1697723348.578490, 98
1697723348.595462, 98
1697723348.612210, 97
1697723348.629223, 99
1697723348.645915, 98
1697723348.662692, 99
1697723348.679937, 99
1697723348.696958, 99
1697723348.713946, 98
1697723348.731480, 98
1697723348.748075, 98
1697723348.764916, 99
1697723348.781981, 99
1697723348.799062, 100
1697723348.816087, 99
1697723348.833381, 99
1697723348.850238, 99
1697723348.867075, 98
1697723348.883832, 98
1697723348.900571, 99
1697723348.918208, 98
1697723348.935252, 98
1697723348.952133, 99
1697723348.969215, 99
1697723348.986239, 99
1697723349.002839, 100
1697723349.019879, 99
1697723349.036844, 100
1697723349.054007, 100
1697723349.070797, 99
1697723349.087608, 99
1697723349.104658, 100
1697723349.121857, 100
1697723349.138685, 99
1697723349.155288, 100
1697723349.172757, 100
1697723349.189726, 100
1697723349.206466, 100
1697723349.223585, 99
1697723349.240221, 98
1697723349.257514, 99
1697723349.274289, 100
1697723349.291247, 100
1697723349.308371, 99
1697723349.325189, 99
1697723349.341835, 101
1697723349.359307, 100
1697723349.376237, 99
1697723349.392834, 101
1697723349.410029, 100
1697723349.426723, 100
1697723349.443746, 101
1697723349.460706, 100
1697723349.477322, 100
1697723349.493862, 101
1697723349.510903, 100
1697723349.527638, 101
1697723349.545083, 101
1697723349.561984, 101
1697723349.578749, 98
1697723349.596045, 100
1697723349.612626, 100
1697723349.629515, 99
1697723349.646215, 99
1697723349.662873, 100
1697723349.679477, 99
1697723349.696728, 100
1697723349.713400, 101
1697723349.730189, 101
1697723349.747151, 101
1697723349.764138, 101
1697723349.780781, 102
1697723349.797754, 101
1697723349.814535, 100
1697723349.831117, 101
1697723349.848349, 101
1697723349.865338, 101
1697723349.882650, 102
1697723349.899572, 101
1697723349.916493, 101
1697723349.933920, 102
1697723349.951264, 100
1697723349.968221, 99
1697723349.985367, 101
1697723350.002521, 101
1697723350.019591, 101
1697723350.036759, 101
1697723350.053890, 101
1697723350.070599, 102
1697723350.087904, 102
1697723350.104674, 102
1697723350.121557, 101
1697723350.138831, 101
1697723350.155798, 102
1697723350.172513, 101
1697723350.189571, 102
1697723350.206248, 102
1697723350.223010, 102
1697723350.240111, 102
1697723350.256978, 101
1697723350.274427, 102
1697723350.291232, 102
1697723350.308150, 102
1697723350.325322, 102
1697723350.342229, 101
1697723350.359162, 102
1697723350.376015, 102
1697723350.392707, 101
1697723350.409604, 101
1697723350.426419, 101
1697723350.442767, 102
1697723350.459282, 102
1697723350.477290, 103
1697723350.494173, 102
1697723350.510713, 102
1697723350.528518, 103
1697723350.545370, 102
1697723350.561867, 103
1697723350.578886, 103
1697723350.595633, 103
1697723350.612867, 102
1697723350.629769, 102
1697723350.646671, 103
1697723350.663825, 102
1697723350.680281, 102
1697723350.696966, 102
1697723350.714102, 101
1697723350.731122, 102
1697723350.747753, 102
1697723350.764688, 101
1697723350.781707, 102
1697723350.798819, 104
1697723350.815918, 104
1697723350.832755, 102
1697723350.850031, 104
1697723350.867350, 103
1697723350.884003, 103
1697723350.900690, 104
1697723350.917889, 104
1697723350.934541, 104
1697723350.951439, 103
1697723350.968306, 104
1697723350.985162, 103
1697723351.002428, 103
1697723351.019369, 104
1697723351.036331, 103
1697723351.054019, 103
1697723351.070889, 103
1697723351.087938, 103
1697723351.105549, 103
1697723351.123012, 102
1697723351.139523, 102
1697723351.156503, 102
1697723351.173442, 104
1697723351.190258, 104
1697723351.207757, 103
1697723351.224543, 103
1697723351.241080, 103
1697723351.258286, 103
1697723351.275052, 104
1697723351.291858, 104
1697723351.308990, 105
1697723351.325349, 104
1697723351.341872, 105
1697723351.358436, 105
1697723351.375123, 105
1697723351.392049, 104
1697723351.409579, 104
1697723351.426514, 103
1697723351.442932, 102
1697723351.459496, 103
1697723351.476146, 103
1697723351.492946, 103
1697723351.509750, 103
1697723351.526432, 103
1697723351.544386, 104
1697723351.561692, 105
1697723351.578523, 105
1697723351.595803, 104
1697723351.612590, 105
1697723351.629385, 105
1697723351.646342, 104
1697723351.663060, 104
1697723351.679901, 104
1697723351.696589, 104
1697723351.713135, 104
1697723351.729602, 104
1697723351.746405, 104
1697723351.763036, 105
1697723351.779905, 105
1697723351.797573, 104
1697723351.814842, 102
1697723351.831408, 104
1697723351.848900, 105
1697723351.866835, 104
1697723351.883564, 104
1697723351.900347, 105
1697723351.916562, 105
1697723351.933012, 105
1697723351.949924, 105
1697723351.966797, 105
1697723351.983730, 105
1697723352.000465, 106
1697723352.017323, 106
1697723352.033982, 105
1697723352.050629, 106
1697723352.067316, 106
1697723352.083734, 105
1697723352.100337, 106
1697723352.116920, 106
1697723352.133645, 106
1697723352.150415, 106
1697723352.167101, 105
1697723352.183702, 105
1697723352.200463, 105
1697723352.217116, 104
1697723352.234519, 105
1697723352.251241, 105
1697723352.267738, 105
1697723352.284703, 106
1697723352.301718, 105
1697723352.317966, 106
1697723352.334817, 106
1697723352.351733, 106
1697723352.369021, 106
1697723352.386106, 107
1697723352.402821, 106
1697723352.419785, 107
1697723352.436386, 107
1697723352.453435, 107
1697723352.470243, 106
1697723352.487051, 107
1697723352.503694, 107
1697723352.520708, 106
1697723352.537478, 106
1697723352.554157, 106
1697723352.571223, 105
1697723352.588131, 106
1697723352.604962, 106
1697723352.622543, 105
1697723352.639646, 105
1697723352.656467, 106
1697723352.673513, 106
1697723352.690311, 107
1697723352.706719, 107
1697723352.723837, 107
1697723352.740764, 106
1697723352.757672, 107
1697723352.774384, 107
1697723352.790927, 106
1697723352.808309, 107
1697723352.825253, 106
1697723352.841875, 106
1697723352.858789, 107
1697723352.875367, 107
1697723352.891752, 107
1697723352.908308, 107
1697723352.925213, 107
1697723352.941633, 107
1697723352.958330, 106
1697723352.974969, 107
1697723352.991611, 107
1697723353.008437, 107
1697723353.025176, 107
1697723353.041741, 108
1697723353.058515, 107
1697723353.075190, 108
1697723353.091846, 108
1697723353.108750, 107
1697723353.125414, 106
1697723353.141887, 107
1697723353.158782, 108
1697723353.175338, 107
1697723353.192473, 108
1697723353.209348, 108
1697723353.225910, 107
1697723353.242644, 108
1697723353.259574, 108
1697723353.276179, 108
1697723353.293025, 107
1697723353.309912, 107
1697723353.326699, 106
1697723353.343693, 106
1697723353.360418, 106
1697723353.376992, 106
1697723353.394266, 106
1697723353.410978, 108
1697723353.427785, 109
1697723353.444859, 108
1697723353.461993, 108
1697723353.478795, 109
1697723353.496404, 109
1697723353.513199, 109
1697723353.530168, 109
1697723353.547518, 108
1697723353.564335, 109
1697723353.581020, 109
1697723353.598372, 109
1697723353.615180, 109
1697723353.632379, 108
1697723353.649740, 109
1697723353.666873, 107
1697723353.683959, 108
1697723353.700761, 108
1697723353.717597, 107
1697723353.735060, 108
1697723353.751745, 108
1697723353.768809, 108
1697723353.785972, 108
1697723353.802669, 109
1697723353.819596, 108
1697723353.836724, 109
1697723353.853983, 109
1697723353.870844, 109
1697723353.888189, 109
1697723353.904989, 108
1697723353.922043, 108
1697723353.939027, 108
1697723353.956382, 109
1697723353.973415, 110
1697723353.990546, 109
1697723354.007318, 109
1697723354.024172, 110
1697723354.041563, 110
1697723354.058224, 109
1697723354.074969, 109
1697723354.092641, 108
1697723354.109456, 108
1697723354.125972, 109
1697723354.143233, 109
1697723354.160618, 109
1697723354.178385, 110
1697723354.196085, 110
1697723354.212646, 108
1697723354.229915, 109
1697723354.246933, 109
1697723354.264069, 111
1697723354.281153, 111
1697723354.298218, 111
1697723354.314916, 110
1697723354.331841, 110
1697723354.348784, 110
1697723354.365650, 110
1697723354.382706, 111
1697723354.399915, 111
1697723354.417245, 110
1697723354.434273, 110
1697723354.451563, 110
1697723354.468347, 110
1697723354.485299, 110
1697723354.501964, 110
1697723354.519081, 110
1697723354.536492, 109
1697723354.553476, 111
1697723354.570584, 111
1697723354.587871, 110
1697723354.604521, 111
1697723354.621669, 111
1697723354.638576, 110
1697723354.655371, 111
1697723354.672670, 111
1697723354.689367, 110
1697723354.706077, 110
1697723354.722799, 110
1697723354.740268, 110
1697723354.756876, 110
1697723354.773803, 111
1697723354.790947, 111
1697723354.808042, 111
1697723354.825230, 109
1697723354.841969, 109
1697723354.858708, 110
1697723354.876324, 110
1697723354.893162, 110
1697723354.909696, 109
1697723354.926825, 109
1697723354.943832, 110
1697723354.960427, 110
1697723354.977536, 111
1697723354.994342, 111
1697723355.011065, 111
1697723355.029055, 111
1697723355.046181, 111
1697723355.063064, 112
1697723355.080905, 111
1697723355.097816, 112
1697723355.114649, 112
1697723355.131570, 111
1697723355.148288, 112
1697723355.165685, 112
1697723355.182676, 111
1697723355.199532, 112
1697723355.216768, 111
1697723355.233640, 111
1697723355.250757, 111
1697723355.267866, 111
1697723355.284609, 111
1697723355.301305, 110
1697723355.318680, 111
1697723355.335697, 112
1697723355.352378, 113
1697723355.369520, 112
1697723355.386542, 112
1697723355.403312, 111
1697723355.420840, 112
1697723355.437795, 112
1697723355.454902, 111
1697723355.472056, 111
1697723355.488542, 111
1697723355.505925, 112
1697723355.523173, 112
1697723355.540135, 111
1697723355.557579, 112
1697723355.575291, 111
1697723355.592942, 110
1697723355.609993, 110
1697723355.626954, 112
1697723355.644526, 111
1697723355.661884, 111
1697723355.679014, 111
1697723355.695769, 112
1697723355.712591, 112
1697723355.729616, 112
1697723355.746588, 113
1697723355.765206, 113
1697723355.782197, 112
1697723355.798785, 112
1697723355.815860, 112
1697723355.832946, 112
1697723355.849729, 113
1697723355.866899, 113
1697723355.884341, 113
1697723355.901424, 113
1697723355.918390, 113
1697723355.935320, 113
1697723355.952054, 114
1697723355.968812, 113
1697723355.986143, 112
1697723356.003057, 112
1697723356.020032, 112
1697723356.036928, 112
1697723356.054053, 111
1697723356.071209, 112
1697723356.088031, 112
1697723356.104830, 112
1697723356.121475, 112
1697723356.138165, 112
1697723356.155266, 113
1697723356.172877, 114
1697723356.189694, 114
1697723356.206614, 113
1697723356.224108, 113
1697723356.240528, 114
1697723356.257276, 114
1697723356.274845, 113
1697723356.291718, 114
1697723356.309115, 113
1697723356.325788, 113
1697723356.342602, 114
1697723356.360218, 113
1697723356.377667, 113
1697723356.394431, 113
1697723356.411913, 113
1697723356.428790, 113
1697723356.445569, 112
1697723356.462951, 113
1697723356.479938, 112
1697723356.496586, 114
1697723356.513413, 114
1697723356.530241, 114
1697723356.547774, 114
1697723356.565223, 114
1697723356.582074, 114
1697723356.598927, 115
1697723356.616190, 114
1697723356.633077, 113
1697723356.650297, 113
1697723356.667616, 114
1697723356.684337, 114
1697723356.701700, 114
1697723356.718628, 114
1697723356.735596, 114
1697723356.752884, 115
1697723356.769667, 114
1697723356.786594, 114
1697723356.803756, 114
1697723356.820521, 113
1697723356.837329, 113
1697723356.854098, 113
1697723356.870886, 113
1697723356.887612, 114
1697723356.904373, 115
1697723356.921186, 114
1697723356.937837, 114
1697723356.954837, 115
1697723356.971670, 115
1697723356.988801, 114
1697723357.006135, 115
1697723357.022977, 115
1697723357.039886, 115
1697723357.057238, 114
1697723357.074249, 115
1697723357.090904, 115
1697723357.108304, 115
1697723357.125313, 115
1697723357.142294, 115
1697723357.159262, 114
1697723357.176286, 113
1697723357.193091, 114
1697723357.209601, 114
1697723357.226248, 114
1697723357.243570, 114
1697723357.260423, 115
1697723357.277680, 113
1697723357.295167, 115
1697723357.312543, 116
1697723357.329626, 116
1697723357.346760, 116
1697723357.363535, 115
1697723357.380519, 116
1697723357.397939, 116
1697723357.414462, 116
1697723357.431092, 116
1697723357.448214, 116
1697723357.464860, 116
1697723357.481849, 115
1697723357.498618, 115
1697723357.515423, 116
1697723357.532078, 115
1697723357.549367, 116
1697723357.566075, 115
1697723357.583026, 115
1697723357.599822, 115
1697723357.616788, 115
1697723357.633902, 115
1697723357.651111, 115
1697723357.668122, 115
1697723357.685101, 117
1697723357.702521, 116
1697723357.719504, 116
1697723357.736300, 116
1697723357.753704, 117
1697723357.770321, 116
1697723357.787584, 116
1697723357.804609, 116
1697723357.821872, 116
1697723357.839456, 115
1697723357.856973, 116
1697723357.873709, 116
1697723357.891010, 117
1697723357.908082, 116
1697723357.925677, 117
1697723357.943191, 117
1697723357.960004, 115
1697723357.976766, 115
1697723357.993875, 116
1697723358.010657, 116
1697723358.027324, 115
1697723358.044333, 116
1697723358.061121, 116
1697723358.077947, 116
1697723358.094933, 117
1697723358.111972, 117
1697723358.129092, 116
1697723358.146383, 117
1697723358.163140, 117
1697723358.180126, 117
1697723358.197635, 116
1697723358.214530, 117
1697723358.231189, 118
1697723358.248684, 117
1697723358.265677, 117
1697723358.282544, 118
1697723358.299808, 117
1697723358.316683, 116
1697723358.333437, 117
1697723358.350538, 118
1697723358.367524, 116
1697723358.384808, 116
1697723358.401859, 116
1697723358.418790, 116
1697723358.435868, 116
1697723358.452628, 117
1697723358.469340, 117
1697723358.486575, 118
1697723358.503765, 118
1697723358.520556, 118
1697723358.537319, 118
1697723358.554527, 118
1697723358.571759, 117
1697723358.588915, 117
1697723358.605796, 117
1697723358.622569, 117
1697723358.639893, 118
1697723358.656931, 118
1697723358.673663, 117
1697723358.690669, 117
1697723358.707505, 118
1697723358.724201, 118
1697723358.741688, 118
1697723358.758620, 118
1697723358.775829, 118
1697723358.792578, 116
1697723358.809499, 117
1697723358.826586, 117
1697723358.843429, 117
1697723358.860302, 117
1697723358.877477, 117
1697723358.894442, 118
1697723358.911556, 118
1697723358.928900, 118
1697723358.945598, 119
1697723358.962522, 118
1697723358.979600, 118
1697723358.996606, 118
1697723359.013045, 118
1697723359.030067, 118
1697723359.047174, 119
1697723359.064510, 118
1697723359.081368, 119
1697723359.098321, 119
1697723359.115321, 118
1697723359.132019, 119
1697723359.148972, 119
1697723359.166276, 117
1697723359.183553, 117
1697723359.200544, 117
1697723359.217606, 117
1697723359.234637, 118
1697723359.251613, 118
1697723359.268726, 117
1697723359.285475, 117
1697723359.302330, 119
1697723359.319775, 119
1697723359.336737, 118
1697723359.353699, 119
1697723359.370892, 120
1697723359.387767, 119
1697723359.404716, 120
1697723359.421860, 121
1697723359.438661, 121
1697723359.455328, 120
1697723359.473085, 119
1697723359.489963, 120
1697723359.506736, 120
1697723359.523436, 120
1697723359.540306, 121
1697723359.557687, 119
1697723359.574858, 118
1697723359.591914, 120
1697723359.609113, 119
1697723359.625707, 119
1697723359.642409, 120
1697723359.659459, 120
1697723359.676358, 119
1697723359.693075, 119
1697723359.709766, 119
1697723359.726272, 120
1697723359.743000, 119
1697723359.760383, 119
1697723359.777221, 120
1697723359.794381, 120
1697723359.811577, 120
1697723359.828433, 118
1697723359.845399, 120
1697723359.862774, 120
1697723359.879655, 120
1697723359.896346, 120
1697723359.913644, 120
1697723359.930481, 119
1697723359.947639, 120
1697723359.964955, 121
1697723359.981797, 119
1697723359.999799, 119
1697723360.017195, 119
1697723360.034261, 119
1697723360.051759, 118
1697723360.070525, 118
1697723360.087613, 119
1697723360.104639, 120
1697723360.121005, 120
1697723360.137504, 121
1697723360.154358, 120
1697723360.171203, 120
1697723360.187823, 121
1697723360.205152, 120
1697723360.222064, 119
1697723360.239072, 121
1697723360.256314, 121
1697723360.273599, 121
1697723360.290292, 121
1697723360.307493, 120
1697723360.324424, 121
1697723360.341113, 121
1697723360.358620, 121
1697723360.375335, 121
1697723360.391829, 120
1697723360.409042, 120
1697723360.425862, 119
1697723360.443432, 120
1697723360.460859, 120
1697723360.477685, 119
1697723360.495107, 120
1697723360.511839, 121
1697723360.528783, 121
1697723360.545914, 121
1697723360.562675, 122
1697723360.579872, 121
1697723360.597128, 121
1697723360.613930, 121
1697723360.630687, 122
1697723360.647741, 121
1697723360.664388, 121
1697723360.680834, 122
1697723360.697689, 122
1697723360.714397, 121
1697723360.731246, 122
1697723360.748467, 121
1697723360.765200, 121
1697723360.782126, 122
1697723360.799504, 120
1697723360.816564, 119
1697723360.833732, 119
1697723360.850353, 120
1697723360.867265, 121
1697723360.884557, 121
1697723360.901786, 121
1697723360.918556, 120
1697723360.935678, 122
1697723360.952832, 122
1697723360.969706, 122
1697723360.986830, 122
1697723361.003822, 122
1697723361.020548, 121
1697723361.037684, 122
1697723361.054445, 121
1697723361.070980, 121
1697723361.088207, 122
1697723361.104848, 122
1697723361.121725, 121
1697723361.139163, 121
1697723361.155914, 122
1697723361.172385, 123
1697723361.189302, 122
1697723361.206093, 121
1697723361.223567, 122
1697723361.240227, 122
1697723361.257052, 120
1697723361.274588, 121
1697723361.291418, 121
1697723361.308122, 121
1697723361.325454, 122
1697723361.342123, 123
1697723361.358905, 122
1697723361.376006, 122
1697723361.392865, 123
1697723361.409672, 122
1697723361.426978, 122
1697723361.443900, 123
1697723361.460572, 123
1697723361.477429, 123
1697723361.494883, 123
1697723361.511410, 122
1697723361.528748, 123
1697723361.545891, 123
1697723361.562773, 122
1697723361.580045, 122
1697723361.596899, 123
1697723361.614202, 123
1697723361.630999, 122
1697723361.647860, 122
1697723361.665053, 122
1697723361.682499, 122
1697723361.700752, 121
1697723361.717937, 121
1697723361.734728, 121
1697723361.751197, 123
1697723361.768215, 124
1697723361.785637, 124
1697723361.802381, 122
1697723361.819635, 123
1697723361.836558, 123
1697723361.853091, 123
1697723361.870494, 124
1697723361.887444, 124
1697723361.904279, 123
1697723361.921868, 124
1697723361.938827, 123
1697723361.955394, 123
1697723361.972793, 123
1697723361.989706, 124
1697723362.006918, 123
1697723362.024075, 123
1697723362.040809, 123
1697723362.058427, 122
1697723362.075850, 122
1697723362.092609, 122
1697723362.109539, 122
1697723362.126514, 123
1697723362.143224, 123
1697723362.160198, 123
1697723362.177222, 124
1697723362.193743, 123
1697723362.211223, 123
1697723362.228074, 124
1697723362.245017, 124
1697723362.262512, 124
1697723362.279127, 123
1697723362.296072, 124
1697723362.313354, 124
1697723362.330245, 124
1697723362.347536, 123
1697723362.364691, 125
1697723362.381175, 124
1697723362.398710, 124
1697723362.415636, 125
1697723362.432495, 125
1697723362.449332, 124
1697723362.466195, 124
1697723362.484205, 124
1697723362.501236, 123
1697723362.518009, 124
1697723362.534803, 124
1697723362.552313, 123
1697723362.569502, 123
1697723362.586261, 125
1697723362.603145, 125
1697723362.619856, 124
1697723362.636659, 125
1697723362.654098, 124
1697723362.670954, 125
1697723362.687885, 125
1697723362.705054, 124
1697723362.721979, 125
1697723362.738758, 124
1697723362.755999, 124
1697723362.772944, 125
1697723362.789557, 124
1697723362.806037, 124
1697723362.822743, 124
1697723362.839599, 125
1697723362.856198, 125
1697723362.873148, 123
1697723362.890524, 123
1697723362.907355, 124
1697723362.924151, 123
1697723362.941683, 124
1697723362.958456, 124
1697723362.975307, 124
1697723362.992553, 124
1697723363.009418, 125
1697723363.026390, 126
1697723363.043609, 125
1697723363.060493, 126
1697723363.077046, 126
1697723363.094011, 126
1697723363.110858, 125
1697723363.127566, 126
1697723363.145026, 125
1697723363.161797, 125
1697723363.178249, 126
1697723363.195215, 126
1697723363.212137, 125
1697723363.229184, 126
1697723363.246096, 126
1697723363.262966, 125
1697723363.280317, 126
1697723363.297076, 125
1697723363.314062, 124
1697723363.331543, 125
1697723363.348599, 124
1697723363.365375, 125
1697723363.383319, 125
1697723363.400333, 125
1697723363.417256, 125
1697723363.435148, 126
1697723363.452246, 126
1697723363.469348, 126
1697723363.487206, 126
1697723363.504254, 126
1697723363.520997, 125
1697723363.538992, 126
1697723363.555738, 126
1697723363.572569, 126
1697723363.590082, 124
1697723363.606733, 126
1697723363.623854, 127
1697723363.641343, 127
1697723363.658081, 127
1697723363.675265, 127
1697723363.691973, 126
1697723363.708759, 125
1697723363.726149, 126
1697723363.742821, 126
1697723363.759674, 125
1697723363.776351, 126
1697723363.793473, 125
1697723363.810107, 124
1697723363.827325, 125
1697723363.843987, 127
1697723363.860695, 126
1697723363.877743, 127
1697723363.895282, 127
1697723363.911952, 126
1697723363.928903, 126
1697723363.945854, 126
1697723363.962610, 126
1697723363.979790, 127
1697723363.996701, 127
1697723364.013366, 126
1697723364.030627, 126
1697723364.047526, 126
1697723364.064418, 126
1697723364.081312, 127
1697723364.098188, 127
1697723364.115407, 127
1697723364.132408, 125
1697723364.149311, 125
1697723364.166660, 126
1697723364.183710, 126
1697723364.200557, 126
1697723364.217809, 126
1697723364.234911, 126
1697723364.251834, 126
1697723364.268416, 127
1697723364.285107, 127
1697723364.301965, 127
1697723364.319139, 128
1697723364.336062, 128
1697723364.352567, 127
1697723364.369416, 128
1697723364.386210, 128
1697723364.402965, 127
1697723364.419983, 128
1697723364.436747, 127
1697723364.453425, 127
1697723364.470419, 127
1697723364.487519, 128
1697723364.504562, 127
1697723364.521492, 127
1697723364.538603, 128
1697723364.555667, 128
1697723364.572507, 127
1697723364.589480, 127
1697723364.606604, 127
1697723364.623924, 126
1697723364.641061, 127
1697723364.657861, 127
1697723364.675156, 126
1697723364.692128, 127
1697723364.709251, 127
1697723364.726193, 128
1697723364.743201, 128
1697723364.760095, 128
1697723364.777434, 127
1697723364.793879, 127
1697723364.810941, 127
1697723364.827798, 127
1697723364.844507, 128
1697723364.861956, 129
1697723364.879189, 128
1697723364.897035, 128
1697723364.914601, 129
1697723364.931564, 128
1697723364.948611, 128
1697723364.966142, 129
1697723364.983221, 128
1697723365.000690, 127
1697723365.017522, 128
1697723365.034498, 128
1697723365.051833, 127
1697723365.068879, 128
1697723365.086911, 128
1697723365.104409, 127
1697723365.121397, 128
1697723365.138355, 129
1697723365.155736, 128
1697723365.173076, 128
1697723365.189807, 128
1697723365.206851, 128
1697723365.223778, 128
1697723365.240666, 129
1697723365.260115, 129
1697723365.278126, 128
1697723365.295072, 129
1697723365.312665, 129
1697723365.330109, 128
1697723365.347705, 129
1697723365.364898, 129
1697723365.381919, 129
1697723365.399803, 129
1697723365.416780, 127
1697723365.434384, 127
1697723365.451792, 128
1697723365.469157, 128
1697723365.486236, 127
1697723365.503376, 129
1697723365.520786, 129
1697723365.538365, 129
1697723365.556457, 129
1697723365.573354, 130
1697723365.590445, 129
1697723365.607807, 129
1697723365.624620, 130
1697723365.641474, 130
1697723365.658860, 129
1697723365.676075, 129
1697723365.692547, 129
1697723365.709712, 129
1697723365.726827, 130
1697723365.743945, 130
1697723365.761301, 129
1697723365.778303, 130
1697723365.796010, 130
1697723365.813205, 129
1697723365.829908, 130
1697723365.847658, 129
1697723365.865216, 128
1697723365.882287, 129
1697723365.899878, 129
1697723365.917016, 129
1697723365.934195, 129
1697723365.951093, 128
1697723365.967861, 129
1697723365.985109, 129
1697723366.002639, 129
1697723366.019579, 130
1697723366.036363, 129
1697723366.053491, 130
1697723366.070595, 130
1697723366.087468, 129
1697723366.104923, 130
1697723366.121881, 130
1697723366.138947, 131
1697723366.155982, 131
1697723366.173115, 131
1697723366.190191, 131
1697723366.207123, 130
1697723366.224081, 131
1697723366.241073, 131
1697723366.258639, 130
1697723366.275763, 131
1697723366.293333, 130
1697723366.310338, 129
1697723366.327238, 130
1697723366.344958, 130
1697723366.362277, 129
1697723366.379472, 129
1697723366.396721, 129
1697723366.413187, 130
1697723366.430145, 131
1697723366.447879, 131
1697723366.464996, 130
1697723366.482285, 131
1697723366.499908, 131
1697723366.516702, 131
1697723366.533379, 131
1697723366.550831, 131
1697723366.568273, 131
1697723366.585111, 130
1697723366.602326, 130
1697723366.619714, 130
1697723366.636435, 131
1697723366.653830, 131
1697723366.670826, 131
1697723366.687541, 130
1697723366.704966, 131
1697723366.721746, 130
1697723366.738831, 129
1697723366.756125, 129
1697723366.773059, 130
1697723366.789671, 131
1697723366.806926, 131
1697723366.824089, 131
1697723366.841814, 131
1697723366.859395, 131
1697723366.876379, 132
1697723366.893412, 132
1697723366.910238, 131
1697723366.927186, 132
1697723366.944937, 132
1697723366.961848, 132
1697723366.978797, 132
1697723366.995489, 132
1697723367.012085, 131
1697723367.028805, 131
1697723367.045700, 132
1697723367.062528, 131
1697723367.079535, 132
1697723367.096669, 132
1697723367.113586, 132
1697723367.130397, 131
1697723367.147752, 130
1697723367.164912, 130
1697723367.181648, 130
1697723367.198684, 131
1697723367.215566, 131
1697723367.232058, 130
1697723367.249290, 131
1697723367.266002, 131
1697723367.282682, 131
1697723367.299719, 132
1697723367.316738, 132
1697723367.334094, 132
1697723367.350901, 130
1697723367.368126, 132
1697723367.385795, 132
1697723367.402378, 131
1697723367.418958, 132
1697723367.436127, 133
1697723367.453406, 132
1697723367.470301, 133
1697723367.487697, 133
1697723367.504681, 133
1697723367.521269, 133
1697723367.538358, 133
1697723367.555100, 132
1697723367.572006, 133
1697723367.589269, 132
1697723367.606360, 132
1697723367.623205, 130
1697723367.640669, 131
1697723367.657529, 132
1697723367.674378, 131
1697723367.691623, 132
1697723367.708640, 132
1697723367.725485, 132
1697723367.742582, 132
1697723367.759441, 132
1697723367.776208, 132
1697723367.793478, 133
1697723367.810767, 133
1697723367.827704, 132
1697723367.844603, 133
1697723367.861854, 133
1697723367.878598, 133
1697723367.895684, 133
1697723367.912406, 133
1697723367.929042, 133
1697723367.946433, 132
1697723367.963146, 133
1697723367.980274, 133
1697723367.997129, 133
1697723368.014297, 132
1697723368.032022, 131
1697723368.048632, 131
1697723368.065153, 132
1697723368.082542, 133
1697723368.099437, 133
1697723368.116282, 133
1697723368.133291, 133
1697723368.150340, 134
1697723368.167382, 133
1697723368.184493, 134
1697723368.201291, 134
1697723368.217946, 134
1697723368.234756, 134
1697723368.251503, 134
1697723368.268272, 133
1697723368.285165, 133
1697723368.301998, 134
1697723368.318631, 133
1697723368.336140, 134
1697723368.352768, 134
1697723368.369825, 134
1697723368.386961, 134
1697723368.404329, 133
1697723368.420860, 134
1697723368.438292, 135
1697723368.455026, 134
1697723368.471989, 133
1697723368.489396, 132
1697723368.506180, 133
1697723368.523404, 133
1697723368.540201, 133
1697723368.557117, 133
1697723368.574199, 133
1697723368.591004, 133
1697723368.607739, 133
1697723368.624481, 133
1697723368.641176, 133
1697723368.658417, 134
1697723368.675348, 134
1697723368.692120, 134
1697723368.708930, 134
1697723368.725796, 134
1697723368.742399, 135
1697723368.758691, 134
1697723368.775924, 134
1697723368.792908, 135
1697723368.810147, 135
1697723368.827064, 135
1697723368.843623, 135
1697723368.860938, 135
1697723368.877729, 135
1697723368.894776, 135
1697723368.912135, 134
1697723368.928975, 133
1697723368.945638, 134
1697723368.962781, 134
1697723368.979435, 133
1697723368.995965, 133
1697723369.013124, 133
1697723369.030040, 134
1697723369.046745, 135
1697723369.063980, 135
1697723369.081095, 134
1697723369.097949, 134
1697723369.115106, 134
1697723369.132114, 135
1697723369.149207, 135
1697723369.166395, 135
1697723369.183333, 134
1697723369.200727, 135
1697723369.217381, 135
1697723369.234242, 135
1697723369.251339, 136
1697723369.268369, 135
1697723369.285373, 134
1697723369.302564, 134
1697723369.319495, 135
1697723369.336429, 135
1697723369.353018, 134
1697723369.369927, 134
1697723369.386761, 134
1697723369.403832, 134
1697723369.420641, 134
1697723369.437148, 134
1697723369.454143, 134
1697723369.470823, 134
1697723369.487432, 136
1697723369.504367, 136
1697723369.521153, 136
1697723369.538022, 136
1697723369.554834, 136
1697723369.571616, 135
1697723369.588455, 135
1697723369.605298, 135
1697723369.622327, 135
1697723369.639456, 135
1697723369.656168, 136
1697723369.672676, 136
1697723369.689759, 136
1697723369.706651, 136
1697723369.723464, 136
1697723369.740663, 135
1697723369.757366, 135
1697723369.773972, 135
1697723369.790973, 135
1697723369.807484, 135
1697723369.824065, 135
1697723369.840885, 135
1697723369.857899, 135
1697723369.875068, 135
1697723369.892166, 135
1697723369.908902, 135
1697723369.926228, 136
1697723369.943053, 136
1697723369.959917, 137
1697723369.976629, 136
1697723369.993572, 136
1697723370.010154, 135
1697723370.027364, 135
1697723370.044207, 135
1697723370.060805, 135
1697723370.078001, 137
1697723370.094930, 137
1697723370.112134, 137
1697723370.129380, 136
1697723370.146239, 137
1697723370.163149, 137
1697723370.180365, 137
1697723370.197093, 137
1697723370.213683, 137
1697723370.230353, 137
1697723370.247627, 135
1697723370.264548, 135
1697723370.281710, 135
1697723370.298585, 136
1697723370.315334, 136
1697723370.332467, 136
1697723370.349176, 136
1697723370.366654, 136
1697723370.383500, 136
1697723370.400002, 136
1697723370.417040, 137
1697723370.433840, 137
1697723370.450312, 137
1697723370.468245, 136
1697723370.484934, 137
1697723370.501768, 137
1697723370.518905, 137
1697723370.535663, 137
1697723370.552301, 137
1697723370.569248, 137
1697723370.586018, 137
1697723370.602712, 137
1697723370.619665, 137
1697723370.636402, 137
1697723370.653092, 136
1697723370.670160, 137
1697723370.687030, 136
1697723370.704165, 136
1697723370.721424, 136
1697723370.738244, 135
1697723370.755445, 137
1697723370.772522, 137
1697723370.789467, 137
1697723370.806850, 137
1697723370.823713, 138
1697723370.840405, 138
1697723370.857787, 138
1697723370.874801, 138
1697723370.891580, 137
1697723370.908937, 138
1697723370.925601, 138
1697723370.942375, 137
1697723370.959398, 138
1697723370.976108, 138
1697723370.993001, 138
1697723371.010089, 138
1697723371.027037, 138
1697723371.043876, 137
1697723371.061465, 138
1697723371.078254, 138
1697723371.095251, 138
1697723371.112440, 138
1697723371.129240, 138
1697723371.146138, 137
1697723371.162881, 137
1697723371.179451, 136
1697723371.196188, 137
1697723371.212693, 137
1697723371.229335, 137
1697723371.246239, 137
1697723371.263343, 139
1697723371.280348, 138
1697723371.297204, 138
1697723371.313880, 138
1697723371.330605, 138
1697723371.347991, 138
1697723371.364960, 137
1697723371.381742, 139
1697723371.398756, 138
1697723371.415447, 138
1697723371.432134, 138
1697723371.449082, 139
1697723371.465997, 138
1697723371.483140, 138
1697723371.499815, 139
1697723371.516865, 139
1697723371.534267, 138
1697723371.551313, 138
1697723371.568175, 139
1697723371.585423, 138
1697723371.602009, 137
1697723371.618814, 138
1697723371.636008, 138
1697723371.652475, 137
1697723371.669542, 137
1697723371.686840, 137
1697723371.703456, 137
1697723371.720292, 139
1697723371.738043, 139
1697723371.754730, 138
1697723371.771312, 139
1697723371.788146, 139
1697723371.804624, 140
1697723371.821180, 138
1697723371.838158, 138
1697723371.854916, 138
1697723371.872157, 139
1697723371.888781, 139
1697723371.905683, 139
1697723371.922650, 140
1697723371.939623, 139
1697723371.956490, 138
1697723371.973664, 140
1697723371.991056, 139
1697723372.007819, 139
1697723372.024768, 139
1697723372.041680, 138
1697723372.058396, 138
1697723372.075453, 138
1697723372.091981, 138
1697723372.108713, 138
1697723372.125671, 138
1697723372.142363, 139
1697723372.159542, 139
1697723372.176157, 140
1697723372.193152, 139
1697723372.210385, 139
1697723372.227244, 139
1697723372.244056, 139
1697723372.261216, 140
1697723372.277995, 140
1697723372.294830, 140
1697723372.311538, 139
1697723372.328364, 140
1697723372.345160, 140
1697723372.362398, 139
1697723372.379241, 140
1697723372.396032, 140
1697723372.412864, 140
1697723372.429628, 140
1697723372.446193, 140
1697723372.463952, 140
1697723372.480726, 140
1697723372.498116, 139
1697723372.514883, 140
1697723372.531792, 138
1697723372.549296, 138
1697723372.566053, 140
1697723372.582925, 139
1697723372.600298, 139
1697723372.617202, 139
1697723372.633957, 140
1697723372.651311, 139
1697723372.668111, 139
1697723372.685066, 140
1697723372.703573, 140
1697723372.720466, 140
1697723372.737686, 141
1697723372.754918, 140
1697723372.771823, 140
1697723372.788438, 140
1697723372.805766, 141
1697723372.822636, 141
1697723372.839333, 141
1697723372.856942, 139
1697723372.873735, 141
1697723372.890455, 141
1697723372.907393, 140
1697723372.924342, 141
1697723372.941333, 141
1697723372.958541, 140
1697723372.975401, 140
1697723372.992020, 140
1697723373.009043, 139
1697723373.025742, 139
1697723373.042158, 139
1697723373.059254, 140
1697723373.075951, 140
1697723373.092812, 141
1697723373.109992, 141
1697723373.126875, 140
1697723373.144097, 141
1697723373.161338, 142
1697723373.178313, 141
1697723373.196175, 140
1697723373.213077, 140
1697723373.230009, 141
1697723373.246798, 141
1697723373.263556, 141
1697723373.280148, 142
1697723373.297302, 141
1697723373.314257, 141
1697723373.330835, 142
1697723373.347803, 140
1697723373.364581, 141
1697723373.381179, 141
1697723373.398534, 141
1697723373.415326, 140
1697723373.432052, 140
1697723373.449294, 140
1697723373.466465, 139
1697723373.483442, 140
1697723373.500611, 141
1697723373.517584, 141
1697723373.534189, 141
1697723373.550765, 142
1697723373.567513, 141
1697723373.584921, 141
1697723373.601886, 142
1697723373.618794, 141
1697723373.635737, 142
1697723373.652393, 142
1697723373.668949, 142
1697723373.686044, 142
1697723373.702917, 142
1697723373.719879, 141
1697723373.737015, 142
1697723373.753750, 141
1697723373.770266, 141
1697723373.787225, 142
1697723373.803738, 142
1697723373.820311, 142
1697723373.837712, 141
1697723373.854454, 142
1697723373.871275, 143
1697723373.888478, 141
1697723373.905446, 141
1697723373.922412, 142
1697723373.939460, 142
1697723373.956383, 141
1697723373.973058, 141
1697723373.989888, 141
1697723374.006817, 142
1697723374.024230, 142
1697723374.040865, 142
1697723374.057936, 142
1697723374.075164, 142
1697723374.091904, 143
1697723374.108827, 142
1697723374.126068, 142
1697723374.142799, 142
1697723374.159210, 142
1697723374.176143, 142
1697723374.193013, 142
1697723374.209890, 142
1697723374.227154, 142
1697723374.244006, 142
1697723374.260770, 142
1697723374.277542, 143
1697723374.294141, 143
1697723374.311060, 143
1697723374.328252, 142
1697723374.345216, 142
1697723374.362122, 142
1697723374.379121, 141
1697723374.396019, 142
1697723374.412807, 141
1697723374.429643, 141
1697723374.446404, 142
1697723374.463575, 143
1697723374.480579, 142
1697723374.497577, 143
1697723374.514988, 143
1697723374.531872, 143
1697723374.548650, 143
1697723374.565812, 143
1697723374.582534, 144
1697723374.599260, 143
1697723374.616352, 143
1697723374.633276, 143
1697723374.649930, 144
1697723374.667234, 143
1697723374.683975, 144
1697723374.700907, 143
1697723374.718325, 143
1697723374.735173, 143
1697723374.752539, 144
1697723374.769384, 143
1697723374.786348, 142
1697723374.803558, 143
1697723374.820117, 142
1697723374.836894, 141
1697723374.853459, 143
1697723374.870605, 142
1697723374.887222, 142
1697723374.903772, 143
1697723374.920559, 142
1697723374.937185, 144
1697723374.954529, 144
1697723374.971024, 143
1697723374.987555, 144
1697723375.005042, 143
1697723375.021554, 143
1697723375.038536, 144
1697723375.055397, 144
1697723375.072455, 144
1697723375.089546, 143
1697723375.106581, 143
1697723375.123614, 144
1697723375.140916, 143
1697723375.157695, 144
1697723375.174272, 144
1697723375.191221, 143
1697723375.208309, 143
1697723375.225039, 143
1697723375.242441, 143
1697723375.259103, 144
1697723375.275882, 143
1697723375.293148, 144
1697723375.309859, 143
1697723375.326442, 142
1697723375.343931, 143
1697723375.361255, 143
1697723375.377982, 143
1697723375.395163, 145
1697723375.412302, 144
1697723375.429407, 144
1697723375.446711, 145
1697723375.463597, 145
1697723375.480483, 144
1697723375.497321, 144
1697723375.514310, 144
1697723375.531485, 144
1697723375.548409, 144
1697723375.565339, 145
1697723375.582543, 143
1697723375.599570, 143
1697723375.616760, 145
1697723375.634148, 145
1697723375.650993, 145
1697723375.667718, 145
1697723375.685149, 144
1697723375.702048, 145
1697723375.718727, 145
1697723375.735701, 143
1697723375.752359, 144
1697723375.769157, 144
1697723375.786272, 143
1697723375.803160, 144
1697723375.820521, 144
1697723375.837283, 143
1697723375.854657, 144
1697723375.871538, 145
1697723375.888343, 145
1697723375.904997, 144
1697723375.922074, 144
1697723375.939008, 144
1697723375.955688, 144
1697723375.972865, 145
1697723375.989630, 146
1697723376.006228, 145
1697723376.023432, 144
1697723376.040294, 145
1697723376.056983, 146
1697723376.073736, 145
1697723376.090729, 145
1697723376.107507, 146
1697723376.124571, 146
1697723376.141398, 145
1697723376.158787, 146
1697723376.175711, 145
1697723376.192760, 144
1697723376.210041, 145
1697723376.227039, 144
1697723376.243895, 143
1697723376.261171, 144
1697723376.278177, 144
1697723376.295019, 144
1697723376.312129, 144
1697723376.329235, 146
1697723376.346149, 144
1697723376.362975, 145
1697723376.379985, 145
1697723376.396674, 145
1697723376.413673, 146
1697723376.430701, 146
1697723376.447575, 145
1697723376.464801, 146
1697723376.481578, 147
1697723376.498930, 147
1697723376.516003, 147
1697723376.532891, 147
1697723376.550085, 146
1697723376.567102, 147
1697723376.583814, 147
1697723376.600871, 147
1697723376.617993, 146
1697723376.634605, 147
1697723376.651486, 147
1697723376.668802, 145
1697723376.685687, 146
1697723376.702975, 147
1697723376.719768, 147
1697723376.736430, 146
1697723376.753224, 147
1697723376.770097, 146
1697723376.787038, 147
1697723376.804510, 148
1697723376.821411, 146
1697723376.838991, 145
1697723376.855995, 145
1697723376.872849, 146
1697723376.889585, 146
1697723376.906367, 146
1697723376.923229, 147
1697723376.940339, 146
1697723376.957316, 146
1697723376.973861, 147
1697723376.990640, 146
1697723377.007417, 146
1697723377.023783, 147
1697723377.040377, 146
1697723377.057348, 146
1697723377.074012, 147
1697723377.091956, 147
1697723377.109351, 145
1697723377.126079, 146
1697723377.143008, 145
1697723377.159960, 146
1697723377.177284, 146
1697723377.194176, 146
1697723377.211171, 145
1697723377.228313, 145
1697723377.244992, 145
1697723377.261872, 147
1697723377.279312, 147
1697723377.296369, 147
1697723377.313061, 146
1697723377.330191, 147
1697723377.347028, 147
1697723377.364011, 147
1697723377.381221, 146
1697723377.398200, 147
1697723377.415139, 148
1697723377.431993, 147
1697723377.448690, 146
1697723377.465195, 147
1697723377.482126, 147
1697723377.499109, 147
1697723377.515965, 148
1697723377.532897, 147
1697723377.549705, 147
1697723377.566508, 147
1697723377.584543, 148
1697723377.601445, 147
1697723377.618087, 147
1697723377.635266, 147
1697723377.652279, 146
1697723377.668906, 146
1697723377.685977, 146
1697723377.702552, 146
1697723377.719524, 146
1697723377.736141, 148
1697723377.752963, 147
1697723377.770246, 148
1697723377.787005, 148
1697723377.803817, 147
1697723377.820913, 148
1697723377.837919, 148
1697723377.854947, 148
1697723377.872069, 146
1697723377.889039, 147
1697723377.906054, 147
1697723377.922972, 147
1697723377.939722, 148
1697723377.956498, 148
1697723377.973084, 147
1697723377.989591, 148
1697723378.006483, 148
1697723378.023684, 147
1697723378.040535, 148
1697723378.057304, 147
1697723378.074534, 147
1697723378.091411, 147
1697723378.108781, 147
1697723378.125901, 147
1697723378.142619, 147
1697723378.159717, 148
1697723378.177026, 148
1697723378.193874, 148
1697723378.210956, 147
1697723378.228220, 149
1697723378.244976, 148
1697723378.262196, 148
1697723378.278912, 149
1697723378.295820, 148
1697723378.312975, 147
1697723378.329996, 148
1697723378.346887, 148
1697723378.363867, 148
1697723378.380790, 149
1697723378.397568, 149
1697723378.414613, 148
1697723378.431711, 148
1697723378.448531, 149
1697723378.465228, 148
1697723378.482003, 147
1697723378.498690, 148
1697723378.515572, 148
1697723378.532533, 149
1697723378.549542, 147
1697723378.567348, 147
1697723378.584040, 148
1697723378.601404, 148
1697723378.618151, 148
1697723378.634860, 147
1697723378.652051, 148
1697723378.669010, 148
1697723378.685663, 148
1697723378.702672, 149
1697723378.719991, 149
1697723378.736723, 148
1697723378.753915, 149
1697723378.770528, 149
1697723378.787755, 149
1697723378.805751, 149
1697723378.822950, 149
1697723378.839706, 148
1697723378.856642, 149
1697723378.873466, 150
1697723378.890271, 150
1697723378.907766, 149
1697723378.924472, 150
1697723378.941224, 149
1697723378.958539, 149
1697723378.975643, 150
1697723378.993021, 150
1697723379.009930, 149
1697723379.026564, 147
1697723379.043618, 149
1697723379.060208, 148
1697723379.076992, 148
1697723379.093936, 149
1697723379.110671, 148
1697723379.127166, 148
1697723379.144414, 149
1697723379.161502, 150
1697723379.178206, 149
1697723379.195127, 149
1697723379.212457, 150
1697723379.229602, 150
1697723379.246591, 150
1697723379.263661, 149
1697723379.281003, 149
1697723379.297812, 150
1697723379.314405, 150
1697723379.331553, 150
1697723379.348524, 150
1697723379.365715, 149
1697723379.382818, 150
1697723379.400244, 150
1697723379.417002, 150
1697723379.434630, 150
1697723379.451255, 149
1697723379.468055, 150
1697723379.485301, 150
1697723379.502511, 150
1697723379.519275, 148
1697723379.536677, 148
1697723379.553713, 148
1697723379.570507, 149
1697723379.587471, 149
1697723379.604386, 149
1697723379.621723, 149
1697723379.638804, 150
1697723379.655800, 150
1697723379.672971, 149
1697723379.689678, 150
1697723379.706518, 150
1697723379.723671, 149
1697723379.740448, 149
1697723379.757149, 149
1697723379.774272, 149
1697723379.790971, 150
1697723379.808069, 150
1697723379.825199, 149
1697723379.841961, 149
1697723379.859401, 150
1697723379.876294, 150
1697723379.893092, 149
1697723379.909996, 150
1697723379.927265, 150
1697723379.944146, 149
1697723379.961483, 150
1697723379.978330, 150
1697723379.995115, 150
1697723380.012255, 150
1697723380.029607, 149
1697723380.046503, 149
1697723380.063906, 150
1697723380.080708, 150
1697723380.097311, 149
1697723380.114616, 149
1697723380.131743, 149
1697723380.148569, 150
1697723380.165884, 150
1697723380.182726, 150
1697723380.199628, 150
1697723380.216789, 150
1697723380.233693, 150
1697723380.250564, 150
1697723380.267990, 150
1697723380.284925, 150
1697723380.301717, 149
1697723380.319052, 149
1697723380.335954, 150
1697723380.353143, 150
1697723380.370900, 149
1697723380.387893, 150
1697723380.405302, 150
1697723380.422018, 150
1697723380.438793, 148
1697723380.455936, 149
1697723380.473001, 149
1697723380.489978, 149
1697723380.507171, 150
1697723380.524081, 150
1697723380.540970, 149
1697723380.558316, 150
1697723380.575413, 150
1697723380.592237, 150
1697723380.609190, 150
1697723380.625873, 150
1697723380.642514, 149
1697723380.659558, 148
1697723380.676188, 150
1697723380.692929, 149
1697723380.710173, 150
1697723380.726936, 149
1697723380.744503, 149
1697723380.761907, 149
1697723380.778934, 149
1697723380.795693, 149
1697723380.812654, 149
1697723380.829552, 149
1697723380.846460, 149
1697723380.863949, 148
1697723380.881035, 148
1697723380.897929, 148
1697723380.914853, 148
1697723380.931455, 148
1697723380.948221, 148
1697723380.965103, 147
1697723380.981839, 147
1697723380.999215, 147
1697723381.016562, 147
1697723381.033253, 147
1697723381.050189, 147
1697723381.067225, 146
1697723381.083908, 139
1697723381.101133, 132
1697723381.117815, 124
1697723381.134527, 118
1697723381.151969, 111
1697723381.168605, 104
1697723381.185754, 98
1697723381.202682, 91
1697723381.219663, 84
1697723381.236749, 77
1697723381.253799, 72
1697723381.270526, 73
1697723381.287665, 72
1697723381.304818, 72
1697723381.321727, 73
1697723381.338782, 73
1697723381.356091, 72
1697723381.372851, 72
1697723381.390000, 73
1697723381.407266, 72
1697723381.423843, 73
1697723381.441178, 73
1697723381.457977, 73
1697723381.474466, 72
1697723381.491313, 73
1697723381.509005, 74
1697723381.526060, 73
1697723381.542587, 73
1697723381.559319, 74
1697723381.576395, 73
1697723381.593305, 73
1697723381.611696, 73
1697723381.630142, 74
1697723381.647220, 74
1697723381.664203, 74
1697723381.681388, 73
1697723381.698354, 74
1697723381.715967, 74
1697723381.733255, 73
1697723381.750348, 74
1697723381.767473, 74
1697723381.784488, 73
1697723381.801954, 73
1697723381.818794, 74
1697723381.835930, 74
1697723381.852571, 74
1697723381.869276, 74
1697723381.886188, 75
1697723381.902856, 74
1697723381.919330, 74
1697723381.936172, 75
1697723381.952946, 75
1697723381.969811, 73
1697723381.987263, 74
1697723382.004089, 75
1697723382.021442, 74
1697723382.038299, 75
1697723382.055111, 74
1697723382.072444, 75
1697723382.089392, 75
1697723382.106340, 75
1697723382.123297, 74
1697723382.140174, 75
1697723382.156905, 75
1697723382.174080, 74
1697723382.191249, 75
1697723382.208347, 75
1697723382.225827, 75
1697723382.242796, 74
1697723382.259562, 76
1697723382.277128, 76
1697723382.294424, 74
1697723382.311755, 75
1697723382.328745, 75
1697723382.345636, 75
1697723382.362834, 75
1697723382.379783, 76
1697723382.396719, 75
1697723382.414178, 76
1697723382.431093, 76
1697723382.447722, 76
1697723382.464774, 76
1697723382.481719, 76
1697723382.499093, 75
1697723382.516514, 76
1697723382.533916, 76
1697723382.550584, 75
1697723382.568059, 76
1697723382.584993, 76
1697723382.602179, 75
1697723382.619492, 76
1697723382.636506, 76
1697723382.653033, 77
1697723382.669759, 76
1697723382.686598, 76
1697723382.704075, 77
1697723382.721274, 76
1697723382.737842, 75
1697723382.754838, 76
1697723382.771664, 76
1697723382.788532, 76
1697723382.805356, 77
1697723382.822878, 76
1697723382.839808, 76
1697723382.856734, 76
1697723382.873649, 76
1697723382.890528, 77
1697723382.907964, 77
1697723382.924464, 77
1697723382.941003, 76
1697723382.957844, 77
1697723382.974339, 77
1697723382.990855, 76
1697723383.007805, 77
1697723383.024354, 78
1697723383.041157, 77
1697723383.058272, 77
1697723383.075207, 77
1697723383.091730, 77
1697723383.108219, 77
1697723383.124946, 78
1697723383.141860, 78
1697723383.158410, 77
