1697722776.541070, 0
1697722776.558196, 0
1697722776.575285, 0
1697722776.592016, 2
1697722776.609144, 7
1697722776.625643, 6
1697722776.642594, 13
1697722776.660028, 16
1697722776.677063, 19
1697722776.693691, 24
1697722776.710541, 27
1697722776.727598, 31
1697722776.744303, 36
1697722776.761631, 40
1697722776.778443, 44
1697722776.794824, 47
1697722776.811755, 53
1697722776.829118, 59
1697722776.846215, 60
1697722776.863457, 60
1697722776.880395, 60
1697722776.897023, 59
1697722776.913875, 60
1697722776.930609, 60
1697722776.947733, 60
1697722776.964744, 60
1697722776.982021, 60
1697722776.998789, 60
1697722777.015657, 60
1697722777.032727, 60
1697722777.049507, 59
1697722777.066452, 60
1697722777.083303, 60
1697722777.100459, 59
1697722777.117523, 60
1697722777.134918, 59
1697722777.151628, 59
1697722777.168250, 60
1697722777.184874, 59
1697722777.201649, 59
1697722777.219259, 60
1697722777.236058, 59
1697722777.252626, 60
1697722777.269538, 60
1697722777.286345, 58
1697722777.303058, 60
1697722777.319746, 60
1697722777.336329, 60
1697722777.353122, 59
1697722777.370461, 55
1697722777.387881, 56
1697722777.405066, 59
1697722777.422008, 58
1697722777.439312, 59
1697722777.456187, 59
1697722777.473283, 59
1697722777.490640, 59
1697722777.507177, 59
1697722777.524226, 58
1697722777.541318, 57
1697722777.558262, 57
1697722777.575314, 57
1697722777.592496, 59
1697722777.609462, 59
1697722777.626708, 56
1697722777.643936, 54
1697722777.661040, 55
1697722777.677783, 55
1697722777.694593, 56
1697722777.711832, 59
1697722777.729044, 56
1697722777.745996, 56
1697722777.763211, 55
1697722777.779803, 56
1697722777.796961, 55
1697722777.813912, 59
1697722777.830750, 57
1697722777.848077, 56
1697722777.864807, 54
1697722777.881873, 55
1697722777.898713, 54
1697722777.915417, 58
1697722777.931874, 58
1697722777.949352, 55
1697722777.966058, 50
1697722777.982649, 45
1697722777.999791, 40
1697722778.016341, 35
1697722778.033346, 33
1697722778.050374, 32
1697722778.067049, 34
1697722778.083551, 34
1697722778.100329, 27
1697722778.117220, 20
1697722778.134417, 17
1697722778.151092, 17
1697722778.167539, 19
1697722778.184844, 19
1697722778.201745, 18
1697722778.218198, 18
1697722778.236871, 19
1697722778.254768, 19
1697722778.272077, 19
1697722778.290027, 20
1697722778.307051, 20
1697722778.324048, 20
1697722778.341408, 22
1697722778.358152, 22
1697722778.375284, 23
1697722778.392178, 21
1697722778.408851, 21
1697722778.426162, 20
1697722778.443112, 21
1697722778.461399, 21
1697722778.478558, 20
1697722778.495770, 21
1697722778.513068, 21
1697722778.530302, 22
1697722778.547540, 22
1697722778.564171, 22
1697722778.581670, 22
1697722778.598919, 22
1697722778.615630, 21
1697722778.632946, 22
1697722778.649990, 23
1697722778.667093, 23
1697722778.684105, 23
1697722778.701200, 22
1697722778.718273, 23
1697722778.735457, 23
1697722778.752814, 24
1697722778.770343, 24
1697722778.787686, 24
1697722778.804709, 24
1697722778.821968, 24
1697722778.839282, 24
1697722778.856244, 24
1697722778.873249, 24
1697722778.890338, 24
1697722778.907353, 23
1697722778.924486, 25
1697722778.942405, 25
1697722778.959208, 24
1697722778.976987, 25
1697722778.994169, 25
1697722779.010898, 25
1697722779.028107, 25
1697722779.045289, 25
1697722779.062085, 25
1697722779.079205, 26
1697722779.095872, 26
1697722779.113214, 26
1697722779.130161, 26
1697722779.146968, 26
1697722779.164354, 26
1697722779.181799, 27
1697722779.198774, 26
1697722779.216044, 26
1697722779.232643, 27
1697722779.249631, 27
1697722779.266801, 27
1697722779.283755, 27
1697722779.300221, 26
1697722779.317136, 26
1697722779.333845, 27
1697722779.350720, 27
1697722779.367984, 27
1697722779.384994, 27
1697722779.401572, 28
1697722779.418292, 27
1697722779.434624, 28
1697722779.451044, 28
1697722779.467880, 27
1697722779.484403, 28
1697722779.501587, 29
1697722779.518448, 28
1697722779.535353, 28
1697722779.552977, 29
1697722779.569687, 29
1697722779.586430, 29
1697722779.603162, 29
1697722779.620023, 29
1697722779.636785, 28
1697722779.653331, 29
1697722779.670246, 30
1697722779.686939, 29
1697722779.704432, 29
1697722779.721291, 29
1697722779.740017, 30
1697722779.757467, 30
1697722779.774403, 30
1697722779.791454, 29
1697722779.808553, 30
1697722779.825443, 31
1697722779.843804, 30
1697722779.860733, 30
1697722779.877587, 31
1697722779.894228, 31
1697722779.911118, 31
1697722779.928128, 31
1697722779.944634, 31
1697722779.961679, 30
1697722779.978645, 30
1697722779.995509, 32
1697722780.013080, 32
1697722780.030070, 31
1697722780.046772, 32
1697722780.064109, 31
1697722780.081256, 32
1697722780.098666, 32
1697722780.115635, 31
1697722780.132457, 32
1697722780.150007, 32
1697722780.167351, 31
1697722780.184270, 32
1697722780.201626, 33
1697722780.218786, 33
1697722780.235631, 32
1697722780.252432, 33
1697722780.268862, 33
1697722780.285508, 33
1697722780.302692, 32
1697722780.319754, 32
1697722780.336986, 32
1697722780.354146, 33
1697722780.371756, 33
1697722780.389142, 34
1697722780.406362, 33
1697722780.423647, 34
1697722780.440751, 33
1697722780.458120, 34
1697722780.475510, 34
1697722780.492640, 34
1697722780.509739, 34
1697722780.527425, 33
1697722780.545125, 34
1697722780.562120, 33
1697722780.580223, 35
1697722780.597701, 35
1697722780.614711, 35
1697722780.632031, 35
1697722780.649219, 34
1697722780.666195, 35
1697722780.684255, 35
1697722780.701744, 34
1697722780.718620, 35
1697722780.735672, 35
1697722780.752761, 36
1697722780.769664, 35
1697722780.786550, 35
1697722780.803558, 35
1697722780.820305, 35
1697722780.837410, 35
1697722780.854108, 36
1697722780.870784, 36
1697722780.887734, 35
1697722780.904785, 36
1697722780.921289, 36
1697722780.938009, 35
1697722780.954977, 37
1697722780.971878, 36
1697722780.988755, 36
1697722781.005149, 37
1697722781.021982, 37
1697722781.039094, 37
1697722781.055896, 36
1697722781.073264, 36
1697722781.090140, 36
1697722781.107040, 36
1697722781.124098, 37
1697722781.141306, 37
1697722781.158070, 37
1697722781.175461, 38
1697722781.192730, 38
1697722781.209505, 37
1697722781.226860, 38
1697722781.243619, 38
1697722781.260551, 37
1697722781.277804, 38
1697722781.294932, 38
1697722781.311513, 38
1697722781.328358, 38
1697722781.345168, 38
1697722781.362422, 38
1697722781.379552, 38
1697722781.396637, 39
1697722781.414074, 39
1697722781.430974, 38
1697722781.448044, 39
1697722781.465278, 39
1697722781.482662, 38
1697722781.500131, 39
1697722781.517544, 39
1697722781.535160, 38
1697722781.551991, 38
1697722781.568979, 39
1697722781.585785, 40
1697722781.602921, 40
1697722781.620271, 40
1697722781.637152, 40
1697722781.654262, 40
1697722781.671528, 40
1697722781.688568, 40
1697722781.705345, 41
1697722781.722977, 40
1697722781.739686, 40
1697722781.756359, 40
1697722781.773398, 41
1697722781.790037, 41
1697722781.806629, 41
1697722781.823753, 41
1697722781.840259, 41
1697722781.856782, 40
1697722781.873883, 41
1697722781.890584, 40
1697722781.907916, 40
1697722781.924550, 41
1697722781.941275, 41
1697722781.958344, 41
1697722781.975150, 42
1697722781.991732, 41
1697722782.008870, 41
1697722782.026008, 41
1697722782.043020, 42
1697722782.060028, 42
1697722782.076971, 42
1697722782.094114, 41
1697722782.111610, 41
1697722782.128171, 41
1697722782.145050, 42
1697722782.162433, 42
1697722782.179273, 42
1697722782.196231, 42
1697722782.213247, 41
1697722782.230149, 41
1697722782.247184, 43
1697722782.264326, 43
1697722782.281324, 43
1697722782.298317, 42
1697722782.315170, 43
1697722782.332203, 42
1697722782.348681, 42
1697722782.365439, 43
1697722782.381837, 42
1697722782.398493, 42
1697722782.415385, 43
1697722782.432176, 43
1697722782.448693, 43
1697722782.465913, 43
1697722782.483000, 43
1697722782.500067, 43
1697722782.516873, 43
1697722782.533808, 44
1697722782.551730, 43
1697722782.569322, 43
1697722782.585985, 44
1697722782.603127, 44
1697722782.619913, 44
1697722782.636564, 44
1697722782.653248, 44
1697722782.670056, 44
1697722782.686526, 45
1697722782.703286, 43
1697722782.720625, 44
1697722782.737354, 44
1697722782.754316, 46
1697722782.771322, 46
1697722782.788307, 45
1697722782.805425, 46
1697722782.822644, 45
1697722782.839644, 46
1697722782.856435, 46
1697722782.873392, 45
1697722782.890254, 45
1697722782.907556, 45
1697722782.924573, 45
1697722782.941646, 45
1697722782.959127, 45
1697722782.975908, 46
1697722782.992836, 45
1697722783.010092, 45
1697722783.026829, 46
1697722783.043838, 46
1697722783.061329, 45
1697722783.078044, 46
1697722783.095418, 46
1697722783.112318, 46
1697722783.129090, 46
1697722783.146648, 46
1697722783.163371, 47
1697722783.180275, 46
1697722783.197127, 46
1697722783.214179, 47
1697722783.230950, 47
1697722783.247794, 47
1697722783.264451, 47
1697722783.281266, 46
1697722783.298604, 46
1697722783.315198, 47
1697722783.331851, 47
1697722783.349315, 47
1697722783.366558, 47
1697722783.383380, 47
1697722783.400978, 47
1697722783.417676, 46
1697722783.434107, 47
1697722783.450989, 47
1697722783.467902, 48
1697722783.485046, 48
1697722783.502110, 47
1697722783.520461, 48
1697722783.537875, 48
1697722783.554804, 47
1697722783.571671, 48
1697722783.588867, 48
1697722783.605872, 48
1697722783.623508, 48
1697722783.640496, 48
1697722783.657724, 49
1697722783.674430, 47
1697722783.691898, 47
1697722783.708907, 49
1697722783.725663, 49
1697722783.742531, 49
1697722783.759379, 49
1697722783.776006, 49
1697722783.793170, 49
1697722783.809854, 49
1697722783.826898, 48
1697722783.843873, 49
1697722783.860764, 49
1697722783.877867, 50
1697722783.894780, 49
1697722783.911620, 49
1697722783.928665, 49
1697722783.945716, 49
1697722783.962604, 49
1697722783.979763, 50
1697722783.996695, 49
1697722784.013695, 49
1697722784.031100, 49
1697722784.048110, 49
1697722784.064590, 50
1697722784.081075, 49
1697722784.097800, 49
1697722784.114429, 50
1697722784.131693, 50
1697722784.148852, 50
1697722784.165480, 49
1697722784.182325, 50
1697722784.198906, 51
1697722784.215523, 49
1697722784.232272, 49
1697722784.249081, 51
1697722784.265432, 50
1697722784.282061, 50
1697722784.298624, 50
1697722784.315737, 50
1697722784.332309, 51
1697722784.349020, 50
1697722784.365664, 50
1697722784.382450, 51
1697722784.399355, 51
1697722784.416577, 52
1697722784.433419, 50
1697722784.450063, 51
1697722784.466603, 52
1697722784.483018, 51
1697722784.499675, 50
1697722784.516714, 51
1697722784.533560, 51
1697722784.550166, 52
1697722784.567036, 52
1697722784.583863, 51
1697722784.600461, 52
1697722784.617100, 52
1697722784.633750, 52
1697722784.650997, 52
1697722784.668643, 51
1697722784.685232, 53
1697722784.702935, 52
1697722784.720080, 51
1697722784.737184, 53
1697722784.754641, 53
1697722784.771650, 52
1697722784.788621, 53
1697722784.805864, 52
1697722784.822514, 53
1697722784.839519, 53
1697722784.856641, 53
1697722784.873529, 53
1697722784.890322, 53
1697722784.907206, 53
1697722784.924431, 53
1697722784.941210, 53
1697722784.958109, 54
1697722784.975473, 54
1697722784.991996, 53
1697722785.009017, 54
1697722785.025815, 54
1697722785.042109, 53
1697722785.058802, 54
1697722785.075681, 53
1697722785.092787, 54
1697722785.110240, 54
1697722785.127227, 53
1697722785.144347, 53
1697722785.161095, 53
1697722785.178110, 53
1697722785.195156, 53
1697722785.211967, 54
1697722785.229173, 55
1697722785.246230, 54
1697722785.263144, 54
1697722785.281131, 55
1697722785.298444, 54
1697722785.315362, 54
1697722785.332517, 55
1697722785.349337, 55
1697722785.366367, 55
1697722785.383354, 55
1697722785.400482, 54
1697722785.417355, 55
1697722785.434407, 55
1697722785.451303, 55
1697722785.468038, 54
1697722785.484566, 55
1697722785.501491, 55
1697722785.518249, 56
1697722785.534775, 55
1697722785.551566, 56
1697722785.568145, 56
1697722785.584636, 55
1697722785.601735, 56
1697722785.618260, 55
1697722785.635095, 54
1697722785.651831, 55
1697722785.668568, 56
1697722785.685094, 55
1697722785.701962, 56
1697722785.719116, 56
1697722785.736222, 55
1697722785.753221, 56
1697722785.769983, 55
1697722785.787091, 55
1697722785.804171, 56
1697722785.821188, 57
1697722785.838064, 56
1697722785.854986, 56
1697722785.871727, 57
1697722785.888622, 57
1697722785.905473, 56
1697722785.922184, 57
1697722785.939208, 57
1697722785.956186, 56
1697722785.972698, 57
1697722785.989975, 57
1697722786.006835, 56
1697722786.023510, 56
1697722786.040828, 57
1697722786.057778, 57
1697722786.074970, 57
1697722786.091788, 57
1697722786.108732, 57
1697722786.126053, 57
1697722786.142783, 58
1697722786.159891, 58
1697722786.177045, 57
1697722786.193970, 58
1697722786.211278, 57
1697722786.228397, 58
1697722786.245912, 58
1697722786.263000, 57
1697722786.280318, 58
1697722786.297680, 58
1697722786.314448, 58
1697722786.331803, 57
1697722786.348999, 58
1697722786.365821, 58
1697722786.382534, 58
1697722786.399577, 58
1697722786.416338, 59
1697722786.433361, 59
1697722786.450228, 57
1697722786.466977, 58
1697722786.483744, 58
1697722786.500566, 58
1697722786.517275, 59
1697722786.534044, 59
1697722786.550837, 59
1697722786.567955, 59
1697722786.584799, 59
1697722786.601644, 58
1697722786.618638, 59
1697722786.635784, 58
1697722786.652482, 58
1697722786.670126, 59
1697722786.686771, 59
1697722786.703732, 59
1697722786.720526, 59
1697722786.737206, 59
1697722786.753925, 60
1697722786.771248, 60
1697722786.788068, 60
1697722786.804916, 60
1697722786.821933, 59
1697722786.838938, 59
1697722786.855598, 60
1697722786.872114, 59
1697722786.888557, 59
1697722786.905063, 60
1697722786.921758, 60
1697722786.938495, 59
1697722786.955035, 59
1697722786.971702, 60
1697722786.988330, 59
1697722787.004926, 60
1697722787.021986, 59
1697722787.038735, 59
1697722787.055635, 60
1697722787.072966, 60
1697722787.089710, 59
1697722787.106931, 60
1697722787.123775, 59
1697722787.140317, 59
1697722787.157035, 59
1697722787.173815, 60
1697722787.190382, 60
1697722787.207260, 59
1697722787.223819, 59
1697722787.240393, 59
1697722787.256984, 59
1697722787.274019, 58
1697722787.290642, 59
1697722787.307730, 57
1697722787.324301, 59
1697722787.340772, 55
1697722787.357465, 47
1697722787.374048, 40
1697722787.390840, 34
1697722787.407615, 28
1697722787.424351, 26
1697722787.441371, 27
1697722787.458354, 28
1697722787.475399, 27
1697722787.492608, 27
1697722787.509261, 28
1697722787.525849, 27
1697722787.543149, 28
1697722787.559771, 27
1697722787.576372, 27
1697722787.593328, 28
1697722787.610038, 29
1697722787.626747, 30
1697722787.644003, 29
1697722787.660836, 29
1697722787.677653, 29
1697722787.694629, 28
1697722787.711272, 28
1697722787.727867, 28
1697722787.744854, 28
1697722787.761682, 29
1697722787.778296, 29
1697722787.795246, 31
1697722787.812142, 30
1697722787.829035, 29
1697722787.846420, 31
1697722787.863150, 29
1697722787.879985, 30
1697722787.897363, 30
1697722787.914367, 29
1697722787.931362, 30
1697722787.949378, 31
1697722787.966492, 30
1697722787.983673, 29
1697722788.000473, 32
1697722788.017008, 31
1697722788.033759, 32
1697722788.050408, 31
1697722788.067328, 30
1697722788.084013, 30
1697722788.100600, 31
1697722788.117785, 32
1697722788.134606, 32
1697722788.151566, 31
1697722788.168295, 31
1697722788.185879, 32
1697722788.202724, 33
1697722788.219293, 33
1697722788.236519, 33
1697722788.253118, 33
1697722788.269808, 32
1697722788.286822, 33
1697722788.303763, 31
1697722788.320367, 32
1697722788.337400, 32
1697722788.354339, 32
1697722788.371037, 33
1697722788.388039, 34
1697722788.404680, 34
1697722788.421550, 34
1697722788.438548, 34
1697722788.455327, 33
1697722788.472627, 33
1697722788.489340, 34
1697722788.506214, 34
1697722788.523000, 33
1697722788.539750, 34
1697722788.557168, 33
1697722788.574574, 33
1697722788.591568, 35
1697722788.608708, 35
1697722788.626163, 34
1697722788.642963, 35
1697722788.659797, 36
1697722788.676776, 34
1697722788.693609, 34
1697722788.710463, 35
1697722788.727531, 34
1697722788.744264, 34
1697722788.760719, 34
1697722788.778023, 35
1697722788.794643, 35
1697722788.811373, 36
1697722788.828741, 36
1697722788.845459, 35
1697722788.862182, 37
1697722788.879453, 37
1697722788.896276, 35
1697722788.913173, 36
1697722788.930580, 36
1697722788.947332, 36
1697722788.964247, 35
1697722788.981855, 36
1697722788.998456, 35
1697722789.015429, 37
1697722789.032757, 37
1697722789.049958, 38
1697722789.067540, 37
1697722789.085050, 38
1697722789.102523, 36
1697722789.119821, 36
1697722789.136933, 37
1697722789.153859, 37
1697722789.172104, 36
1697722789.189160, 37
1697722789.206067, 37
1697722789.223486, 38
1697722789.241768, 38
1697722789.258509, 39
1697722789.276061, 38
1697722789.293279, 39
1697722789.309654, 38
1697722789.329163, 38
1697722789.346260, 37
1697722789.363877, 38
1697722789.381003, 38
1697722789.397977, 37
1697722789.415696, 38
1697722789.434022, 38
1697722789.451517, 39
1697722789.468852, 40
1697722789.485843, 40
1697722789.502773, 38
1697722789.519629, 38
1697722789.536927, 38
1697722789.553849, 38
1697722789.570798, 39
1697722789.587880, 39
1697722789.604583, 38
1697722789.621858, 39
1697722789.639450, 39
1697722789.656197, 40
1697722789.673475, 39
1697722789.690504, 41
1697722789.708801, 40
1697722789.726853, 41
1697722789.744765, 40
1697722789.761578, 39
1697722789.779058, 40
1697722789.796360, 40
1697722789.813940, 39
1697722789.831215, 40
1697722789.848280, 40
1697722789.865458, 40
1697722789.883178, 41
1697722789.900082, 42
1697722789.917191, 42
1697722789.934228, 41
1697722789.951564, 42
1697722789.971590, 41
1697722789.988569, 41
1697722790.005481, 40
1697722790.022657, 40
1697722790.039466, 40
1697722790.056405, 41
1697722790.074298, 41
1697722790.091251, 41
1697722790.107960, 41
1697722790.124657, 42
1697722790.141521, 43
1697722790.158679, 43
1697722790.175604, 43
1697722790.192679, 42
1697722790.210008, 41
1697722790.226842, 42
1697722790.243636, 42
1697722790.260561, 43
1697722790.277708, 42
1697722790.294604, 42
1697722790.311676, 42
1697722790.328859, 43
1697722790.346864, 43
1697722790.364632, 44
1697722790.381996, 44
1697722790.399110, 44
1697722790.416247, 42
1697722790.433032, 43
1697722790.449792, 43
1697722790.467043, 43
1697722790.483779, 43
1697722790.500828, 42
1697722790.518161, 42
1697722790.535276, 45
1697722790.552624, 44
1697722790.569524, 44
1697722790.586299, 44
1697722790.603314, 45
1697722790.620284, 45
1697722790.637465, 44
1697722790.654725, 44
1697722790.671361, 44
1697722790.688322, 43
1697722790.705496, 44
1697722790.722363, 44
1697722790.739033, 43
1697722790.755619, 45
1697722790.772638, 45
1697722790.789195, 45
1697722790.806212, 46
1697722790.823091, 45
1697722790.839835, 45
1697722790.857312, 45
1697722790.874228, 45
1697722790.890924, 45
1697722790.908183, 45
1697722790.925015, 45
1697722790.941627, 45
1697722790.958742, 45
1697722790.975309, 45
1697722790.993073, 46
1697722791.010365, 46
1697722791.027086, 46
1697722791.044392, 46
1697722791.061454, 46
1697722791.078569, 47
1697722791.095602, 46
1697722791.112069, 46
1697722791.128787, 45
1697722791.145945, 45
1697722791.162682, 46
1697722791.179434, 45
1697722791.196768, 46
1697722791.213640, 46
1697722791.230444, 48
1697722791.247653, 46
1697722791.264457, 47
1697722791.280990, 47
1697722791.298092, 47
1697722791.314759, 48
1697722791.331605, 47
1697722791.348511, 46
1697722791.365091, 47
1697722791.381786, 47
1697722791.398975, 47
1697722791.415763, 46
1697722791.432970, 47
1697722791.450366, 47
1697722791.467007, 48
1697722791.483708, 48
1697722791.500658, 50
1697722791.517378, 49
1697722791.534514, 48
1697722791.551502, 49
1697722791.568595, 48
1697722791.585369, 49
1697722791.602378, 49
1697722791.619273, 47
1697722791.636456, 47
1697722791.653452, 47
1697722791.670401, 48
1697722791.687741, 48
1697722791.704389, 49
1697722791.721006, 50
1697722791.737523, 49
1697722791.754426, 49
1697722791.771365, 50
1697722791.788511, 49
1697722791.805349, 47
1697722791.821888, 47
1697722791.838670, 48
1697722791.855607, 49
1697722791.872654, 49
1697722791.889106, 49
1697722791.906089, 49
1697722791.922881, 49
1697722791.939390, 50
1697722791.956149, 48
1697722791.973402, 50
1697722791.990065, 51
1697722792.006988, 50
1697722792.024332, 50
1697722792.041069, 51
1697722792.057813, 50
1697722792.074682, 49
1697722792.091364, 50
1697722792.107956, 49
1697722792.125156, 49
1697722792.142227, 49
1697722792.159264, 50
1697722792.176523, 51
1697722792.193464, 51
1697722792.210002, 51
1697722792.226368, 51
1697722792.243403, 51
1697722792.260145, 51
1697722792.277649, 51
1697722792.294578, 50
1697722792.311824, 51
1697722792.329077, 50
1697722792.345619, 50
1697722792.361999, 51
1697722792.378836, 50
1697722792.395273, 50
1697722792.412193, 50
1697722792.428787, 52
1697722792.445751, 51
1697722792.462738, 52
1697722792.479308, 51
1697722792.495908, 53
1697722792.512968, 52
1697722792.529606, 53
1697722792.546203, 51
1697722792.563580, 50
1697722792.580341, 51
1697722792.597111, 51
1697722792.614492, 51
1697722792.631295, 52
1697722792.648302, 52
1697722792.665759, 53
1697722792.682694, 52
1697722792.699374, 52
1697722792.716377, 52
1697722792.733306, 53
1697722792.749735, 53
1697722792.766659, 53
1697722792.783559, 52
1697722792.800791, 53
1697722792.817445, 52
1697722792.834066, 52
1697722792.851138, 53
1697722792.868251, 53
1697722792.885051, 52
1697722792.902030, 52
1697722792.918852, 54
1697722792.935643, 53
1697722792.952598, 53
1697722792.969413, 53
1697722792.986181, 53
1697722793.003099, 54
1697722793.020000, 54
1697722793.036979, 52
1697722793.054629, 53
1697722793.071515, 53
1697722793.088337, 54
1697722793.105384, 53
1697722793.122218, 54
1697722793.138993, 54
1697722793.155923, 52
1697722793.173191, 54
1697722793.190702, 55
1697722793.208097, 54
1697722793.225007, 55
1697722793.241567, 55
1697722793.258317, 54
1697722793.274849, 54
1697722793.291539, 53
1697722793.308521, 53
1697722793.325791, 54
1697722793.343009, 55
1697722793.359741, 54
1697722793.377807, 54
1697722793.395179, 55
1697722793.412090, 56
1697722793.428790, 55
1697722793.446276, 56
1697722793.463220, 56
1697722793.479911, 56
1697722793.496770, 56
1697722793.513427, 56
1697722793.529804, 55
1697722793.547077, 55
1697722793.563918, 54
1697722793.581057, 54
1697722793.598344, 55
1697722793.615241, 55
1697722793.632638, 55
1697722793.649621, 55
1697722793.666306, 56
1697722793.683022, 56
1697722793.699697, 56
1697722793.716523, 57
1697722793.733341, 57
1697722793.750871, 57
1697722793.767409, 55
1697722793.784663, 57
1697722793.801372, 55
1697722793.818473, 56
1697722793.835701, 56
1697722793.852786, 55
1697722793.869634, 55
1697722793.886533, 55
1697722793.903322, 55
1697722793.920269, 56
1697722793.936830, 58
1697722793.953636, 57
1697722793.970207, 57
1697722793.987084, 58
1697722794.003791, 58
1697722794.020825, 57
1697722794.038254, 56
1697722794.055187, 57
1697722794.071956, 57
1697722794.089303, 57
1697722794.106048, 57
1697722794.123175, 56
1697722794.140419, 57
1697722794.157156, 56
1697722794.173681, 56
1697722794.190640, 57
1697722794.207411, 58
1697722794.224930, 59
1697722794.241666, 58
1697722794.258445, 58
1697722794.275520, 58
1697722794.292395, 58
1697722794.309325, 58
1697722794.326386, 58
1697722794.343474, 57
1697722794.360152, 56
1697722794.377034, 58
1697722794.393849, 58
1697722794.410571, 58
1697722794.427972, 58
1697722794.444991, 59
1697722794.461239, 58
1697722794.477749, 59
1697722794.494199, 58
1697722794.510554, 58
1697722794.527064, 60
1697722794.543748, 60
1697722794.560316, 59
1697722794.577026, 59
1697722794.593626, 59
1697722794.610970, 59
1697722794.627992, 57
1697722794.644852, 58
1697722794.661998, 58
1697722794.678958, 58
1697722794.695710, 59
1697722794.712727, 60
1697722794.729482, 60
1697722794.746256, 60
1697722794.763236, 60
1697722794.779892, 59
1697722794.796542, 59
1697722794.813468, 60
1697722794.830558, 60
1697722794.847843, 58
1697722794.864760, 59
1697722794.881796, 59
1697722794.898675, 58
1697722794.915880, 59
1697722794.932714, 59
1697722794.950121, 59
1697722794.966834, 59
1697722794.983785, 59
1697722795.001081, 59
1697722795.017824, 59
1697722795.034824, 59
1697722795.052125, 58
1697722795.068851, 58
1697722795.085822, 58
1697722795.103057, 58
1697722795.120124, 58
1697722795.136981, 52
1697722795.153938, 45
1697722795.170502, 39
1697722795.187101, 31
1697722795.204515, 26
1697722795.221442, 27
1697722795.238446, 28
1697722795.255516, 28
1697722795.272290, 27
1697722795.289677, 27
1697722795.306473, 26
1697722795.323431, 27
1697722795.340572, 27
1697722795.357511, 27
1697722795.374322, 28
1697722795.391099, 27
1697722795.407782, 28
1697722795.424510, 28
1697722795.441508, 28
1697722795.458730, 29
1697722795.475806, 30
1697722795.492635, 30
1697722795.509601, 28
1697722795.526368, 28
1697722795.544000, 28
1697722795.560880, 29
1697722795.577722, 29
1697722795.595155, 28
1697722795.612113, 28
1697722795.629266, 30
1697722795.646529, 31
1697722795.663323, 30
1697722795.679989, 30
1697722795.697266, 30
1697722795.714096, 29
1697722795.731493, 30
1697722795.748585, 30
1697722795.765466, 29
1697722795.782828, 29
1697722795.799470, 31
1697722795.816354, 31
1697722795.833226, 31
1697722795.850299, 32
1697722795.867220, 31
1697722795.884232, 32
1697722795.900963, 31
1697722795.917499, 31
1697722795.935403, 30
1697722795.952657, 31
1697722795.969621, 31
1697722795.987055, 31
1697722796.003727, 31
1697722796.020590, 33
1697722796.037410, 32
1697722796.053886, 32
1697722796.070817, 33
1697722796.087625, 33
1697722796.104318, 32
1697722796.121680, 32
1697722796.138208, 32
1697722796.154919, 31
1697722796.171897, 32
1697722796.188834, 32
1697722796.205510, 32
1697722796.222487, 33
1697722796.239171, 34
1697722796.256392, 33
1697722796.273497, 33
1697722796.290204, 34
1697722796.306944, 32
1697722796.324109, 33
1697722796.341176, 34
1697722796.357768, 33
1697722796.375103, 33
1697722796.391793, 34
1697722796.408319, 34
1697722796.425393, 34
1697722796.441902, 34
1697722796.458613, 34
1697722796.475717, 34
1697722796.492623, 35
1697722796.509989, 34
1697722796.527070, 34
1697722796.543740, 33
1697722796.560775, 34
1697722796.577690, 34
1697722796.594302, 34
1697722796.611428, 35
1697722796.628041, 36
1697722796.644856, 35
1697722796.661697, 36
1697722796.678493, 36
1697722796.695024, 35
1697722796.712276, 34
1697722796.729005, 35
1697722796.745910, 35
1697722796.762844, 36
1697722796.779479, 36
1697722796.796215, 35
1697722796.813547, 35
1697722796.830559, 37
1697722796.847324, 36
1697722796.864466, 37
1697722796.881332, 37
1697722796.898810, 37
1697722796.915753, 36
1697722796.932395, 36
1697722796.949411, 37
1697722796.966053, 36
1697722796.982889, 37
1697722797.000092, 37
1697722797.016874, 37
1697722797.033643, 37
1697722797.050284, 38
1697722797.067048, 38
1697722797.083622, 38
1697722797.100245, 38
1697722797.117094, 38
1697722797.133821, 37
1697722797.151112, 37
1697722797.167893, 38
1697722797.185004, 38
1697722797.202463, 38
1697722797.219449, 37
1697722797.236543, 37
1697722797.253431, 38
1697722797.270151, 39
1697722797.287419, 39
1697722797.304138, 39
1697722797.320746, 39
1697722797.337541, 40
1697722797.354278, 37
1697722797.371173, 38
1697722797.388190, 38
1697722797.404841, 38
1697722797.421784, 39
1697722797.438805, 39
1697722797.455988, 39
1697722797.472692, 39
1697722797.489923, 39
1697722797.506636, 39
1697722797.523375, 40
1697722797.540312, 40
1697722797.556946, 41
1697722797.573829, 40
1697722797.591039, 40
1697722797.608134, 40
1697722797.625139, 39
1697722797.642000, 39
1697722797.658540, 39
1697722797.675073, 39
1697722797.691914, 41
1697722797.708877, 41
1697722797.725443, 41
1697722797.742173, 41
1697722797.758983, 41
1697722797.775506, 42
1697722797.792012, 41
1697722797.808563, 41
1697722797.825508, 41
1697722797.842387, 41
1697722797.859172, 41
1697722797.876163, 41
1697722797.893002, 40
1697722797.909544, 41
1697722797.926305, 42
1697722797.943469, 42
1697722797.960295, 42
1697722797.976953, 42
1697722797.993801, 42
1697722798.010922, 41
1697722798.027752, 41
1697722798.044728, 41
1697722798.062029, 41
1697722798.078913, 42
1697722798.095731, 42
1697722798.113032, 42
1697722798.129826, 41
1697722798.146775, 43
1697722798.164205, 44
1697722798.181151, 43
1697722798.197858, 43
1697722798.215222, 42
1697722798.231934, 42
1697722798.248536, 42
1697722798.265120, 43
1697722798.281830, 41
1697722798.298284, 43
1697722798.315284, 42
1697722798.332172, 42
1697722798.348805, 43
1697722798.365768, 44
1697722798.382434, 45
1697722798.399141, 44
1697722798.415699, 44
1697722798.432534, 43
1697722798.449660, 43
1697722798.466400, 44
1697722798.483029, 44
1697722798.500049, 44
1697722798.516875, 44
1697722798.533670, 44
1697722798.551154, 44
1697722798.567796, 44
1697722798.584651, 45
1697722798.601535, 45
1697722798.618870, 45
1697722798.635819, 45
1697722798.652835, 46
1697722798.669499, 45
1697722798.686056, 45
1697722798.703200, 44
1697722798.719829, 44
1697722798.736527, 44
1697722798.753851, 44
1697722798.770545, 44
1697722798.787110, 45
1697722798.804507, 45
1697722798.821455, 46
1697722798.838711, 45
1697722798.855371, 45
1697722798.872180, 46
1697722798.889469, 46
1697722798.906476, 46
1697722798.923341, 45
1697722798.940571, 46
1697722798.957546, 45
1697722798.974252, 45
1697722798.990813, 46
1697722799.007485, 45
1697722799.023986, 45
1697722799.040608, 45
1697722799.057065, 46
1697722799.073603, 46
1697722799.090606, 47
1697722799.107415, 47
1697722799.123807, 47
1697722799.141009, 48
1697722799.157709, 45
1697722799.175031, 46
1697722799.191756, 47
1697722799.208387, 47
1697722799.225246, 46
1697722799.242069, 46
1697722799.258763, 46
1697722799.275870, 47
1697722799.292340, 48
1697722799.309143, 48
1697722799.326358, 48
1697722799.342968, 48
1697722799.359932, 48
1697722799.376276, 48
1697722799.393063, 48
1697722799.409789, 47
1697722799.427397, 47
1697722799.444592, 48
1697722799.461572, 48
1697722799.479268, 47
1697722799.496116, 48
1697722799.512774, 48
1697722799.529476, 48
1697722799.546266, 49
1697722799.563453, 49
1697722799.580694, 49
1697722799.597590, 49
1697722799.615048, 49
1697722799.631859, 50
1697722799.648764, 47
1697722799.665989, 47
1697722799.683040, 48
1697722799.699712, 49
1697722799.716745, 49
1697722799.733782, 49
1697722799.750589, 49
1697722799.767124, 50
1697722799.783953, 50
1697722799.800468, 49
1697722799.817463, 49
1697722799.834083, 50
1697722799.851036, 50
1697722799.867886, 50
1697722799.884739, 49
1697722799.902108, 49
1697722799.919042, 49
1697722799.935755, 49
1697722799.952582, 50
1697722799.969487, 49
1697722799.986413, 50
1697722800.003434, 51
1697722800.020207, 50
1697722800.036815, 51
1697722800.054039, 51
1697722800.070507, 51
1697722800.087269, 51
1697722800.103802, 51
1697722800.120748, 50
1697722800.137669, 50
1697722800.155005, 50
1697722800.171865, 50
1697722800.188492, 50
1697722800.205441, 50
1697722800.222089, 51
1697722800.238960, 50
1697722800.255863, 51
1697722800.272994, 52
1697722800.290195, 51
1697722800.307081, 52
1697722800.323730, 52
1697722800.340364, 52
1697722800.356933, 52
1697722800.373409, 51
1697722800.390355, 52
1697722800.407188, 51
1697722800.423902, 51
1697722800.440629, 52
1697722800.457254, 51
1697722800.474394, 51
1697722800.491595, 52
1697722800.508369, 53
1697722800.525550, 53
1697722800.542375, 53
1697722800.559198, 52
1697722800.575951, 52
1697722800.593016, 52
1697722800.609581, 53
1697722800.626366, 52
1697722800.643234, 52
1697722800.659940, 52
1697722800.676642, 53
1697722800.694222, 52
1697722800.710802, 53
1697722800.728092, 52
1697722800.745204, 53
1697722800.762338, 54
1697722800.779393, 54
1697722800.796050, 54
1697722800.812716, 54
1697722800.829716, 53
1697722800.846448, 53
1697722800.863086, 53
1697722800.880035, 52
1697722800.896974, 52
1697722800.913529, 53
1697722800.930080, 54
1697722800.947078, 54
1697722800.963906, 53
1697722800.981055, 54
1697722800.997825, 54
1697722801.014381, 54
1697722801.031862, 55
1697722801.048784, 54
1697722801.065512, 55
1697722801.082645, 55
1697722801.099484, 55
1697722801.116601, 54
1697722801.133566, 54
1697722801.150582, 54
1697722801.167683, 54
1697722801.184391, 54
1697722801.201312, 54
1697722801.218529, 54
1697722801.235439, 53
1697722801.252172, 55
1697722801.268771, 55
1697722801.285352, 55
1697722801.302112, 56
1697722801.319079, 55
1697722801.335680, 55
1697722801.352473, 56
1697722801.369631, 56
1697722801.386230, 55
1697722801.403024, 55
1697722801.419914, 55
1697722801.436528, 54
1697722801.453425, 55
1697722801.471040, 55
1697722801.487784, 55
1697722801.504453, 56
1697722801.521650, 57
1697722801.538319, 56
1697722801.555266, 56
1697722801.572351, 57
1697722801.589509, 57
1697722801.606899, 56
1697722801.623517, 57
1697722801.640442, 55
1697722801.657507, 55
1697722801.674221, 56
1697722801.691540, 56
1697722801.708618, 56
1697722801.725122, 56
1697722801.741687, 56
1697722801.758906, 56
1697722801.775883, 57
1697722801.792794, 58
1697722801.810106, 58
1697722801.826868, 57
1697722801.843460, 58
1697722801.860730, 58
1697722801.877927, 57
1697722801.894923, 57
1697722801.912397, 57
1697722801.929003, 57
1697722801.945531, 57
1697722801.962632, 57
1697722801.979522, 56
1697722801.996356, 57
1697722802.013412, 58
1697722802.030178, 58
1697722802.047100, 58
1697722802.063791, 58
1697722802.080331, 58
1697722802.097970, 57
1697722802.114662, 58
1697722802.131585, 59
1697722802.148957, 58
1697722802.165778, 58
1697722802.182364, 58
1697722802.199530, 57
1697722802.216616, 56
1697722802.233143, 58
1697722802.249889, 57
1697722802.266475, 57
1697722802.283181, 58
1697722802.299785, 58
1697722802.316675, 59
1697722802.333278, 59
1697722802.349887, 58
1697722802.366437, 58
1697722802.383570, 59
1697722802.400263, 60
1697722802.417068, 58
1697722802.434279, 58
1697722802.451206, 59
1697722802.467984, 58
1697722802.485085, 58
1697722802.501842, 59
1697722802.518312, 59
1697722802.535423, 59
1697722802.552376, 60
1697722802.569124, 60
1697722802.586333, 59
1697722802.602935, 59
1697722802.619627, 59
1697722802.636909, 59
1697722802.653563, 60
1697722802.671024, 60
1697722802.687891, 58
1697722802.705048, 60
1697722802.722686, 60
1697722802.739943, 59
1697722802.756895, 58
1697722802.773521, 60
1697722802.790141, 60
1697722802.806724, 59
1697722802.824031, 60
1697722802.840800, 60
1697722802.857633, 60
1697722802.874679, 60
1697722802.891461, 60
1697722802.908304, 59
1697722802.925320, 59
1697722802.942078, 58
1697722802.959025, 59
1697722802.976458, 59
1697722802.993293, 58
1697722803.010053, 58
1697722803.028109, 57
1697722803.044915, 57
1697722803.061488, 57
1697722803.078083, 59
1697722803.095160, 59
1697722803.112543, 53
1697722803.129226, 46
1697722803.146337, 38
1697722803.163675, 30
1697722803.180629, 26
1697722803.197565, 27
1697722803.214945, 27
1697722803.231803, 27
1697722803.248614, 27
1697722803.265718, 27
1697722803.282792, 28
1697722803.299682, 28
1697722803.316435, 29
1697722803.332985, 29
1697722803.349785, 27
1697722803.366538, 28
1697722803.383578, 28
1697722803.400227, 29
1697722803.417435, 28
1697722803.433971, 29
1697722803.451443, 28
1697722803.468083, 29
1697722803.485047, 30
1697722803.502210, 29
1697722803.519452, 30
1697722803.536509, 28
1697722803.554275, 30
1697722803.571303, 29
1697722803.588105, 29
1697722803.604935, 30
1697722803.621455, 30
1697722803.638162, 30
1697722803.655133, 30
1697722803.671612, 30
1697722803.688418, 30
1697722803.705536, 31
1697722803.722407, 31
1697722803.738913, 30
1697722803.756135, 31
1697722803.772990, 31
1697722803.789763, 30
1697722803.807227, 30
1697722803.823921, 30
1697722803.841014, 30
1697722803.858204, 32
1697722803.875039, 33
1697722803.892246, 32
1697722803.908841, 32
1697722803.925584, 33
1697722803.942416, 31
1697722803.959139, 31
1697722803.975891, 31
1697722803.992908, 31
1697722804.009801, 32
1697722804.026526, 32
1697722804.043493, 33
1697722804.060144, 33
1697722804.077115, 33
1697722804.094167, 33
1697722804.111132, 33
1697722804.128164, 33
1697722804.145503, 33
1697722804.162311, 32
1697722804.179561, 32
1697722804.196151, 32
1697722804.212860, 32
1697722804.229676, 33
1697722804.246655, 34
1697722804.263578, 34
1697722804.281034, 34
1697722804.297590, 35
1697722804.314074, 35
1697722804.331091, 34
1697722804.348519, 34
1697722804.365773, 34
1697722804.383183, 33
1697722804.400072, 33
1697722804.416792, 34
1697722804.434234, 35
1697722804.451001, 34
1697722804.467908, 36
1697722804.485179, 35
1697722804.501712, 34
1697722804.518192, 35
1697722804.535528, 35
1697722804.552193, 35
1697722804.569227, 35
1697722804.586440, 35
1697722804.603181, 34
1697722804.620406, 35
1697722804.637265, 35
1697722804.653997, 35
1697722804.670732, 36
1697722804.687325, 36
1697722804.703892, 36
1697722804.720919, 37
1697722804.737628, 37
1697722804.754462, 36
1697722804.771942, 35
1697722804.788575, 35
1697722804.805481, 35
1697722804.822556, 36
1697722804.839350, 37
1697722804.855953, 37
1697722804.872621, 36
1697722804.889361, 38
1697722804.906392, 38
1697722804.922959, 38
1697722804.939845, 37
1697722804.956886, 38
1697722804.973677, 36
1697722804.990362, 36
1697722805.007012, 36
1697722805.023828, 37
1697722805.040554, 37
1697722805.057835, 38
1697722805.075058, 38
1697722805.091748, 37
1697722805.108355, 39
1697722805.125133, 39
1697722805.142138, 38
1697722805.159403, 39
1697722805.176328, 39
1697722805.193244, 38
1697722805.209771, 38
1697722805.226486, 38
1697722805.243379, 39
1697722805.259820, 38
1697722805.276544, 38
1697722805.293807, 38
1697722805.310612, 38
1697722805.327574, 40
1697722805.344624, 40
1697722805.361582, 40
1697722805.378235, 40
1697722805.395072, 40
1697722805.412288, 38
1697722805.428988, 39
1697722805.446242, 40
1697722805.463017, 40
1697722805.479963, 39
1697722805.497288, 40
1697722805.513994, 39
1697722805.531183, 40
1697722805.547859, 41
1697722805.564851, 41
1697722805.582074, 41
1697722805.598944, 41
1697722805.615640, 41
1697722805.632509, 39
1697722805.648900, 40
1697722805.665783, 40
1697722805.682984, 40
1697722805.699635, 41
1697722805.716510, 41
1697722805.733563, 41
1697722805.750486, 40
1697722805.767223, 42
1697722805.785191, 42
1697722805.802132, 42
1697722805.818561, 42
1697722805.835709, 42
1697722805.852465, 41
1697722805.869053, 40
1697722805.886133, 41
1697722805.902988, 41
1697722805.920516, 42
1697722805.937292, 42
1697722805.954001, 41
1697722805.971301, 42
1697722805.987922, 42
1697722806.004894, 42
1697722806.022073, 43
1697722806.038966, 43
1697722806.055891, 43
1697722806.072846, 42
1697722806.089911, 41
1697722806.106811, 41
1697722806.123904, 42
1697722806.140506, 43
1697722806.157178, 43
1697722806.174478, 43
1697722806.191347, 43
1697722806.208201, 43
1697722806.225626, 44
1697722806.242331, 44
1697722806.258838, 44
1697722806.275720, 43
1697722806.292453, 44
1697722806.309077, 43
1697722806.325788, 43
1697722806.342893, 44
1697722806.359649, 43
1697722806.377031, 44
1697722806.393694, 43
1697722806.410886, 44
1697722806.427857, 45
1697722806.444581, 44
1697722806.461730, 45
1697722806.478509, 45
1697722806.495113, 45
1697722806.511985, 45
1697722806.528662, 44
1697722806.545151, 44
1697722806.562007, 44
1697722806.579045, 44
1697722806.595510, 44
1697722806.612396, 44
1697722806.629133, 45
1697722806.645930, 45
1697722806.662989, 45
1697722806.679708, 46
1697722806.696316, 46
1697722806.713536, 46
1697722806.730267, 46
1697722806.747644, 46
1697722806.764274, 45
1697722806.781334, 45
1697722806.798754, 45
1697722806.815386, 45
1697722806.832179, 45
1697722806.849652, 46
1697722806.866349, 46
1697722806.883135, 46
1697722806.899708, 47
1697722806.916192, 47
1697722806.932706, 47
1697722806.950024, 46
1697722806.966779, 47
1697722806.983277, 47
1697722807.001041, 46
1697722807.017897, 46
1697722807.034376, 46
1697722807.051290, 46
1697722807.067890, 46
1697722807.084513, 47
1697722807.101292, 47
1697722807.117993, 47
1697722807.135078, 48
1697722807.151600, 48
1697722807.168917, 48
1697722807.186148, 48
1697722807.203110, 48
1697722807.219924, 49
1697722807.236908, 47
1697722807.253523, 47
1697722807.270308, 47
1697722807.287245, 46
1697722807.304236, 46
1697722807.321206, 48
1697722807.338463, 48
1697722807.355109, 48
1697722807.371531, 48
1697722807.388771, 48
1697722807.405518, 49
1697722807.422555, 48
1697722807.439486, 48
1697722807.456235, 49
1697722807.473228, 49
1697722807.489860, 48
1697722807.506570, 48
1697722807.524168, 48
1697722807.540842, 48
1697722807.557694, 47
1697722807.574256, 47
1697722807.591015, 48
1697722807.607561, 50
1697722807.624840, 50
1697722807.641524, 50
1697722807.658042, 49
1697722807.674505, 50
1697722807.691087, 50
1697722807.708026, 49
1697722807.725387, 49
1697722807.741980, 48
1697722807.759268, 49
1697722807.776179, 49
1697722807.793104, 49
1697722807.809947, 50
1697722807.826632, 49
1697722807.843336, 50
1697722807.860797, 51
1697722807.877408, 49
1697722807.893979, 51
1697722807.911360, 51
1697722807.928210, 50
1697722807.944725, 51
1697722807.961859, 50
1697722807.978469, 50
1697722807.995064, 50
1697722808.011971, 50
1697722808.028554, 50
1697722808.045468, 50
1697722808.063261, 50
1697722808.080087, 51
1697722808.096905, 51
1697722808.113814, 51
1697722808.130884, 51
1697722808.148299, 51
1697722808.165666, 52
1697722808.183339, 52
1697722808.200183, 51
1697722808.217044, 51
1697722808.233922, 50
1697722808.250434, 51
1697722808.267572, 51
1697722808.285175, 51
1697722808.302571, 51
1697722808.319496, 51
1697722808.336281, 52
1697722808.353410, 52
1697722808.370490, 51
1697722808.387167, 52
1697722808.403634, 53
1697722808.420490, 52
1697722808.437222, 52
1697722808.453647, 51
1697722808.470641, 51
1697722808.487255, 52
1697722808.504594, 52
1697722808.521711, 51
1697722808.538697, 52
1697722808.556147, 53
1697722808.572909, 52
1697722808.589678, 53
1697722808.606310, 53
1697722808.622916, 54
1697722808.639935, 53
1697722808.656780, 53
1697722808.673553, 54
1697722808.690414, 53
1697722808.707062, 53
1697722808.723543, 53
1697722808.740245, 52
1697722808.757237, 52
1697722808.774091, 52
1697722808.790720, 52
1697722808.807420, 53
1697722808.824228, 55
1697722808.841365, 55
1697722808.858209, 53
1697722808.875396, 53
1697722808.892389, 55
1697722808.909031, 54
1697722808.925772, 54
1697722808.943187, 55
1697722808.959898, 54
1697722808.976687, 54
1697722808.993773, 54
1697722809.010464, 53
1697722809.027836, 54
1697722809.044935, 54
1697722809.061966, 53
1697722809.079320, 55
1697722809.096174, 54
1697722809.112810, 55
1697722809.129817, 55
1697722809.146371, 55
1697722809.162937, 56
1697722809.180053, 56
1697722809.196815, 55
1697722809.213274, 55
1697722809.230416, 54
1697722809.247316, 54
1697722809.264162, 54
1697722809.281457, 54
1697722809.298012, 55
1697722809.314662, 55
1697722809.331464, 55
1697722809.348323, 55
1697722809.365747, 55
1697722809.383180, 55
1697722809.399926, 56
1697722809.416565, 56
1697722809.433363, 57
1697722809.450305, 56
1697722809.467870, 55
1697722809.484548, 56
1697722809.501347, 55
1697722809.518580, 55
1697722809.535326, 56
1697722809.551786, 56
1697722809.568998, 56
1697722809.585724, 56
1697722809.602670, 57
1697722809.619447, 56
1697722809.636020, 57
1697722809.652869, 56
1697722809.670240, 56
1697722809.686982, 57
1697722809.703767, 58
1697722809.720392, 58
1697722809.737121, 56
1697722809.753691, 57
1697722809.770640, 56
1697722809.788064, 56
1697722809.805591, 57
1697722809.822619, 57
1697722809.839379, 56
1697722809.856216, 59
1697722809.872767, 59
1697722809.889344, 58
1697722809.906897, 59
1697722809.923759, 58
1697722809.940313, 59
1697722809.957819, 59
1697722809.974683, 59
1697722809.992027, 57
1697722810.009100, 57
1697722810.025723, 57
1697722810.042452, 58
1697722810.059630, 57
1697722810.076197, 58
1697722810.092778, 58
1697722810.110034, 58
1697722810.126798, 59
1697722810.143648, 58
1697722810.160841, 58
1697722810.177584, 59
1697722810.194276, 59
1697722810.211492, 59
1697722810.228251, 58
1697722810.245536, 59
1697722810.262050, 57
1697722810.278896, 58
1697722810.296077, 59
1697722810.312967, 59
1697722810.329751, 58
1697722810.346372, 59
1697722810.363159, 59
1697722810.379898, 59
1697722810.397040, 60
1697722810.413632, 60
1697722810.430334, 59
1697722810.447534, 59
1697722810.464003, 60
1697722810.480431, 59
1697722810.497646, 60
1697722810.514538, 59
1697722810.531757, 59
1697722810.548858, 57
1697722810.565647, 59
1697722810.583071, 59
1697722810.600058, 59
1697722810.616785, 60
1697722810.634124, 60
1697722810.650828, 59
1697722810.667314, 59
1697722810.684181, 60
1697722810.700952, 59
1697722810.718076, 60
1697722810.735436, 60
1697722810.752094, 60
1697722810.769061, 60
1697722810.786405, 59
1697722810.803147, 60
1697722810.819679, 59
1697722810.836881, 60
1697722810.853509, 60
1697722810.870107, 60
1697722810.887006, 60
1697722810.903625, 60
1697722810.919825, 59
1697722810.936276, 60
1697722810.953179, 60
1697722810.969819, 60
1697722810.986415, 59
1697722811.002955, 60
1697722811.019991, 60
1697722811.036827, 60
1697722811.053472, 59
1697722811.070801, 59
1697722811.087654, 59
1697722811.104091, 59
1697722811.120826, 59
1697722811.137852, 59
1697722811.154619, 59
1697722811.171434, 58
1697722811.188209, 58
1697722811.204708, 59
1697722811.221265, 53
1697722811.237868, 46
1697722811.254699, 40
1697722811.271316, 33
1697722811.288008, 28
1697722811.305323, 27
1697722811.322074, 27
1697722811.338953, 26
1697722811.355477, 27
1697722811.371984, 27
1697722811.388557, 28
1697722811.405630, 28
1697722811.422481, 28
1697722811.439156, 28
1697722811.456341, 28
1697722811.472879, 28
1697722811.489573, 27
1697722811.506939, 28
1697722811.523590, 29
1697722811.540981, 28
1697722811.557736, 29
1697722811.574507, 28
1697722811.591615, 29
1697722811.609013, 28
1697722811.625637, 29
1697722811.642755, 29
1697722811.659667, 29
1697722811.676216, 30
1697722811.693245, 28
1697722811.709968, 29
1697722811.726704, 30
1697722811.743211, 29
1697722811.760008, 30
1697722811.776438, 30
1697722811.793317, 29
1697722811.810037, 30
1697722811.827011, 31
1697722811.844341, 30
1697722811.861330, 30
1697722811.878214, 30
1697722811.895449, 31
1697722811.912187, 31
1697722811.929454, 31
1697722811.946313, 31
1697722811.963255, 30
1697722811.980464, 30
1697722811.997306, 31
1697722812.014510, 32
1697722812.031462, 31
1697722812.048327, 32
1697722812.065185, 31
1697722812.082787, 32
1697722812.099641, 32
1697722812.116462, 32
1697722812.133237, 32
1697722812.149928, 32
1697722812.166673, 33
1697722812.183092, 32
1697722812.199920, 33
1697722812.216717, 33
1697722812.233883, 32
1697722812.250683, 32
1697722812.267081, 32
1697722812.284232, 32
1697722812.300983, 33
1697722812.317964, 33
1697722812.334925, 33
1697722812.351898, 32
1697722812.369029, 34
1697722812.386514, 33
1697722812.403257, 33
1697722812.420346, 34
1697722812.437460, 34
1697722812.454353, 33
1697722812.471772, 34
1697722812.488640, 34
1697722812.505221, 34
1697722812.522168, 34
1697722812.538916, 35
1697722812.555659, 34
1697722812.572751, 33
1697722812.589483, 35
1697722812.606083, 34
1697722812.623071, 34
1697722812.639824, 35
1697722812.656771, 35
1697722812.673442, 34
1697722812.690198, 35
1697722812.706867, 35
1697722812.723972, 35
1697722812.740686, 36
1697722812.757604, 35
1697722812.774710, 35
1697722812.791174, 36
1697722812.808360, 36
1697722812.825121, 36
1697722812.842006, 36
1697722812.859198, 36
1697722812.875820, 36
1697722812.892234, 34
1697722812.909209, 35
1697722812.926078, 35
1697722812.942951, 36
1697722812.960163, 37
1697722812.976935, 37
1697722812.993465, 37
1697722813.010374, 37
1697722813.027217, 37
1697722813.043791, 36
1697722813.060867, 36
1697722813.077656, 37
1697722813.094185, 37
1697722813.110900, 35
1697722813.127298, 37
1697722813.144606, 38
1697722813.161891, 38
1697722813.178634, 38
1697722813.195688, 38
1697722813.212908, 37
1697722813.229641, 38
1697722813.246737, 38
1697722813.264080, 37
1697722813.280843, 37
1697722813.298079, 38
1697722813.314743, 37
1697722813.331672, 38
1697722813.348979, 39
1697722813.365409, 39
1697722813.382090, 38
1697722813.399408, 39
1697722813.416041, 39
1697722813.432874, 38
1697722813.449584, 38
1697722813.466207, 39
1697722813.483038, 38
1697722813.500156, 39
1697722813.516669, 39
1697722813.533350, 39
1697722813.550407, 39
1697722813.567291, 40
1697722813.583961, 40
1697722813.600765, 39
1697722813.617438, 40
1697722813.634380, 40
1697722813.650941, 39
1697722813.667610, 40
1697722813.684793, 39
1697722813.701526, 39
1697722813.718154, 40
1697722813.735131, 40
1697722813.751934, 40
1697722813.768685, 40
1697722813.785563, 41
1697722813.802338, 41
1697722813.818844, 41
1697722813.836210, 40
1697722813.853030, 40
1697722813.870028, 41
1697722813.887551, 41
1697722813.904087, 41
1697722813.921246, 40
1697722813.938468, 41
1697722813.955180, 41
1697722813.972513, 41
1697722813.989072, 41
1697722814.005655, 42
1697722814.022500, 41
1697722814.039259, 42
1697722814.055863, 42
1697722814.072857, 42
1697722814.089765, 41
1697722814.106429, 42
1697722814.123239, 41
1697722814.139862, 42
1697722814.156475, 42
1697722814.173833, 42
1697722814.190621, 42
1697722814.207119, 41
1697722814.224502, 42
1697722814.241481, 42
1697722814.258522, 43
1697722814.275978, 43
1697722814.292951, 43
1697722814.309927, 43
1697722814.326697, 42
1697722814.343442, 42
1697722814.360342, 43
1697722814.377036, 43
1697722814.393780, 43
1697722814.410294, 43
1697722814.427039, 43
1697722814.443900, 43
1697722814.461194, 42
1697722814.477900, 43
1697722814.494587, 44
1697722814.513675, 43
1697722814.530475, 43
1697722814.547002, 43
1697722814.563423, 44
1697722814.580169, 43
1697722814.596887, 44
1697722814.613875, 43
1697722814.630435, 45
1697722814.647804, 44
1697722814.664612, 44
1697722814.681406, 44
1697722814.698611, 44
1697722814.715499, 44
1697722814.732427, 44
1697722814.749435, 45
1697722814.766176, 45
1697722814.782906, 45
1697722814.800161, 43
1697722814.817048, 44
1697722814.833768, 44
1697722814.851044, 45
1697722814.867825, 45
1697722814.884480, 45
1697722814.901677, 45
1697722814.918331, 45
1697722814.934970, 44
1697722814.952410, 45
1697722814.969455, 46
1697722814.986229, 46
1697722815.002965, 46
1697722815.019618, 46
1697722815.036444, 46
1697722815.053317, 46
1697722815.070161, 46
1697722815.087335, 45
1697722815.104176, 45
1697722815.120907, 46
1697722815.137595, 46
1697722815.154324, 46
1697722815.170871, 47
1697722815.187818, 46
1697722815.204514, 47
1697722815.221342, 46
1697722815.238592, 46
1697722815.255085, 46
1697722815.272075, 46
1697722815.289064, 46
1697722815.305822, 47
1697722815.322666, 47
1697722815.339817, 48
1697722815.356374, 47
1697722815.373141, 47
1697722815.390088, 47
1697722815.406992, 47
1697722815.424407, 47
1697722815.441189, 48
1697722815.458274, 48
1697722815.475525, 48
1697722815.492197, 48
1697722815.508845, 48
1697722815.526001, 48
1697722815.542656, 47
1697722815.559337, 48
1697722815.576748, 48
1697722815.593469, 48
1697722815.610246, 48
1697722815.627246, 47
1697722815.644010, 48
1697722815.660478, 48
1697722815.677232, 47
1697722815.693661, 47
1697722815.710596, 48
1697722815.727837, 49
1697722815.744532, 49
1697722815.761532, 49
1697722815.778790, 48
1697722815.795472, 49
1697722815.812796, 48
1697722815.829587, 48
1697722815.846615, 49
1697722815.863747, 49
1697722815.880515, 49
1697722815.897165, 49
1697722815.913861, 49
1697722815.930773, 49
1697722815.947631, 49
1697722815.964419, 49
1697722815.981212, 49
1697722815.997911, 49
1697722816.015049, 50
1697722816.032022, 50
1697722816.048671, 49
1697722816.065975, 50
1697722816.083010, 49
1697722816.099689, 49
1697722816.116748, 50
1697722816.133456, 50
1697722816.150268, 50
1697722816.167418, 49
1697722816.184134, 49
1697722816.201262, 51
1697722816.217840, 50
1697722816.234942, 51
1697722816.251921, 51
1697722816.268786, 51
1697722816.285512, 51
1697722816.302607, 51
1697722816.319629, 50
1697722816.336215, 51
1697722816.353228, 51
1697722816.370015, 50
1697722816.386523, 51
1697722816.403306, 51
1697722816.420068, 52
1697722816.436892, 50
1697722816.454266, 50
1697722816.471220, 52
1697722816.488040, 51
1697722816.505187, 51
1697722816.522340, 52
1697722816.539545, 51
1697722816.556379, 51
1697722816.573016, 51
1697722816.590094, 51
1697722816.606672, 52
1697722816.623370, 52
1697722816.640629, 51
1697722816.658281, 52
1697722816.675381, 53
1697722816.692634, 53
1697722816.709392, 52
1697722816.726262, 52
1697722816.743510, 53
1697722816.760619, 52
1697722816.777400, 52
1697722816.794065, 53
1697722816.810859, 52
1697722816.827726, 53
1697722816.845148, 53
1697722816.862042, 52
1697722816.878701, 53
1697722816.896044, 53
1697722816.912848, 53
1697722816.929652, 53
1697722816.946970, 54
1697722816.963865, 54
1697722816.980923, 53
1697722816.998257, 53
1697722817.015074, 54
1697722817.032301, 53
1697722817.049164, 52
1697722817.065953, 53
1697722817.082840, 53
1697722817.099505, 54
1697722817.116234, 54
1697722817.133204, 54
1697722817.150159, 54
1697722817.166845, 54
1697722817.183810, 53
1697722817.200575, 53
1697722817.217328, 55
1697722817.234748, 54
1697722817.251412, 54
1697722817.268400, 54
1697722817.285482, 55
1697722817.302011, 55
1697722817.318711, 53
1697722817.336300, 54
1697722817.353010, 54
1697722817.370216, 55
1697722817.386961, 55
1697722817.403579, 55
1697722817.420609, 55
1697722817.437131, 55
1697722817.453852, 55
1697722817.471184, 55
1697722817.488051, 55
1697722817.504953, 56
1697722817.522079, 56
1697722817.539000, 55
1697722817.555925, 56
1697722817.573164, 56
1697722817.591242, 55
1697722817.607842, 56
1697722817.624620, 55
1697722817.641305, 55
1697722817.658050, 56
1697722817.675008, 55
1697722817.691434, 55
1697722817.707915, 56
1697722817.724608, 56
1697722817.741429, 55
1697722817.759408, 56
1697722817.776347, 56
1697722817.793085, 56
1697722817.809930, 55
1697722817.826905, 56
1697722817.843532, 56
1697722817.860427, 56
1697722817.877158, 57
1697722817.893692, 56
1697722817.910187, 56
1697722817.926994, 57
1697722817.943850, 57
1697722817.960862, 56
1697722817.977694, 57
1697722817.994218, 57
1697722818.010992, 57
1697722818.027441, 57
1697722818.044336, 57
1697722818.061166, 56
1697722818.078068, 57
1697722818.095038, 58
1697722818.111995, 58
1697722818.129250, 57
1697722818.146126, 58
1697722818.162583, 58
1697722818.179460, 56
1697722818.196011, 58
1697722818.212513, 58
1697722818.228890, 58
1697722818.245569, 58
1697722818.262272, 58
1697722818.278997, 57
1697722818.295752, 57
1697722818.312449, 57
1697722818.329275, 57
1697722818.346143, 58
1697722818.363002, 58
1697722818.379708, 58
1697722818.396594, 57
1697722818.413409, 59
1697722818.430082, 59
1697722818.446916, 58
1697722818.463735, 58
1697722818.480589, 58
1697722818.497557, 58
1697722818.514246, 59
1697722818.530935, 59
1697722818.547968, 59
1697722818.564898, 59
1697722818.581532, 59
1697722818.598111, 59
1697722818.614998, 58
1697722818.631584, 59
1697722818.648241, 59
1697722818.665031, 58
1697722818.681884, 59
1697722818.698558, 59
1697722818.715307, 59
1697722818.732273, 60
1697722818.748753, 59
1697722818.765584, 59
1697722818.782374, 59
1697722818.798926, 60
1697722818.815710, 60
1697722818.832464, 59
1697722818.849286, 60
1697722818.866014, 60
1697722818.882728, 60
1697722818.899596, 60
1697722818.916452, 60
1697722818.933125, 59
1697722818.949847, 59
1697722818.966732, 59
1697722818.983378, 59
1697722819.000632, 60
1697722819.017901, 60
1697722819.034747, 60
1697722819.051290, 58
1697722819.068269, 60
1697722819.085505, 60
1697722819.102431, 59
1697722819.119093, 60
1697722819.136051, 60
1697722819.153218, 59
1697722819.170215, 59
1697722819.187192, 59
1697722819.204391, 59
1697722819.221196, 59
1697722819.237735, 59
1697722819.254637, 59
1697722819.271287, 59
1697722819.288338, 59
1697722819.305347, 59
1697722819.321782, 58
1697722819.338502, 51
1697722819.355757, 44
1697722819.372517, 37
1697722819.389461, 30
1697722819.406506, 26
1697722819.423207, 28
1697722819.439782, 26
1697722819.457021, 26
1697722819.473859, 27
1697722819.490813, 27
1697722819.508808, 28
1697722819.525601, 28
1697722819.542607, 28
1697722819.559637, 28
1697722819.576459, 29
1697722819.593837, 28
1697722819.610893, 27
1697722819.627701, 28
1697722819.644619, 28
1697722819.661292, 29
1697722819.677855, 28
1697722819.694423, 28
1697722819.711067, 29
1697722819.727548, 29
1697722819.744742, 30
1697722819.761402, 29
1697722819.778332, 29
1697722819.795594, 30
1697722819.812503, 29
1697722819.829265, 30
1697722819.846174, 29
1697722819.862715, 29
1697722819.879814, 30
1697722819.896976, 30
1697722819.913907, 30
1697722819.931086, 29
1697722819.947632, 31
1697722819.964135, 30
1697722819.981251, 30
1697722819.998044, 31
1697722820.015184, 31
1697722820.032308, 30
1697722820.048906, 31
1697722820.065662, 31
1697722820.082874, 30
1697722820.099836, 31
1697722820.116498, 32
1697722820.133385, 32
1697722820.150232, 31
1697722820.167066, 32
1697722820.184195, 31
1697722820.201026, 31
1697722820.217650, 31
1697722820.234746, 31
1697722820.251475, 32
1697722820.268216, 33
1697722820.285481, 33
1697722820.302374, 32
1697722820.319489, 31
1697722820.336264, 33
1697722820.352972, 32
1697722820.369826, 33
1697722820.386667, 33
1697722820.403563, 32
1697722820.420874, 33
1697722820.437642, 33
1697722820.454152, 33
1697722820.471126, 32
1697722820.487674, 34
1697722820.504122, 34
1697722820.521174, 33
1697722820.537841, 33
1697722820.554403, 33
1697722820.571773, 34
1697722820.588717, 34
1697722820.605353, 34
1697722820.622328, 33
1697722820.639136, 34
1697722820.657003, 35
1697722820.674242, 34
1697722820.691054, 34
1697722820.708494, 34
1697722820.725196, 34
1697722820.742149, 35
1697722820.759131, 36
1697722820.775872, 36
1697722820.792657, 35
1697722820.809723, 35
1697722820.826675, 36
1697722820.843449, 35
1697722820.860605, 36
1697722820.877431, 36
1697722820.894350, 36
1697722820.911292, 35
1697722820.928381, 36
1697722820.945049, 35
1697722820.962572, 37
1697722820.979356, 37
1697722820.995960, 37
1697722821.012897, 36
1697722821.029795, 37
1697722821.046494, 37
1697722821.063688, 36
1697722821.080831, 36
1697722821.097338, 36
1697722821.113993, 36
1697722821.130596, 37
1697722821.147900, 37
1697722821.165134, 37
1697722821.181926, 38
1697722821.199265, 38
1697722821.216487, 38
1697722821.233163, 38
1697722821.250492, 39
1697722821.267325, 38
1697722821.284113, 37
1697722821.301231, 38
1697722821.318189, 38
1697722821.335330, 38
1697722821.352383, 38
1697722821.369105, 38
1697722821.385677, 38
1697722821.402670, 38
1697722821.419263, 39
1697722821.435962, 38
1697722821.452833, 40
1697722821.469723, 39
1697722821.486576, 39
1697722821.503541, 38
1697722821.520167, 39
1697722821.536671, 39
1697722821.553971, 39
1697722821.570521, 39
1697722821.587302, 39
1697722821.604132, 39
1697722821.620840, 39
1697722821.637383, 40
1697722821.654129, 39
1697722821.671021, 41
1697722821.687893, 40
1697722821.704848, 40
1697722821.721593, 39
1697722821.738668, 40
1697722821.755588, 40
1697722821.772203, 39
1697722821.789062, 39
1697722821.805999, 40
1697722821.822537, 40
1697722821.839388, 41
1697722821.856136, 41
1697722821.872865, 40
1697722821.889620, 42
1697722821.906337, 41
1697722821.922966, 41
1697722821.939862, 40
1697722821.956580, 41
1697722821.973323, 41
1697722821.990220, 41
1697722822.006610, 41
1697722822.024933, 41
1697722822.041782, 42
1697722822.058576, 42
1697722822.075122, 42
1697722822.091890, 41
1697722822.108661, 42
1697722822.125152, 43
1697722822.141958, 42
1697722822.158794, 40
1697722822.175503, 41
1697722822.192122, 42
1697722822.208853, 41
1697722822.225368, 42
1697722822.242376, 41
1697722822.259049, 44
1697722822.276561, 43
1697722822.293492, 43
1697722822.310505, 42
1697722822.327227, 43
1697722822.344195, 44
1697722822.361686, 43
1697722822.378426, 43
1697722822.395046, 43
1697722822.411971, 43
1697722822.428684, 42
1697722822.445867, 43
1697722822.462954, 42
1697722822.479871, 44
1697722822.496497, 44
1697722822.513337, 44
1697722822.530016, 45
1697722822.546759, 44
1697722822.563475, 44
1697722822.580095, 45
1697722822.596804, 43
1697722822.613875, 44
1697722822.630676, 44
1697722822.647624, 43
1697722822.665184, 44
1697722822.681982, 44
1697722822.699322, 44
1697722822.716313, 44
1697722822.733078, 45
1697722822.750397, 46
1697722822.767247, 45
1697722822.784072, 45
1697722822.801374, 45
1697722822.818521, 45
1697722822.835164, 45
1697722822.852540, 45
1697722822.869377, 45
1697722822.886039, 45
1697722822.903255, 45
1697722822.920169, 44
1697722822.936934, 44
1697722822.953578, 45
1697722822.970374, 46
1697722822.987377, 46
1697722823.004827, 46
1697722823.021631, 46
1697722823.038773, 46
1697722823.055918, 46
1697722823.072792, 46
1697722823.089530, 46
1697722823.106424, 46
1697722823.123212, 46
1697722823.139902, 44
1697722823.157100, 45
1697722823.173951, 46
1697722823.190801, 47
1697722823.208080, 47
1697722823.224904, 47
1697722823.241792, 47
1697722823.259027, 46
1697722823.276168, 47
1697722823.293380, 47
1697722823.310232, 47
1697722823.327186, 47
1697722823.344122, 46
1697722823.361014, 46
1697722823.377647, 46
1697722823.394482, 46
1697722823.411509, 47
1697722823.428289, 48
1697722823.445250, 48
1697722823.461911, 49
1697722823.478513, 48
1697722823.495377, 48
1697722823.512241, 48
1697722823.528695, 46
1697722823.545822, 46
1697722823.562582, 47
1697722823.579572, 48
1697722823.596820, 48
1697722823.613694, 48
1697722823.630287, 47
1697722823.646982, 49
1697722823.663797, 49
1697722823.681046, 48
1697722823.698034, 49
1697722823.714830, 49
1697722823.732333, 50
1697722823.749019, 49
1697722823.765982, 48
1697722823.782911, 48
1697722823.799755, 47
1697722823.816198, 49
1697722823.833228, 48
1697722823.850032, 49
1697722823.866699, 49
1697722823.883209, 50
1697722823.899936, 49
1697722823.916591, 50
1697722823.933641, 50
1697722823.950538, 51
1697722823.967373, 49
1697722823.984418, 50
1697722824.001068, 49
1697722824.017579, 49
1697722824.034787, 49
1697722824.051629, 50
1697722824.068800, 49
1697722824.085519, 50
1697722824.102215, 50
1697722824.119303, 49
1697722824.136084, 50
1697722824.152749, 51
1697722824.170124, 50
1697722824.186863, 51
1697722824.203712, 51
1697722824.220537, 52
1697722824.237116, 51
1697722824.253861, 50
1697722824.271241, 50
1697722824.288101, 50
1697722824.305244, 50
1697722824.322368, 51
1697722824.339200, 50
1697722824.355887, 51
1697722824.373056, 51
1697722824.390032, 51
1697722824.406987, 52
1697722824.424233, 52
1697722824.441224, 52
1697722824.457832, 52
1697722824.474676, 52
1697722824.491526, 51
1697722824.508336, 51
1697722824.525543, 51
1697722824.542457, 52
1697722824.559400, 51
1697722824.576397, 51
1697722824.593014, 52
1697722824.609795, 51
1697722824.626524, 53
1697722824.643210, 53
1697722824.659857, 52
1697722824.676735, 53
1697722824.693603, 53
1697722824.710607, 53
1697722824.727492, 53
1697722824.744062, 52
1697722824.761399, 52
1697722824.778141, 51
1697722824.795160, 52
1697722824.814043, 52
1697722824.831121, 52
1697722824.847948, 52
1697722824.865279, 54
1697722824.882029, 54
1697722824.898844, 54
1697722824.915576, 54
1697722824.932282, 53
1697722824.949141, 54
1697722824.966133, 53
1697722824.982800, 53
1697722824.999443, 53
1697722825.016842, 53
1697722825.033703, 52
1697722825.051150, 53
1697722825.068381, 54
1697722825.085268, 54
1697722825.102442, 53
1697722825.119901, 53
1697722825.136650, 55
1697722825.154457, 54
1697722825.171511, 54
1697722825.188169, 55
1697722825.205201, 54
1697722825.221812, 54
1697722825.238636, 54
1697722825.255892, 54
1697722825.272878, 54
1697722825.289692, 54
1697722825.306315, 53
1697722825.323138, 54
1697722825.339811, 55
1697722825.358472, 55
1697722825.375333, 54
1697722825.392060, 54
1697722825.409003, 56
1697722825.425643, 55
1697722825.442410, 55
1697722825.459636, 56
1697722825.476417, 56
1697722825.493163, 56
1697722825.510112, 55
1697722825.526849, 54
1697722825.543521, 55
1697722825.560469, 55
1697722825.577370, 55
1697722825.594062, 55
1697722825.611314, 56
1697722825.628276, 57
1697722825.645423, 56
1697722825.662604, 55
1697722825.679718, 57
1697722825.697149, 57
1697722825.713894, 56
1697722825.730684, 57
1697722825.747924, 56
1697722825.765216, 56
1697722825.782026, 56
1697722825.799171, 56
1697722825.815920, 56
1697722825.832725, 55
1697722825.850007, 55
1697722825.867016, 56
1697722825.883923, 57
1697722825.900588, 56
1697722825.917012, 57
1697722825.933640, 58
1697722825.950140, 58
1697722825.966937, 57
1697722825.983707, 57
1697722826.000164, 58
1697722826.016721, 57
1697722826.033620, 56
1697722826.050472, 57
1697722826.067353, 57
1697722826.083908, 56
1697722826.100707, 57
1697722826.117308, 57
1697722826.135850, 57
1697722826.152605, 58
1697722826.169293, 58
1697722826.186631, 57
1697722826.203595, 58
1697722826.220195, 59
1697722826.237120, 58
1697722826.253743, 58
1697722826.270803, 59
1697722826.288068, 57
1697722826.304910, 56
1697722826.321716, 58
1697722826.338834, 57
1697722826.355330, 57
1697722826.372037, 58
1697722826.389230, 58
1697722826.405652, 58
1697722826.422167, 59
1697722826.439090, 59
1697722826.455821, 58
1697722826.473119, 58
1697722826.489933, 59
1697722826.506458, 58
1697722826.523126, 59
1697722826.540110, 58
1697722826.556777, 58
1697722826.573800, 58
1697722826.590486, 59
1697722826.606854, 59
1697722826.623846, 59
1697722826.640412, 59
1697722826.657081, 60
1697722826.673874, 60
1697722826.690641, 60
1697722826.707660, 59
1697722826.724853, 59
1697722826.741868, 60
1697722826.759212, 60
1697722826.775881, 60
1697722826.792785, 60
1697722826.810701, 59
1697722826.827635, 60
1697722826.844614, 59
1697722826.861915, 60
1697722826.878658, 60
1697722826.895283, 59
1697722826.912496, 60
1697722826.929413, 60
1697722826.946365, 59
1697722826.963535, 60
1697722826.980319, 60
1697722826.997026, 59
1697722827.014135, 60
1697722827.031020, 60
1697722827.047646, 60
1697722827.064685, 59
1697722827.081467, 60
1697722827.098272, 60
1697722827.115659, 59
1697722827.132377, 59
1697722827.149422, 60
1697722827.166553, 60
1697722827.183261, 60
1697722827.200086, 60
1697722827.217109, 59
1697722827.233790, 60
1697722827.251241, 60
1697722827.268041, 59
1697722827.285128, 59
1697722827.302039, 60
1697722827.318728, 59
1697722827.335798, 59
1697722827.353255, 59
1697722827.369755, 59
1697722827.386439, 59
1697722827.403376, 58
1697722827.420023, 59
1697722827.438101, 56
1697722827.455396, 49
1697722827.472501, 43
1697722827.489870, 35
1697722827.506490, 29
1697722827.523043, 25
1697722827.540054, 27
1697722827.557083, 27
1697722827.574086, 27
1697722827.591135, 28
1697722827.608192, 27
1697722827.624962, 28
1697722827.641674, 27
1697722827.658722, 27
1697722827.675504, 28
1697722827.692610, 29
1697722827.710047, 28
1697722827.726607, 27
1697722827.743830, 27
1697722827.760678, 28
1697722827.777799, 29
1697722827.794963, 29
1697722827.811765, 29
1697722827.828672, 27
1697722827.845282, 28
1697722827.862182, 30
1697722827.879120, 29
1697722827.896653, 29
1697722827.913892, 29
1697722827.931361, 29
1697722827.948241, 30
1697722827.965032, 30
1697722827.982191, 29
1697722827.999061, 30
1697722828.015505, 30
1697722828.032504, 30
1697722828.049102, 29
1697722828.066061, 29
1697722828.082906, 30
1697722828.099651, 30
1697722828.116360, 31
1697722828.133386, 31
1697722828.150194, 31
1697722828.166832, 31
1697722828.183971, 31
1697722828.201055, 30
1697722828.217979, 31
1697722828.235423, 32
1697722828.252120, 32
1697722828.268527, 31
1697722828.285671, 32
1697722828.302490, 32
1697722828.319684, 32
1697722828.337026, 32
1697722828.353675, 32
1697722828.370813, 31
1697722828.388133, 31
1697722828.405004, 33
1697722828.422359, 32
1697722828.438911, 32
1697722828.455403, 33
1697722828.472498, 33
1697722828.489135, 33
1697722828.506007, 33
1697722828.523202, 32
1697722828.540171, 33
1697722828.556983, 33
1697722828.574537, 34
1697722828.591432, 33
1697722828.608115, 34
1697722828.624615, 35
1697722828.641356, 34
1697722828.658223, 33
1697722828.675176, 34
1697722828.692352, 35
1697722828.709580, 34
1697722828.726752, 34
1697722828.743595, 33
1697722828.760947, 34
1697722828.777738, 35
1697722828.794500, 35
1697722828.811575, 34
1697722828.828597, 35
1697722828.845533, 34
1697722828.862695, 34
1697722828.879289, 35
1697722828.895840, 35
1697722828.912766, 34
1697722828.929734, 35
1697722828.946361, 35
1697722828.963045, 36
1697722828.979899, 35
1697722828.996516, 36
1697722829.013160, 35
1697722829.029915, 34
1697722829.046968, 35
1697722829.063796, 36
1697722829.080310, 35
1697722829.097645, 36
1697722829.114429, 36
1697722829.131454, 35
1697722829.148552, 35
1697722829.165558, 37
1697722829.182127, 36
1697722829.199346, 37
1697722829.216348, 37
1697722829.233171, 37
1697722829.249713, 36
1697722829.266264, 37
1697722829.282804, 37
1697722829.299906, 36
1697722829.316744, 37
1697722829.333493, 37
1697722829.350562, 36
1697722829.367278, 37
1697722829.383837, 38
1697722829.401084, 38
1697722829.417966, 38
1697722829.434605, 38
1697722829.451201, 38
1697722829.467872, 38
1697722829.484995, 38
1697722829.501982, 38
1697722829.519136, 38
1697722829.536386, 38
1697722829.553326, 38
1697722829.570049, 38
1697722829.587144, 38
1697722829.603920, 39
1697722829.620568, 38
1697722829.637682, 39
1697722829.654521, 39
1697722829.671445, 39
1697722829.688581, 39
1697722829.705367, 39
1697722829.722311, 38
1697722829.739567, 39
1697722829.756317, 39
1697722829.773032, 38
1697722829.789546, 39
1697722829.806137, 40
1697722829.823216, 40
1697722829.839951, 40
1697722829.856739, 39
1697722829.874182, 39
1697722829.890934, 39
1697722829.907746, 40
1697722829.924662, 40
1697722829.941259, 39
1697722829.957788, 40
1697722829.974277, 40
1697722829.990928, 39
1697722830.007297, 40
1697722830.024076, 41
1697722830.040833, 40
1697722830.057293, 41
1697722830.074388, 41
1697722830.090866, 41
1697722830.107398, 41
1697722830.124359, 41
1697722830.141043, 41
1697722830.158204, 40
1697722830.175318, 41
1697722830.192220, 41
1697722830.208838, 40
1697722830.225512, 41
1697722830.242315, 42
1697722830.259114, 42
1697722830.275658, 42
1697722830.292553, 42
1697722830.309401, 42
1697722830.325904, 42
1697722830.342494, 42
1697722830.359512, 42
1697722830.376407, 41
1697722830.393017, 41
1697722830.409433, 42
1697722830.425849, 42
1697722830.442294, 42
1697722830.458904, 43
1697722830.475230, 43
1697722830.491671, 42
1697722830.508657, 43
1697722830.525206, 43
1697722830.541856, 42
1697722830.558385, 42
1697722830.575318, 42
1697722830.592365, 43
1697722830.608847, 42
1697722830.625214, 42
1697722830.642316, 42
1697722830.659181, 43
1697722830.675930, 43
1697722830.692571, 44
1697722830.709337, 44
1697722830.726000, 44
1697722830.742551, 44
1697722830.759301, 44
1697722830.775770, 44
1697722830.792340, 44
1697722830.808839, 44
1697722830.825461, 44
1697722830.842445, 44
1697722830.858814, 44
1697722830.875573, 45
1697722830.892368, 44
1697722830.908546, 44
1697722830.925642, 45
1697722830.942024, 45
1697722830.958620, 45
1697722830.975132, 45
1697722830.991737, 45
1697722831.008176, 45
1697722831.024695, 45
1697722831.041163, 44
1697722831.057443, 45
1697722831.074294, 45
1697722831.090798, 45
1697722831.107339, 45
1697722831.124494, 45
1697722831.140865, 46
1697722831.157259, 45
1697722831.173735, 46
1697722831.190252, 46
1697722831.207347, 45
1697722831.223761, 46
1697722831.240280, 46
1697722831.256805, 46
1697722831.273438, 46
1697722831.290023, 46
1697722831.306434, 46
1697722831.322890, 46
1697722831.339628, 46
1697722831.357426, 46
1697722831.374117, 45
1697722831.390743, 46
1697722831.407920, 45
1697722831.424459, 46
1697722831.441060, 47
1697722831.457838, 47
1697722831.475006, 46
1697722831.492174, 47
1697722831.508694, 47
1697722831.525630, 46
1697722831.542761, 47
1697722831.559686, 47
1697722831.576512, 48
1697722831.593584, 47
1697722831.610156, 47
1697722831.626961, 48
1697722831.643991, 46
1697722831.660543, 47
1697722831.677005, 48
1697722831.693762, 47
1697722831.710352, 48
1697722831.727048, 48
1697722831.743621, 47
1697722831.760297, 48
1697722831.777299, 48
1697722831.794687, 48
1697722831.811459, 48
1697722831.828601, 48
1697722831.845595, 49
1697722831.862475, 48
1697722831.879789, 48
1697722831.896939, 49
1697722831.913738, 49
1697722831.930569, 49
1697722831.947423, 49
1697722831.964139, 48
1697722831.980933, 49
1697722831.997947, 48
1697722832.014563, 48
1697722832.031220, 49
1697722832.047706, 48
1697722832.064317, 50
1697722832.081405, 49
1697722832.098206, 49
1697722832.114939, 50
1697722832.132245, 49
1697722832.148983, 48
1697722832.166039, 50
1697722832.184023, 49
1697722832.200962, 49
1697722832.217719, 49
1697722832.234900, 49
1697722832.251452, 50
1697722832.268508, 50
1697722832.285229, 50
1697722832.302040, 50
1697722832.319316, 49
1697722832.336370, 51
1697722832.353312, 50
1697722832.370416, 50
1697722832.387379, 51
1697722832.404046, 51
1697722832.420942, 50
1697722832.437702, 51
1697722832.454146, 51
1697722832.470764, 51
1697722832.487385, 51
1697722832.503829, 50
1697722832.521739, 51
1697722832.538587, 51
1697722832.555652, 50
1697722832.572744, 50
1697722832.589491, 50
1697722832.606379, 52
1697722832.623161, 51
1697722832.639984, 51
1697722832.657033, 52
1697722832.673896, 52
1697722832.690815, 51
1697722832.707812, 52
1697722832.724860, 51
1697722832.741541, 52
1697722832.759017, 52
1697722832.775406, 51
1697722832.792481, 52
1697722832.809856, 52
1697722832.826410, 52
1697722832.843410, 52
1697722832.860746, 52
1697722832.877458, 53
1697722832.894993, 52
1697722832.912061, 51
1697722832.928574, 52
1697722832.945703, 52
1697722832.962378, 52
1697722832.979017, 53
1697722832.996018, 52
1697722833.013752, 52
1697722833.030819, 52
1697722833.047841, 52
1697722833.064766, 53
1697722833.081865, 53
1697722833.099328, 53
1697722833.116226, 53
1697722833.132821, 53
1697722833.149859, 54
1697722833.167839, 53
