1697723205.312839, 0
1697723205.329634, 0
1697723205.346623, 0
1697723205.363389, 2
1697723205.380686, 7
1697723205.397549, 6
1697723205.414461, 13
1697723205.431465, 17
1697723205.448303, 19
1697723205.465369, 24
1697723205.482261, 27
1697723205.499320, 31
1697723205.515917, 34
1697723205.533007, 40
1697723205.549934, 44
1697723205.566630, 49
1697723205.583999, 53
1697723205.600621, 59
1697723205.617191, 66
1697723205.634215, 72
1697723205.650934, 75
1697723205.668295, 81
1697723205.685156, 86
1697723205.701905, 91
1697723205.718978, 95
1697723205.735717, 100
1697723205.752534, 105
1697723205.769988, 108
1697723205.787251, 114
1697723205.803960, 119
1697723205.821032, 122
1697723205.838028, 128
1697723205.855475, 130
1697723205.872586, 130
1697723205.889782, 130
1697723205.906557, 130
1697723205.923422, 129
1697723205.940189, 130
1697723205.957731, 130
1697723205.974925, 130
1697723205.992027, 130
1697723206.008489, 130
1697723206.025243, 130
1697723206.042322, 130
1697723206.059412, 130
1697723206.076487, 130
1697723206.093843, 130
1697723206.111511, 129
1697723206.128958, 130
1697723206.145727, 130
1697723206.162836, 129
1697723206.179701, 130
1697723206.196948, 130
1697723206.214210, 130
1697723206.231293, 130
1697723206.248093, 130
1697723206.265214, 130
1697723206.282375, 130
1697723206.299343, 130
1697723206.316913, 130
1697723206.334520, 130
1697723206.351243, 130
1697723206.368284, 130
1697723206.385541, 130
1697723206.403311, 129
1697723206.420609, 130
1697723206.437183, 130
1697723206.453894, 129
1697723206.471157, 129
1697723206.489103, 129
1697723206.506768, 130
1697723206.523926, 130
1697723206.541156, 129
1697723206.557778, 130
1697723206.574697, 129
1697723206.591701, 129
1697723206.608453, 130
1697723206.625070, 129
1697723206.641941, 129
1697723206.659376, 130
1697723206.676237, 129
1697723206.693408, 129
1697723206.710871, 130
1697723206.727648, 130
1697723206.744566, 129
1697723206.761705, 130
1697723206.778690, 130
1697723206.795850, 129
1697723206.812441, 129
1697723206.829150, 130
1697723206.845866, 129
1697723206.863131, 130
1697723206.880275, 130
1697723206.897226, 130
1697723206.914361, 130
1697723206.931199, 130
1697723206.948210, 130
1697723206.965685, 130
1697723206.982274, 126
1697723206.998815, 128
1697723207.015810, 128
1697723207.032512, 130
1697723207.049666, 128
1697723207.066422, 129
1697723207.083482, 129
1697723207.100997, 130
1697723207.118252, 130
1697723207.135114, 129
1697723207.152256, 129
1697723207.168901, 130
1697723207.185761, 130
1697723207.203089, 130
1697723207.219914, 130
1697723207.236726, 129
1697723207.254190, 129
1697723207.271008, 129
1697723207.287760, 130
1697723207.304896, 128
1697723207.322139, 129
1697723207.338840, 129
1697723207.356114, 128
1697723207.372931, 129
1697723207.390353, 128
1697723207.407046, 130
1697723207.423739, 129
1697723207.440759, 129
1697723207.457379, 129
1697723207.474211, 125
1697723207.492584, 125
1697723207.509460, 125
1697723207.526498, 126
1697723207.543754, 126
1697723207.560709, 126
1697723207.577336, 125
1697723207.594677, 126
1697723207.611770, 125
1697723207.628523, 128
1697723207.645717, 129
1697723207.662603, 129
1697723207.679415, 127
1697723207.696429, 127
1697723207.713265, 125
1697723207.729889, 127
1697723207.746602, 128
1697723207.763203, 124
1697723207.780088, 127
1697723207.797289, 122
1697723207.813966, 124
1697723207.831336, 124
1697723207.848288, 125
1697723207.864995, 130
1697723207.882250, 130
1697723207.899023, 130
1697723207.915961, 127
1697723207.933269, 127
1697723207.950408, 126
1697723207.967634, 128
1697723207.984945, 126
1697723208.001742, 127
1697723208.018519, 127
1697723208.036461, 125
1697723208.053339, 124
1697723208.070654, 123
1697723208.087638, 126
1697723208.104410, 130
1697723208.121928, 130
1697723208.138724, 128
1697723208.155744, 128
1697723208.172583, 126
1697723208.189748, 127
1697723208.206537, 129
1697723208.223852, 128
1697723208.240697, 128
1697723208.257194, 126
1697723208.274294, 125
1697723208.291182, 125
1697723208.307886, 126
1697723208.325629, 129
1697723208.342303, 129
1697723208.358953, 129
1697723208.375972, 128
1697723208.393482, 125
1697723208.410351, 120
1697723208.427552, 117
1697723208.444466, 114
1697723208.461724, 111
1697723208.478506, 108
1697723208.495770, 103
1697723208.513237, 97
1697723208.530253, 92
1697723208.547625, 88
1697723208.564433, 84
1697723208.581299, 83
1697723208.598320, 82
1697723208.615679, 83
1697723208.632979, 82
1697723208.649739, 83
1697723208.666820, 83
1697723208.683646, 84
1697723208.700637, 78
1697723208.717822, 71
1697723208.734716, 65
1697723208.751584, 58
1697723208.768988, 51
1697723208.785845, 45
1697723208.802340, 43
1697723208.819086, 43
1697723208.835981, 44
1697723208.852862, 44
1697723208.870039, 44
1697723208.886819, 44
1697723208.903928, 44
1697723208.921221, 43
1697723208.938293, 45
1697723208.955470, 45
1697723208.972150, 45
1697723208.988949, 45
1697723209.006226, 44
1697723209.023150, 45
1697723209.040033, 45
1697723209.057348, 46
1697723209.074197, 45
1697723209.091081, 45
1697723209.108341, 45
1697723209.125175, 45
1697723209.141851, 45
1697723209.159000, 46
1697723209.175864, 46
1697723209.192641, 46
1697723209.209937, 46
1697723209.226694, 46
1697723209.243764, 46
1697723209.261210, 46
1697723209.277906, 46
1697723209.294793, 45
1697723209.311913, 46
1697723209.328673, 46
1697723209.345960, 46
1697723209.362543, 46
1697723209.379438, 47
1697723209.396045, 46
1697723209.412506, 46
1697723209.429084, 47
1697723209.446249, 47
1697723209.462905, 47
1697723209.479639, 47
1697723209.496531, 46
1697723209.513468, 46
1697723209.530091, 46
1697723209.547374, 47
1697723209.563992, 47
1697723209.580819, 47
1697723209.597565, 48
1697723209.614312, 47
1697723209.631315, 47
1697723209.648236, 47
1697723209.665229, 47
1697723209.682490, 48
1697723209.699282, 48
1697723209.715713, 47
1697723209.732903, 48
1697723209.749713, 48
1697723209.766562, 47
1697723209.783979, 48
1697723209.800617, 47
1697723209.817377, 49
1697723209.834543, 48
1697723209.851619, 48
1697723209.868253, 48
1697723209.885993, 48
1697723209.902997, 48
1697723209.920064, 48
1697723209.937085, 48
1697723209.953808, 48
1697723209.971025, 48
1697723209.988153, 48
1697723210.005046, 49
1697723210.022370, 49
1697723210.038873, 49
1697723210.055525, 48
1697723210.072601, 48
1697723210.089588, 49
1697723210.106512, 49
1697723210.123324, 49
1697723210.140186, 50
1697723210.157119, 48
1697723210.174384, 49
1697723210.191127, 50
1697723210.207983, 50
1697723210.224981, 50
1697723210.241831, 50
1697723210.258566, 50
1697723210.275811, 50
1697723210.292629, 50
1697723210.309664, 49
1697723210.326880, 50
1697723210.343677, 51
1697723210.360963, 50
1697723210.378091, 49
1697723210.394942, 50
1697723210.412808, 50
1697723210.430123, 49
1697723210.446942, 49
1697723210.463923, 50
1697723210.480819, 51
1697723210.498019, 52
1697723210.515283, 52
1697723210.532029, 51
1697723210.549129, 52
1697723210.566417, 52
1697723210.583572, 52
1697723210.600219, 52
1697723210.616996, 52
1697723210.633621, 51
1697723210.650299, 50
1697723210.667315, 51
1697723210.683987, 51
1697723210.700528, 52
1697723210.717866, 51
1697723210.734295, 53
1697723210.751445, 52
1697723210.768859, 53
1697723210.785784, 53
1697723210.802622, 52
1697723210.819484, 52
1697723210.836183, 51
1697723210.853049, 51
1697723210.870032, 52
1697723210.886844, 53
1697723210.904223, 52
1697723210.920896, 51
1697723210.937827, 53
1697723210.955007, 53
1697723210.972466, 51
1697723210.989512, 51
1697723211.006343, 53
1697723211.023030, 52
1697723211.039551, 53
1697723211.056671, 52
1697723211.073392, 53
1697723211.090646, 53
1697723211.107385, 53
1697723211.124246, 52
1697723211.141614, 52
1697723211.157892, 54
1697723211.174571, 53
1697723211.191646, 53
1697723211.209270, 54
1697723211.225976, 54
1697723211.242805, 53
1697723211.259480, 53
1697723211.276337, 54
1697723211.293402, 53
1697723211.310123, 54
1697723211.326829, 54
1697723211.343981, 54
1697723211.360707, 54
1697723211.377844, 54
1697723211.395150, 53
1697723211.412706, 54
1697723211.429432, 54
1697723211.446209, 54
1697723211.463061, 54
1697723211.480014, 54
1697723211.497076, 54
1697723211.514198, 54
1697723211.531425, 54
1697723211.548078, 55
1697723211.565028, 54
1697723211.582690, 55
1697723211.599456, 54
1697723211.616099, 54
1697723211.633079, 55
1697723211.649715, 55
1697723211.666536, 55
1697723211.683079, 55
1697723211.699837, 55
1697723211.716410, 55
1697723211.733532, 55
1697723211.750616, 55
1697723211.767484, 56
1697723211.785121, 56
1697723211.801665, 55
1697723211.818493, 56
1697723211.835656, 55
1697723211.852341, 55
1697723211.868697, 55
1697723211.886002, 55
1697723211.902702, 56
1697723211.919753, 56
1697723211.937199, 55
1697723211.953986, 56
1697723211.971672, 56
1697723211.988797, 56
1697723212.005941, 54
1697723212.023106, 56
1697723212.039771, 56
1697723212.056517, 56
1697723212.073434, 57
1697723212.090519, 57
1697723212.107274, 56
1697723212.124570, 55
1697723212.141331, 57
1697723212.158202, 56
1697723212.175421, 57
1697723212.192381, 57
1697723212.209369, 56
1697723212.226777, 56
1697723212.243524, 57
1697723212.260575, 57
1697723212.277917, 56
1697723212.294649, 57
1697723212.311460, 57
1697723212.328734, 57
1697723212.345684, 58
1697723212.362804, 58
1697723212.379903, 58
1697723212.396770, 56
1697723212.414222, 57
1697723212.431110, 57
1697723212.447818, 57
1697723212.464982, 58
1697723212.482156, 57
1697723212.499239, 58
1697723212.516667, 58
1697723212.533822, 58
1697723212.550609, 56
1697723212.567742, 58
1697723212.584490, 58
1697723212.601266, 57
1697723212.618964, 58
1697723212.636450, 59
1697723212.653003, 58
1697723212.670628, 59
1697723212.687375, 59
1697723212.704231, 59
1697723212.721051, 58
1697723212.738166, 59
1697723212.755311, 58
1697723212.772761, 58
1697723212.789433, 59
1697723212.806208, 59
1697723212.823353, 57
1697723212.840607, 59
1697723212.858064, 59
1697723212.874973, 59
1697723212.891868, 59
1697723212.909892, 59
1697723212.926979, 59
1697723212.944192, 59
1697723212.961506, 60
1697723212.978175, 59
1697723212.995254, 60
1697723213.012056, 60
1697723213.028883, 60
1697723213.045767, 58
1697723213.063099, 59
1697723213.080030, 60
1697723213.096941, 60
1697723213.114214, 60
1697723213.131468, 60
1697723213.148541, 59
1697723213.165403, 60
1697723213.182461, 59
1697723213.199023, 59
1697723213.216125, 60
1697723213.233374, 60
1697723213.250063, 60
1697723213.267249, 61
1697723213.284003, 60
1697723213.300441, 60
1697723213.317379, 61
1697723213.333948, 60
1697723213.350234, 61
1697723213.366997, 60
1697723213.383693, 61
1697723213.400769, 61
1697723213.418159, 60
1697723213.435391, 61
1697723213.452672, 61
1697723213.469593, 60
1697723213.486177, 61
1697723213.503077, 61
1697723213.519968, 60
1697723213.536629, 60
1697723213.553989, 60
1697723213.571019, 62
1697723213.588284, 62
1697723213.605083, 62
1697723213.621988, 62
1697723213.639051, 61
1697723213.655881, 61
1697723213.672580, 61
1697723213.689483, 61
1697723213.706380, 62
1697723213.722975, 62
1697723213.740252, 61
1697723213.757294, 61
1697723213.774406, 62
1697723213.791598, 62
1697723213.808507, 62
1697723213.825351, 62
1697723213.842515, 62
1697723213.859449, 62
1697723213.876404, 62
1697723213.893518, 63
1697723213.910800, 63
1697723213.927647, 62
1697723213.945105, 62
1697723213.961763, 63
1697723213.979371, 63
1697723213.996357, 63
1697723214.013108, 62
1697723214.030918, 63
1697723214.048068, 63
1697723214.064740, 62
1697723214.081964, 62
1697723214.098986, 63
1697723214.116191, 62
1697723214.134028, 62
1697723214.150948, 63
1697723214.168381, 63
1697723214.185496, 63
1697723214.202255, 63
1697723214.219032, 64
1697723214.236749, 63
1697723214.253485, 64
1697723214.270239, 64
1697723214.287277, 64
1697723214.304209, 64
1697723214.321145, 63
1697723214.338524, 64
1697723214.355942, 64
1697723214.372632, 64
1697723214.389988, 63
1697723214.406639, 63
1697723214.423515, 64
1697723214.441115, 63
1697723214.457604, 64
1697723214.475032, 63
1697723214.492318, 64
1697723214.509091, 64
1697723214.526359, 64
1697723214.543238, 64
1697723214.559926, 64
1697723214.577458, 64
1697723214.594146, 64
1697723214.611176, 64
1697723214.627941, 65
1697723214.645253, 65
1697723214.661814, 65
1697723214.678757, 65
1697723214.695384, 65
1697723214.712177, 64
1697723214.729682, 65
1697723214.746466, 65
1697723214.763387, 65
1697723214.780805, 65
1697723214.797388, 65
1697723214.814225, 64
1697723214.831631, 64
1697723214.848279, 65
1697723214.864953, 65
1697723214.881945, 65
1697723214.898801, 65
1697723214.916548, 66
1697723214.933911, 66
1697723214.950795, 66
1697723214.967827, 66
1697723214.984731, 66
1697723215.001826, 65
1697723215.019327, 66
1697723215.036267, 66
1697723215.053213, 65
1697723215.070118, 65
1697723215.087065, 66
1697723215.103840, 66
1697723215.121055, 66
1697723215.137848, 66
1697723215.154486, 66
1697723215.171636, 66
1697723215.188408, 66
1697723215.204975, 66
1697723215.222229, 66
1697723215.239267, 66
1697723215.255595, 66
1697723215.272559, 66
1697723215.289114, 67
1697723215.306364, 67
1697723215.323469, 66
1697723215.340349, 66
1697723215.357424, 66
1697723215.374364, 66
1697723215.391062, 67
1697723215.407933, 67
1697723215.424663, 67
1697723215.441456, 67
1697723215.458459, 67
1697723215.475346, 67
1697723215.492147, 67
1697723215.509174, 67
1697723215.526014, 66
1697723215.542742, 67
1697723215.559425, 67
1697723215.576072, 68
1697723215.592961, 68
1697723215.609843, 68
1697723215.627007, 67
1697723215.644241, 67
1697723215.661358, 68
1697723215.678310, 68
1697723215.695353, 68
1697723215.712402, 68
1697723215.729758, 68
1697723215.746577, 68
1697723215.763696, 69
1697723215.780434, 68
1697723215.797575, 68
1697723215.814538, 68
1697723215.831471, 68
1697723215.848437, 68
1697723215.865276, 69
1697723215.882233, 68
1697723215.899228, 68
1697723215.915869, 68
1697723215.932377, 68
1697723215.949492, 68
1697723215.966524, 68
1697723215.983273, 68
1697723216.000564, 69
1697723216.017334, 69
1697723216.034633, 68
1697723216.051598, 68
1697723216.068614, 68
1697723216.085433, 68
1697723216.102366, 69
1697723216.118977, 69
1697723216.136043, 69
1697723216.153012, 68
1697723216.169889, 68
1697723216.186999, 69
1697723216.204007, 70
1697723216.220859, 70
1697723216.238037, 70
1697723216.254971, 70
1697723216.271505, 70
1697723216.288231, 71
1697723216.305140, 70
1697723216.321842, 71
1697723216.339261, 71
1697723216.356316, 71
1697723216.373135, 70
1697723216.390188, 70
1697723216.406941, 69
1697723216.423695, 70
1697723216.440896, 70
1697723216.457618, 69
1697723216.474176, 70
1697723216.491446, 71
1697723216.508370, 71
1697723216.525053, 71
1697723216.541757, 71
1697723216.558278, 70
1697723216.575691, 71
1697723216.592378, 71
1697723216.609053, 71
1697723216.626209, 72
1697723216.643049, 71
1697723216.659422, 71
1697723216.676007, 71
1697723216.692848, 70
1697723216.709438, 71
1697723216.726307, 71
1697723216.743060, 71
1697723216.759598, 71
1697723216.776554, 71
1697723216.793359, 71
1697723216.809744, 72
1697723216.827026, 72
1697723216.844022, 72
1697723216.860401, 72
1697723216.877264, 72
1697723216.894033, 73
1697723216.910942, 72
1697723216.927581, 72
1697723216.944375, 73
1697723216.961775, 71
1697723216.978756, 71
1697723216.995743, 71
1697723217.013320, 71
1697723217.030171, 71
1697723217.046988, 71
1697723217.063951, 71
1697723217.080763, 73
1697723217.097510, 73
1697723217.114925, 72
1697723217.132020, 72
1697723217.148854, 72
1697723217.166043, 73
1697723217.183120, 72
1697723217.199949, 73
1697723217.217429, 74
1697723217.234350, 73
1697723217.251222, 72
1697723217.268481, 73
1697723217.284879, 73
1697723217.302322, 72
1697723217.319164, 72
1697723217.336209, 72
1697723217.353358, 72
1697723217.370075, 73
1697723217.386621, 73
1697723217.403259, 74
1697723217.420362, 74
1697723217.437179, 74
1697723217.454159, 74
1697723217.470830, 74
1697723217.487421, 73
1697723217.504907, 73
1697723217.521837, 74
1697723217.538680, 73
1697723217.555625, 73
1697723217.572499, 73
1697723217.589108, 73
1697723217.606152, 73
1697723217.622771, 72
1697723217.639758, 72
1697723217.656475, 74
1697723217.673006, 74
1697723217.689985, 74
1697723217.706996, 75
1697723217.723958, 74
1697723217.741917, 74
1697723217.759096, 75
1697723217.776040, 75
1697723217.792564, 75
1697723217.809167, 75
1697723217.826065, 74
1697723217.843132, 74
1697723217.860637, 74
1697723217.877325, 74
1697723217.894462, 74
1697723217.911226, 74
1697723217.928373, 74
1697723217.945263, 73
1697723217.962123, 73
1697723217.978549, 76
1697723217.995345, 75
1697723218.012357, 75
1697723218.029027, 76
1697723218.046166, 76
1697723218.062748, 75
1697723218.079682, 75
1697723218.096941, 75
1697723218.113686, 75
1697723218.130740, 75
1697723218.147753, 75
1697723218.164767, 73
1697723218.182249, 74
1697723218.199073, 75
1697723218.215950, 74
1697723218.233127, 75
1697723218.250276, 75
1697723218.267118, 75
1697723218.283998, 76
1697723218.300431, 76
1697723218.317123, 75
1697723218.334294, 76
1697723218.351201, 77
1697723218.368106, 77
1697723218.385530, 76
1697723218.402132, 76
1697723218.418604, 77
1697723218.435324, 76
1697723218.452322, 75
1697723218.469158, 76
1697723218.485938, 75
1697723218.502781, 75
1697723218.519530, 76
1697723218.536757, 76
1697723218.553603, 75
1697723218.570959, 77
1697723218.587647, 76
1697723218.604397, 77
1697723218.621835, 77
1697723218.639400, 77
1697723218.656777, 77
1697723218.673846, 77
1697723218.691361, 77
1697723218.708145, 76
1697723218.725118, 76
1697723218.741939, 77
1697723218.758743, 76
1697723218.775908, 76
1697723218.792770, 77
1697723218.809306, 77
1697723218.826483, 76
1697723218.843405, 77
1697723218.860148, 76
1697723218.877628, 77
1697723218.894528, 78
1697723218.911332, 78
1697723218.928464, 76
1697723218.945568, 78
1697723218.963369, 78
1697723218.980619, 77
1697723218.997665, 77
1697723219.014715, 77
1697723219.031488, 78
1697723219.048295, 79
1697723219.065718, 78
1697723219.082519, 77
1697723219.099515, 78
1697723219.116919, 78
1697723219.133745, 78
1697723219.150558, 78
1697723219.167266, 79
1697723219.184425, 80
1697723219.201304, 77
1697723219.217977, 77
1697723219.235054, 78
1697723219.251932, 78
1697723219.268519, 78
1697723219.285470, 79
1697723219.302361, 79
1697723219.319140, 79
1697723219.335783, 79
1697723219.352562, 78
1697723219.369935, 78
1697723219.387000, 78
1697723219.403992, 78
1697723219.421242, 78
1697723219.438148, 78
1697723219.455312, 77
1697723219.472404, 77
1697723219.489207, 77
1697723219.505527, 78
1697723219.522427, 79
1697723219.539356, 79
1697723219.556587, 80
1697723219.573584, 79
1697723219.590802, 79
1697723219.608172, 80
1697723219.625189, 79
1697723219.642658, 79
1697723219.659772, 80
1697723219.677001, 79
1697723219.693976, 78
1697723219.710932, 79
1697723219.728066, 78
1697723219.745316, 78
1697723219.762120, 79
1697723219.779108, 79
1697723219.796535, 78
1697723219.813162, 79
1697723219.830109, 79
1697723219.846987, 80
1697723219.864537, 80
1697723219.881522, 80
1697723219.898341, 79
1697723219.915257, 80
1697723219.932611, 81
1697723219.949262, 80
1697723219.967147, 79
1697723219.983837, 81
1697723220.000340, 80
1697723220.017472, 79
1697723220.034120, 80
1697723220.051179, 80
1697723220.068414, 80
1697723220.085469, 80
1697723220.103040, 80
1697723220.120111, 81
1697723220.136829, 81
1697723220.153564, 81
1697723220.170662, 80
1697723220.187596, 81
1697723220.204702, 81
1697723220.221645, 81
1697723220.238589, 81
1697723220.255847, 81
1697723220.272755, 81
1697723220.289491, 80
1697723220.306987, 80
1697723220.324156, 80
1697723220.340971, 80
1697723220.358077, 81
1697723220.374959, 80
1697723220.392296, 81
1697723220.409530, 80
1697723220.426425, 81
1697723220.443208, 81
1697723220.460269, 80
1697723220.477037, 81
1697723220.493780, 82
1697723220.510575, 81
1697723220.528472, 82
1697723220.545324, 82
1697723220.562501, 81
1697723220.579282, 81
1697723220.595780, 82
1697723220.613020, 81
1697723220.629786, 81
1697723220.646537, 81
1697723220.663710, 80
1697723220.680667, 81
1697723220.697882, 81
1697723220.715181, 81
1697723220.731822, 81
1697723220.749049, 83
1697723220.765458, 83
1697723220.781909, 82
1697723220.798986, 82
1697723220.816129, 83
1697723220.833916, 82
1697723220.851352, 82
1697723220.868344, 83
1697723220.885736, 83
1697723220.902712, 83
1697723220.920043, 83
1697723220.936988, 82
1697723220.954364, 82
1697723220.971442, 82
1697723220.988391, 81
1697723221.005883, 82
1697723221.022535, 81
1697723221.039171, 82
1697723221.056577, 82
1697723221.073425, 83
1697723221.090695, 83
1697723221.107647, 82
1697723221.124724, 83
1697723221.141793, 83
1697723221.158571, 83
1697723221.175380, 84
1697723221.192606, 84
1697723221.209485, 83
1697723221.226456, 84
1697723221.243768, 84
1697723221.260986, 82
1697723221.278195, 83
1697723221.295538, 83
1697723221.312389, 83
1697723221.329548, 82
1697723221.346221, 83
1697723221.363395, 83
1697723221.380295, 82
1697723221.397265, 84
1697723221.414206, 84
1697723221.431528, 83
1697723221.448631, 83
1697723221.465472, 84
1697723221.482214, 83
1697723221.499472, 84
1697723221.516742, 84
1697723221.533926, 83
1697723221.551195, 84
1697723221.568253, 84
1697723221.585243, 84
1697723221.602153, 84
1697723221.619887, 84
1697723221.636820, 83
1697723221.653566, 83
1697723221.670779, 84
1697723221.687690, 84
1697723221.704373, 83
1697723221.721513, 85
1697723221.738576, 85
1697723221.755624, 85
1697723221.772760, 85
1697723221.789699, 85
1697723221.806402, 84
1697723221.823111, 84
1697723221.842324, 85
1697723221.859879, 84
1697723221.877167, 85
1697723221.894034, 85
1697723221.910606, 84
1697723221.927450, 84
1697723221.944627, 84
1697723221.961802, 84
1697723221.978723, 84
1697723221.995525, 84
1697723222.012770, 85
1697723222.030594, 86
1697723222.047752, 86
1697723222.064686, 86
1697723222.081742, 85
1697723222.098317, 86
1697723222.116471, 86
1697723222.133549, 85
1697723222.150315, 85
1697723222.167138, 85
1697723222.183774, 86
1697723222.200296, 86
1697723222.217753, 86
1697723222.234759, 85
1697723222.251611, 85
1697723222.268493, 85
1697723222.285414, 85
1697723222.301888, 84
1697723222.318923, 84
1697723222.335483, 85
1697723222.352190, 84
1697723222.369051, 86
1697723222.385876, 86
1697723222.402361, 85
1697723222.419301, 86
1697723222.436173, 86
1697723222.453272, 87
1697723222.470555, 86
1697723222.487309, 87
1697723222.504388, 87
1697723222.521172, 86
1697723222.538230, 87
1697723222.555640, 87
1697723222.572291, 85
1697723222.589527, 86
1697723222.606824, 86
1697723222.624728, 85
1697723222.641351, 86
1697723222.658355, 86
1697723222.675289, 85
1697723222.692842, 86
1697723222.709684, 86
1697723222.726839, 87
1697723222.743406, 87
1697723222.760458, 87
1697723222.777150, 87
1697723222.794349, 87
1697723222.810969, 87
1697723222.827813, 87
1697723222.844919, 86
1697723222.861786, 87
1697723222.878412, 87
1697723222.895300, 86
1697723222.911951, 87
1697723222.928985, 87
1697723222.946032, 87
1697723222.963135, 85
1697723222.979838, 86
1697723222.996801, 87
1697723223.013402, 86
1697723223.030143, 88
1697723223.047197, 88
1697723223.064296, 88
1697723223.081288, 87
1697723223.098488, 87
1697723223.115405, 88
1697723223.133297, 88
1697723223.150375, 87
1697723223.167549, 87
1697723223.184833, 88
1697723223.201760, 88
1697723223.218513, 88
1697723223.235579, 86
1697723223.252517, 86
1697723223.269514, 86
1697723223.286491, 87
1697723223.303641, 87
1697723223.321119, 87
1697723223.338110, 87
1697723223.354918, 89
1697723223.371709, 89
1697723223.389844, 88
1697723223.406988, 89
1697723223.423923, 89
1697723223.441821, 88
1697723223.458975, 89
1697723223.475991, 89
1697723223.493047, 89
1697723223.509977, 89
1697723223.527100, 88
1697723223.544555, 88
1697723223.561448, 88
1697723223.578110, 88
1697723223.595257, 88
1697723223.612098, 88
1697723223.629257, 87
1697723223.646598, 88
1697723223.663855, 89
1697723223.681054, 88
1697723223.698214, 88
1697723223.715557, 89
1697723223.732713, 89
1697723223.749673, 89
1697723223.766580, 88
1697723223.783917, 90
1697723223.800848, 90
1697723223.817589, 90
1697723223.834782, 89
1697723223.851868, 90
1697723223.868690, 90
1697723223.885773, 89
1697723223.903234, 89
1697723223.920117, 89
1697723223.937651, 88
1697723223.954847, 89
1697723223.971713, 89
1697723223.988801, 89
1697723224.005553, 89
1697723224.022391, 90
1697723224.039424, 89
1697723224.056646, 90
1697723224.073223, 90
1697723224.090859, 90
1697723224.108317, 90
1697723224.125234, 90
1697723224.142625, 90
1697723224.159592, 91
1697723224.176215, 90
1697723224.193381, 90
1697723224.210360, 90
1697723224.227318, 90
1697723224.244174, 90
1697723224.261169, 90
1697723224.278097, 90
1697723224.295048, 90
1697723224.311847, 89
1697723224.329167, 90
1697723224.345803, 89
1697723224.362497, 91
1697723224.379871, 90
1697723224.397059, 90
1697723224.414113, 90
1697723224.431120, 90
1697723224.448021, 91
1697723224.465016, 91
1697723224.482089, 92
1697723224.498813, 91
1697723224.515676, 91
1697723224.532785, 91
1697723224.549417, 91
1697723224.566141, 90
1697723224.583369, 90
1697723224.600156, 89
1697723224.617644, 90
1697723224.634282, 90
1697723224.651367, 90
1697723224.668665, 90
1697723224.685482, 91
1697723224.702243, 91
1697723224.719417, 91
1697723224.736335, 92
1697723224.752962, 91
1697723224.769338, 91
1697723224.786055, 92
1697723224.802670, 91
1697723224.819928, 92
1697723224.836617, 91
1697723224.853144, 92
1697723224.871017, 90
1697723224.887860, 91
1697723224.905237, 92
1697723224.922456, 91
1697723224.939179, 91
1697723224.956041, 91
1697723224.973466, 91
1697723224.990180, 91
1697723225.007253, 91
1697723225.024050, 92
1697723225.041220, 92
1697723225.058468, 92
1697723225.075213, 92
1697723225.092341, 92
1697723225.109376, 92
1697723225.126425, 92
1697723225.143321, 92
1697723225.160191, 93
1697723225.177095, 93
1697723225.193585, 92
1697723225.210428, 92
1697723225.227297, 92
1697723225.243998, 92
1697723225.260788, 92
1697723225.277711, 92
1697723225.294467, 92
1697723225.311527, 92
1697723225.328328, 92
1697723225.344773, 92
1697723225.361919, 90
1697723225.378837, 92
1697723225.395720, 93
1697723225.412871, 93
1697723225.429785, 93
1697723225.446732, 93
1697723225.464066, 93
1697723225.481130, 93
1697723225.498412, 93
1697723225.515620, 94
1697723225.532466, 92
1697723225.549568, 92
1697723225.566415, 93
1697723225.583118, 93
1697723225.600419, 92
1697723225.617233, 93
1697723225.634562, 93
1697723225.652135, 93
1697723225.668795, 93
1697723225.685805, 93
1697723225.702815, 93
1697723225.719640, 93
1697723225.736485, 93
1697723225.753991, 94
1697723225.770832, 94
1697723225.787239, 93
1697723225.803710, 94
1697723225.820532, 94
1697723225.837468, 93
1697723225.854929, 93
1697723225.871811, 93
1697723225.888816, 94
1697723225.905779, 94
1697723225.922175, 94
1697723225.939413, 94
1697723225.956175, 94
1697723225.973073, 93
1697723225.989821, 93
1697723226.006750, 93
1697723226.023344, 92
1697723226.039903, 93
1697723226.056810, 93
1697723226.073838, 94
1697723226.091193, 95
1697723226.108043, 95
1697723226.124933, 95
1697723226.142217, 94
1697723226.158992, 95
1697723226.175467, 94
1697723226.192649, 95
1697723226.209562, 95
1697723226.226843, 94
1697723226.243714, 94
1697723226.260435, 94
1697723226.277741, 94
1697723226.294715, 94
1697723226.311465, 94
1697723226.328636, 94
1697723226.346088, 94
1697723226.362832, 94
1697723226.380118, 95
1697723226.396986, 94
1697723226.413745, 95
1697723226.430701, 96
1697723226.448011, 95
1697723226.464950, 95
1697723226.482236, 95
1697723226.499088, 96
1697723226.515898, 94
1697723226.533267, 94
1697723226.549954, 95
1697723226.567318, 96
1697723226.584287, 96
1697723226.601131, 95
1697723226.618114, 96
1697723226.635269, 95
1697723226.652130, 95
1697723226.669283, 94
1697723226.686018, 95
1697723226.702704, 95
1697723226.720043, 94
1697723226.737004, 94
1697723226.753824, 94
1697723226.770734, 95
1697723226.787573, 96
1697723226.804476, 96
1697723226.821554, 96
1697723226.838255, 96
1697723226.854934, 96
1697723226.871699, 97
1697723226.888529, 95
1697723226.905011, 95
1697723226.922066, 97
1697723226.939406, 97
1697723226.956312, 96
1697723226.973196, 97
1697723226.989985, 95
1697723227.007054, 94
1697723227.023841, 94
1697723227.040662, 95
1697723227.057790, 96
1697723227.074805, 96
1697723227.092036, 95
1697723227.109231, 96
1697723227.126069, 97
1697723227.143378, 97
1697723227.160437, 96
1697723227.177284, 97
1697723227.194138, 96
1697723227.211305, 96
1697723227.228489, 97
1697723227.245740, 97
1697723227.263236, 96
1697723227.280264, 97
1697723227.297198, 98
1697723227.314302, 98
1697723227.331004, 97
1697723227.347720, 96
1697723227.365031, 96
1697723227.381737, 96
1697723227.399092, 96
1697723227.415755, 97
1697723227.432638, 96
1697723227.449511, 96
1697723227.466636, 98
1697723227.483596, 97
1697723227.500288, 97
1697723227.517301, 98
1697723227.534279, 97
1697723227.550840, 98
1697723227.568067, 98
1697723227.584951, 97
1697723227.601935, 98
1697723227.619117, 97
1697723227.635932, 98
1697723227.653052, 98
1697723227.670223, 98
1697723227.687134, 98
1697723227.704418, 96
1697723227.721143, 97
1697723227.737963, 96
1697723227.754489, 97
1697723227.771805, 97
1697723227.788629, 98
1697723227.805960, 97
1697723227.822655, 97
1697723227.839356, 97
1697723227.856014, 98
1697723227.872866, 98
1697723227.889597, 98
1697723227.906708, 99
1697723227.923305, 98
1697723227.939797, 98
1697723227.956921, 99
1697723227.973858, 98
1697723227.990711, 98
1697723228.007811, 99
1697723228.024757, 99
1697723228.042140, 99
1697723228.058748, 98
1697723228.075371, 97
1697723228.092561, 97
1697723228.109260, 98
1697723228.125906, 98
1697723228.142718, 98
1697723228.159299, 97
1697723228.176088, 97
1697723228.193055, 98
1697723228.209682, 99
1697723228.226278, 99
1697723228.243944, 98
1697723228.260554, 99
1697723228.277472, 99
1697723228.294649, 99
1697723228.311439, 99
1697723228.328674, 100
1697723228.346029, 99
1697723228.362600, 98
1697723228.379385, 98
1697723228.396578, 99
1697723228.413155, 98
1697723228.429757, 98
1697723228.446736, 99
1697723228.463601, 99
1697723228.480991, 98
1697723228.497939, 99
1697723228.514716, 98
1697723228.532046, 99
1697723228.548970, 100
1697723228.565708, 99
1697723228.583096, 99
1697723228.599906, 99
1697723228.616766, 99
1697723228.633660, 100
1697723228.650753, 100
1697723228.667968, 100
1697723228.684756, 100
1697723228.701336, 99
1697723228.718604, 100
1697723228.735301, 99
1697723228.752050, 100
1697723228.769332, 101
1697723228.786456, 99
1697723228.803333, 98
1697723228.820596, 99
1697723228.837353, 99
1697723228.853856, 99
1697723228.870672, 98
1697723228.887379, 100
1697723228.904694, 99
1697723228.922241, 99
1697723228.939376, 100
1697723228.956303, 101
1697723228.973369, 100
1697723228.990189, 101
1697723229.006958, 100
1697723229.024005, 100
1697723229.040834, 101
1697723229.058169, 100
1697723229.074928, 101
1697723229.091829, 101
1697723229.109073, 100
1697723229.125888, 100
1697723229.142668, 100
1697723229.159398, 100
1697723229.176317, 99
1697723229.192935, 100
1697723229.210050, 100
1697723229.227022, 100
1697723229.243884, 100
1697723229.260949, 102
1697723229.277904, 101
1697723229.294242, 100
1697723229.311220, 101
1697723229.327905, 101
1697723229.344585, 101
1697723229.361721, 102
1697723229.378554, 102
1697723229.395597, 101
1697723229.412476, 101
1697723229.429204, 102
1697723229.446073, 101
1697723229.462833, 100
1697723229.479562, 102
1697723229.496739, 101
1697723229.513726, 101
1697723229.530553, 101
1697723229.547516, 100
1697723229.564183, 101
1697723229.580873, 100
1697723229.598036, 100
1697723229.614860, 101
1697723229.631240, 102
1697723229.648157, 101
1697723229.665114, 101
1697723229.681841, 102
1697723229.699477, 102
1697723229.716488, 101
1697723229.734018, 102
1697723229.751348, 102
1697723229.768008, 102
1697723229.785543, 102
1697723229.802132, 102
1697723229.818526, 102
1697723229.835349, 102
1697723229.852199, 103
1697723229.868814, 102
1697723229.886399, 100
1697723229.903289, 102
1697723229.920189, 101
1697723229.937624, 102
1697723229.954894, 101
1697723229.971592, 102
1697723229.988797, 102
1697723230.005886, 102
1697723230.022784, 102
1697723230.039449, 102
1697723230.056427, 103
1697723230.073025, 103
1697723230.089630, 102
1697723230.106878, 102
1697723230.123801, 102
1697723230.140924, 102
1697723230.157785, 102
1697723230.174603, 103
1697723230.191274, 102
1697723230.207850, 103
1697723230.225055, 103
1697723230.242056, 102
1697723230.258866, 101
1697723230.275739, 101
1697723230.292302, 102
1697723230.309235, 102
1697723230.326376, 102
1697723230.343384, 103
1697723230.360433, 104
1697723230.377916, 103
1697723230.395194, 104
1697723230.411703, 104
1697723230.428659, 104
1697723230.445584, 104
1697723230.462237, 104
1697723230.478693, 104
1697723230.495561, 103
1697723230.512358, 103
1697723230.529695, 103
1697723230.546635, 104
1697723230.564029, 104
1697723230.580836, 103
1697723230.597494, 102
1697723230.614810, 103
1697723230.632017, 103
1697723230.649312, 102
1697723230.666380, 103
1697723230.683285, 102
1697723230.700927, 102
1697723230.719465, 103
1697723230.736215, 103
1697723230.752868, 104
1697723230.770059, 104
1697723230.786794, 104
1697723230.803445, 105
1697723230.820165, 103
1697723230.837310, 105
1697723230.854008, 104
1697723230.871403, 104
1697723230.888273, 105
1697723230.905391, 105
1697723230.922478, 103
1697723230.939467, 105
1697723230.956705, 105
1697723230.973569, 103
1697723230.990279, 104
1697723231.007231, 104
1697723231.024509, 103
1697723231.041966, 104
1697723231.059638, 104
1697723231.076811, 103
1697723231.093680, 104
1697723231.110396, 105
1697723231.127729, 105
1697723231.145054, 104
1697723231.162007, 105
1697723231.178735, 105
1697723231.195297, 105
1697723231.212217, 104
1697723231.229213, 104
1697723231.246035, 105
1697723231.263391, 105
1697723231.280197, 105
1697723231.296856, 104
1697723231.314114, 105
1697723231.331017, 105
1697723231.348149, 104
1697723231.365681, 103
1697723231.382583, 104
1697723231.399588, 104
1697723231.416823, 104
1697723231.433548, 105
1697723231.450626, 105
1697723231.467395, 105
1697723231.484071, 105
1697723231.501289, 105
1697723231.518254, 105
1697723231.535369, 106
1697723231.552849, 106
1697723231.569861, 105
1697723231.586673, 106
1697723231.604276, 106
1697723231.621045, 106
1697723231.637737, 105
1697723231.655346, 106
1697723231.671838, 105
1697723231.688853, 106
1697723231.706259, 106
1697723231.723066, 105
1697723231.739764, 103
1697723231.757020, 104
1697723231.773941, 104
1697723231.790752, 104
1697723231.807914, 105
1697723231.824946, 105
1697723231.842038, 105
1697723231.858980, 106
1697723231.875869, 107
1697723231.892449, 106
1697723231.909394, 107
1697723231.926167, 107
1697723231.943296, 107
1697723231.960229, 105
1697723231.977408, 106
1697723231.994612, 107
1697723232.011767, 106
1697723232.028523, 107
1697723232.045430, 107
1697723232.062381, 106
1697723232.079165, 106
1697723232.095977, 106
1697723232.112887, 105
1697723232.129577, 106
1697723232.146670, 106
1697723232.163764, 105
1697723232.181000, 106
1697723232.197792, 106
1697723232.214625, 106
1697723232.231967, 107
1697723232.248806, 107
1697723232.265900, 107
1697723232.283350, 106
1697723232.300052, 106
1697723232.316950, 107
1697723232.334280, 107
1697723232.351025, 107
1697723232.368213, 107
1697723232.385172, 107
1697723232.402127, 108
1697723232.419270, 108
1697723232.437165, 107
1697723232.454304, 107
1697723232.470783, 106
1697723232.487484, 106
1697723232.504557, 106
1697723232.521429, 107
1697723232.538567, 107
1697723232.555666, 106
1697723232.572551, 106
1697723232.589453, 107
1697723232.606207, 107
1697723232.622794, 108
1697723232.639671, 108
1697723232.656635, 107
1697723232.674163, 107
1697723232.690809, 108
1697723232.707717, 107
1697723232.725016, 108
1697723232.741770, 108
1697723232.758511, 108
1697723232.775534, 107
1697723232.792481, 108
1697723232.808873, 108
1697723232.825850, 107
1697723232.842378, 108
1697723232.859044, 107
1697723232.876087, 107
1697723232.893765, 107
1697723232.910645, 107
1697723232.927368, 107
1697723232.944247, 107
1697723232.961215, 107
1697723232.978100, 108
1697723232.994991, 109
1697723233.012564, 109
1697723233.029627, 109
1697723233.046487, 108
1697723233.063643, 109
1697723233.080940, 109
1697723233.097715, 108
1697723233.115017, 108
1697723233.131880, 109
1697723233.148655, 108
1697723233.165414, 108
1697723233.181862, 108
1697723233.198732, 108
1697723233.215624, 109
1697723233.232466, 108
1697723233.248864, 108
1697723233.265854, 107
1697723233.282643, 108
1697723233.299312, 108
1697723233.316051, 108
1697723233.332908, 108
1697723233.349510, 109
1697723233.366237, 108
1697723233.382783, 109
1697723233.399308, 109
1697723233.416044, 108
1697723233.433170, 109
1697723233.450156, 109
1697723233.467055, 110
1697723233.483649, 109
1697723233.500492, 110
1697723233.517333, 110
1697723233.534345, 109
1697723233.551490, 110
1697723233.568559, 110
1697723233.585757, 110
1697723233.602654, 110
1697723233.619315, 109
1697723233.635870, 108
1697723233.652984, 108
1697723233.669877, 109
1697723233.686494, 108
1697723233.703714, 109
1697723233.720839, 109
1697723233.737574, 110
1697723233.754917, 110
1697723233.771722, 109
1697723233.788770, 110
1697723233.806134, 110
1697723233.822939, 110
1697723233.839767, 110
1697723233.856821, 109
1697723233.873458, 110
1697723233.890736, 110
1697723233.908149, 109
1697723233.925301, 110
1697723233.942221, 109
1697723233.959594, 109
1697723233.976493, 110
1697723233.993529, 109
1697723234.010438, 110
1697723234.027868, 109
1697723234.045319, 110
1697723234.062745, 110
1697723234.079530, 109
1697723234.096901, 110
1697723234.113893, 110
1697723234.130607, 111
1697723234.147841, 111
1697723234.164477, 111
1697723234.181072, 110
1697723234.198004, 110
1697723234.214887, 111
1697723234.231979, 110
1697723234.249120, 111
1697723234.265836, 111
1697723234.282343, 111
1697723234.299160, 112
1697723234.315917, 111
1697723234.332462, 111
1697723234.349216, 111
1697723234.366118, 111
1697723234.382568, 110
1697723234.399816, 109
1697723234.416486, 110
1697723234.433669, 109
1697723234.450251, 109
1697723234.467023, 110
1697723234.484026, 110
1697723234.500936, 111
1697723234.518320, 111
1697723234.535688, 111
1697723234.552648, 112
1697723234.569182, 112
1697723234.586306, 112
1697723234.603410, 111
1697723234.620714, 111
1697723234.637773, 112
1697723234.654481, 112
1697723234.671536, 111
1697723234.688734, 111
1697723234.705856, 111
1697723234.722498, 111
1697723234.739498, 112
1697723234.756320, 112
1697723234.773047, 111
1697723234.790414, 111
1697723234.807063, 111
1697723234.823901, 110
1697723234.841519, 111
1697723234.858406, 111
1697723234.875785, 110
1697723234.893310, 111
1697723234.910048, 112
1697723234.927450, 112
1697723234.944493, 112
1697723234.961081, 111
1697723234.978511, 111
1697723234.995145, 111
1697723235.012317, 112
1697723235.029553, 112
1697723235.046316, 112
1697723235.063062, 112
1697723235.079798, 112
1697723235.096470, 112
1697723235.113293, 112
1697723235.130433, 113
1697723235.147388, 113
1697723235.164252, 112
1697723235.180834, 112
1697723235.197689, 112
1697723235.214575, 111
1697723235.232581, 112
1697723235.249459, 112
1697723235.266363, 112
1697723235.284081, 113
1697723235.301191, 113
1697723235.317906, 113
1697723235.335212, 113
1697723235.352134, 113
1697723235.369116, 112
1697723235.386351, 112
1697723235.403180, 113
1697723235.420443, 113
1697723235.437418, 113
1697723235.454179, 112
1697723235.471500, 113
1697723235.488525, 112
1697723235.505272, 113
1697723235.522210, 113
1697723235.539138, 113
1697723235.555994, 112
1697723235.572674, 112
1697723235.589483, 112
1697723235.606128, 112
1697723235.623301, 112
1697723235.640106, 111
1697723235.656589, 113
1697723235.674016, 114
1697723235.690791, 114
1697723235.707435, 113
1697723235.724653, 113
1697723235.741544, 113
1697723235.758585, 114
1697723235.775796, 114
1697723235.792650, 114
1697723235.809688, 114
1697723235.827001, 113
1697723235.843802, 114
1697723235.861134, 114
1697723235.878355, 113
1697723235.895208, 113
1697723235.912133, 114
1697723235.928809, 113
1697723235.945764, 113
1697723235.963084, 113
1697723235.980286, 113
1697723235.997066, 112
1697723236.014195, 112
1697723236.031105, 112
1697723236.048067, 113
1697723236.065454, 114
1697723236.082585, 114
1697723236.099340, 114
1697723236.116639, 114
1697723236.133323, 114
1697723236.150126, 114
1697723236.167671, 113
1697723236.184683, 113
1697723236.201636, 114
1697723236.218799, 114
1697723236.235849, 115
1697723236.252682, 114
1697723236.270089, 115
1697723236.286945, 114
1697723236.303657, 115
1697723236.320963, 115
1697723236.337590, 114
1697723236.355159, 114
1697723236.371848, 113
1697723236.388774, 114
1697723236.406115, 114
1697723236.423168, 114
1697723236.440049, 113
1697723236.457622, 114
1697723236.474397, 114
1697723236.491075, 115
1697723236.507888, 115
1697723236.524709, 117
1697723236.541400, 116
1697723236.558567, 116
1697723236.575462, 116
1697723236.592136, 116
1697723236.609168, 115
1697723236.626013, 115
1697723236.642661, 116
1697723236.659362, 116
1697723236.676152, 116
1697723236.692943, 117
1697723236.709991, 116
1697723236.726721, 114
1697723236.744582, 115
1697723236.761641, 115
1697723236.778993, 115
1697723236.796442, 114
1697723236.813542, 115
1697723236.830740, 115
1697723236.848296, 116
1697723236.865129, 114
1697723236.881758, 116
1697723236.899386, 116
1697723236.916141, 116
1697723236.933103, 115
1697723236.950428, 115
1697723236.967338, 115
1697723236.984072, 116
1697723237.001513, 116
1697723237.018503, 115
1697723237.035347, 115
1697723237.052270, 116
1697723237.068985, 115
1697723237.086282, 116
1697723237.103200, 116
1697723237.120137, 117
1697723237.137069, 114
1697723237.153922, 115
1697723237.170496, 115
1697723237.187437, 115
1697723237.204411, 115
1697723237.221055, 114
1697723237.237758, 115
1697723237.254703, 116
1697723237.271531, 116
1697723237.288823, 116
1697723237.305563, 115
1697723237.322623, 115
1697723237.339539, 116
1697723237.356367, 116
1697723237.372937, 116
1697723237.390034, 117
1697723237.406890, 116
1697723237.424110, 116
1697723237.440976, 116
1697723237.457967, 116
1697723237.475183, 117
1697723237.492140, 117
1697723237.508821, 116
1697723237.526071, 115
1697723237.543115, 115
1697723237.560088, 116
1697723237.577533, 115
1697723237.594972, 116
1697723237.612130, 115
1697723237.629264, 116
1697723237.646265, 117
1697723237.662823, 117
1697723237.679359, 118
1697723237.696148, 117
1697723237.712707, 117
1697723237.729720, 117
1697723237.746498, 116
1697723237.763248, 116
1697723237.780588, 117
1697723237.797473, 117
1697723237.813829, 117
1697723237.830907, 118
1697723237.848053, 116
1697723237.865384, 116
1697723237.882001, 117
1697723237.899143, 117
1697723237.916171, 117
1697723237.933020, 116
1697723237.949947, 116
1697723237.967153, 116
1697723237.983886, 116
1697723238.001078, 117
1697723238.018359, 117
1697723238.035014, 117
1697723238.051675, 117
1697723238.068582, 117
1697723238.085872, 117
1697723238.102502, 118
1697723238.119385, 118
1697723238.136213, 118
1697723238.153140, 118
1697723238.170079, 118
1697723238.186609, 118
1697723238.204148, 118
1697723238.220913, 117
1697723238.237599, 118
1697723238.254610, 118
1697723238.271443, 118
1697723238.289424, 118
1697723238.306423, 118
1697723238.323351, 117
1697723238.340190, 117
1697723238.357131, 117
1697723238.373945, 118
1697723238.390877, 116
1697723238.407729, 117
1697723238.424287, 118
1697723238.441325, 117
1697723238.457997, 117
1697723238.474679, 118
1697723238.491892, 118
1697723238.508621, 118
1697723238.525217, 118
1697723238.542835, 118
1697723238.559552, 118
1697723238.576161, 118
1697723238.593437, 118
1697723238.610258, 119
1697723238.626871, 119
1697723238.644161, 119
1697723238.661187, 118
1697723238.677821, 119
1697723238.694621, 119
1697723238.711555, 118
1697723238.728719, 118
1697723238.745921, 118
1697723238.762870, 117
1697723238.779959, 117
1697723238.796732, 117
1697723238.813565, 117
1697723238.830772, 118
1697723238.848494, 119
1697723238.865189, 120
1697723238.881898, 118
1697723238.898678, 119
1697723238.915157, 119
1697723238.932686, 119
1697723238.949697, 119
1697723238.966654, 120
1697723238.983860, 119
1697723239.000883, 119
1697723239.017844, 119
1697723239.034941, 120
1697723239.052024, 119
1697723239.069048, 118
1697723239.086221, 119
1697723239.103217, 119
1697723239.120103, 119
1697723239.137680, 119
1697723239.154351, 117
1697723239.171105, 119
1697723239.188545, 118
1697723239.205096, 118
1697723239.222343, 118
1697723239.240344, 118
1697723239.257391, 119
1697723239.274226, 120
1697723239.291121, 120
1697723239.307947, 120
1697723239.324907, 119
1697723239.342373, 120
1697723239.359399, 120
1697723239.376143, 120
1697723239.392921, 120
1697723239.409680, 120
1697723239.425960, 119
1697723239.442607, 120
1697723239.459305, 121
1697723239.476189, 120
1697723239.493113, 120
1697723239.509864, 120
1697723239.527069, 120
1697723239.544197, 119
1697723239.561062, 119
1697723239.578436, 119
1697723239.595291, 118
1697723239.612050, 118
1697723239.629111, 119
1697723239.646137, 119
1697723239.662970, 120
1697723239.680563, 121
1697723239.697203, 120
1697723239.713864, 120
1697723239.730462, 121
1697723239.747168, 120
1697723239.763728, 121
1697723239.781323, 121
1697723239.798217, 121
1697723239.814792, 121
1697723239.831895, 121
1697723239.848563, 120
1697723239.865616, 121
1697723239.882556, 121
1697723239.899534, 121
1697723239.916463, 120
1697723239.933524, 121
1697723239.950498, 120
1697723239.967845, 119
1697723239.984906, 120
1697723240.001703, 120
1697723240.018858, 120
1697723240.035276, 120
1697723240.051956, 121
1697723240.069076, 121
1697723240.085878, 120
1697723240.102482, 121
1697723240.119123, 122
1697723240.135963, 121
1697723240.152836, 121
1697723240.169865, 122
1697723240.186685, 121
1697723240.203272, 121
1697723240.220398, 122
1697723240.237212, 122
1697723240.253734, 121
1697723240.270574, 122
1697723240.287143, 121
1697723240.304446, 121
1697723240.321452, 121
1697723240.338458, 121
1697723240.355846, 122
1697723240.372465, 121
1697723240.389422, 120
1697723240.406699, 120
1697723240.423497, 121
1697723240.440475, 121
1697723240.458618, 120
1697723240.475417, 121
1697723240.492023, 122
1697723240.509424, 122
1697723240.526196, 122
1697723240.542952, 122
1697723240.559771, 121
1697723240.576730, 121
1697723240.593582, 121
1697723240.610249, 122
1697723240.626911, 122
1697723240.643323, 122
1697723240.660524, 123
1697723240.677582, 123
1697723240.694206, 122
1697723240.711593, 123
1697723240.728225, 122
1697723240.745535, 122
1697723240.762735, 123
1697723240.779814, 121
1697723240.796973, 120
1697723240.813725, 122
1697723240.830450, 121
1697723240.847696, 121
1697723240.865011, 121
1697723240.881924, 122
1697723240.899402, 122
1697723240.916599, 122
1697723240.933560, 123
1697723240.950702, 122
1697723240.967704, 122
1697723240.984724, 123
1697723241.002147, 122
1697723241.018699, 123
1697723241.035708, 123
1697723241.052892, 122
1697723241.069982, 123
1697723241.086887, 123
1697723241.104799, 122
1697723241.121765, 122
1697723241.138357, 123
1697723241.155999, 123
1697723241.173060, 123
1697723241.189929, 122
1697723241.207277, 121
1697723241.224486, 121
1697723241.241165, 122
1697723241.259160, 123
1697723241.275888, 122
1697723241.292432, 122
1697723241.309880, 124
1697723241.326771, 123
1697723241.343460, 123
1697723241.360747, 124
1697723241.377550, 123
1697723241.394927, 123
1697723241.412017, 124
1697723241.428816, 123
1697723241.445957, 122
1697723241.462911, 123
1697723241.479702, 124
1697723241.496631, 123
1697723241.513841, 123
1697723241.530567, 124
1697723241.547268, 124
1697723241.564069, 124
1697723241.580835, 124
1697723241.598317, 123
1697723241.615295, 123
1697723241.632243, 123
1697723241.649424, 123
1697723241.666160, 123
1697723241.683267, 122
1697723241.700366, 123
1697723241.717422, 123
1697723241.734522, 124
1697723241.751262, 124
1697723241.768179, 123
1697723241.785965, 124
1697723241.802759, 124
1697723241.819669, 124
1697723241.836548, 124
1697723241.853507, 125
1697723241.870484, 124
1697723241.887763, 124
1697723241.904814, 125
1697723241.921649, 125
1697723241.938932, 124
1697723241.955704, 125
1697723241.972790, 125
1697723241.989714, 124
1697723242.006835, 125
1697723242.023833, 124
1697723242.041515, 123
1697723242.058661, 123
1697723242.075646, 124
1697723242.092251, 123
1697723242.109030, 123
1697723242.125729, 124
1697723242.142981, 124
1697723242.159940, 123
1697723242.176856, 125
1697723242.194125, 125
1697723242.211274, 125
1697723242.228371, 125
1697723242.245415, 124
1697723242.262497, 125
1697723242.279794, 125
1697723242.296435, 125
1697723242.313234, 124
1697723242.330808, 125
1697723242.347745, 124
1697723242.364238, 124
1697723242.381321, 125
1697723242.398199, 125
1697723242.415365, 124
1697723242.432459, 124
1697723242.449236, 123
1697723242.466000, 123
1697723242.482975, 124
1697723242.499908, 125
1697723242.516826, 125
1697723242.533941, 124
1697723242.550665, 125
1697723242.567116, 126
1697723242.583817, 125
1697723242.601033, 124
1697723242.617729, 125
1697723242.634797, 125
1697723242.651370, 125
1697723242.668524, 126
1697723242.685399, 125
1697723242.702251, 124
1697723242.719365, 125
1697723242.736248, 125
1697723242.753343, 125
1697723242.770232, 126
1697723242.787222, 126
1697723242.804106, 125
1697723242.821118, 125
1697723242.838235, 125
1697723242.855307, 126
1697723242.872620, 125
1697723242.889704, 125
1697723242.906309, 124
1697723242.923590, 125
1697723242.940759, 125
1697723242.957572, 124
1697723242.974830, 125
1697723242.991568, 126
1697723243.008433, 126
1697723243.025370, 126
1697723243.042165, 126
1697723243.059143, 126
1697723243.076165, 126
1697723243.092904, 127
1697723243.109770, 127
1697723243.126584, 126
1697723243.143310, 126
1697723243.159668, 127
1697723243.176898, 126
1697723243.193450, 126
1697723243.210337, 126
1697723243.227103, 126
1697723243.244101, 126
1697723243.261263, 127
1697723243.278268, 127
1697723243.295039, 125
1697723243.312208, 126
1697723243.329137, 126
1697723243.346151, 126
1697723243.363050, 125
1697723243.380062, 126
1697723243.397023, 125
1697723243.413617, 126
1697723243.430331, 126
1697723243.447652, 126
1697723243.464506, 127
1697723243.481380, 127
1697723243.498439, 127
1697723243.515118, 126
1697723243.531940, 127
1697723243.548771, 127
1697723243.565858, 126
1697723243.582802, 127
1697723243.599818, 127
1697723243.616503, 127
1697723243.633215, 127
1697723243.650072, 127
1697723243.667108, 126
1697723243.684000, 127
1697723243.701348, 127
1697723243.718174, 127
1697723243.734956, 126
1697723243.752395, 127
1697723243.769036, 127
1697723243.785461, 126
1697723243.802773, 126
1697723243.819406, 126
1697723243.836567, 127
1697723243.853489, 128
1697723243.870395, 128
1697723243.887589, 127
1697723243.904569, 126
1697723243.921294, 128
1697723243.938877, 128
1697723243.955741, 127
1697723243.972404, 128
1697723243.989719, 128
1697723244.006530, 127
1697723244.023503, 128
1697723244.040991, 128
1697723244.057749, 128
1697723244.074606, 127
1697723244.091671, 127
1697723244.108943, 127
1697723244.125622, 128
1697723244.142821, 127
1697723244.159675, 126
1697723244.176792, 126
1697723244.193687, 126
1697723244.210673, 126
1697723244.227708, 127
1697723244.244790, 127
1697723244.261929, 128
1697723244.279364, 128
1697723244.296317, 128
1697723244.313078, 128
1697723244.330004, 128
1697723244.347043, 128
1697723244.363672, 129
1697723244.380596, 128
1697723244.397266, 128
1697723244.414113, 129
1697723244.431398, 128
1697723244.448305, 128
1697723244.465600, 129
1697723244.482337, 128
1697723244.499388, 128
1697723244.516449, 129
1697723244.534021, 129
1697723244.551208, 127
1697723244.567801, 127
1697723244.585024, 127
1697723244.601702, 127
1697723244.618531, 128
1697723244.635458, 128
1697723244.652027, 127
1697723244.668767, 128
1697723244.686237, 129
1697723244.702968, 128
1697723244.719697, 129
1697723244.736763, 129
1697723244.754001, 129
1697723244.771318, 128
1697723244.788234, 129
1697723244.805045, 129
1697723244.821506, 128
1697723244.838568, 128
1697723244.855298, 128
1697723244.872156, 129
1697723244.889434, 129
1697723244.906242, 129
1697723244.923558, 128
1697723244.940606, 129
1697723244.957651, 129
1697723244.975006, 128
1697723244.992359, 127
1697723245.008975, 128
1697723245.025940, 129
1697723245.043687, 127
1697723245.061188, 129
1697723245.079251, 129
1697723245.096545, 127
1697723245.113261, 129
1697723245.129995, 129
1697723245.147084, 129
1697723245.163785, 130
1697723245.180473, 130
1697723245.197402, 129
1697723245.213961, 130
1697723245.230992, 130
1697723245.247793, 129
1697723245.264396, 129
1697723245.280992, 130
1697723245.297843, 130
1697723245.314961, 130
1697723245.331739, 130
1697723245.348629, 130
1697723245.365734, 130
1697723245.382638, 130
1697723245.399590, 130
1697723245.416504, 128
1697723245.433158, 128
1697723245.449751, 129
1697723245.466463, 128
1697723245.483320, 129
1697723245.499950, 128
1697723245.516581, 129
1697723245.533221, 129
1697723245.549733, 130
1697723245.566586, 130
1697723245.583697, 129
1697723245.600031, 130
1697723245.616798, 130
1697723245.633643, 129
1697723245.650758, 130
1697723245.667332, 130
1697723245.684166, 129
1697723245.701137, 130
1697723245.718668, 130
1697723245.735733, 130
1697723245.752455, 129
1697723245.769092, 130
1697723245.785941, 130
1697723245.802700, 129
1697723245.819471, 130
1697723245.835790, 130
1697723245.852579, 128
1697723245.869084, 129
1697723245.885373, 129
1697723245.902054, 128
1697723245.919087, 129
1697723245.936246, 129
1697723245.953341, 128
1697723245.970234, 130
1697723245.987229, 130
1697723246.004269, 130
1697723246.020866, 128
1697723246.037730, 128
1697723246.054655, 128
1697723246.071302, 128
1697723246.088404, 128
1697723246.105461, 128
1697723246.122451, 128
1697723246.139748, 127
1697723246.156630, 127
1697723246.173695, 127
1697723246.191966, 127
1697723246.208974, 127
1697723246.225904, 127
1697723246.242958, 127
1697723246.260077, 123
1697723246.277452, 115
1697723246.294964, 108
1697723246.312088, 101
1697723246.329021, 94
1697723246.346140, 86
1697723246.363216, 80
1697723246.380330, 73
1697723246.397429, 67
1697723246.413953, 63
1697723246.430628, 63
1697723246.447450, 62
1697723246.464094, 62
1697723246.480919, 62
1697723246.497643, 63
1697723246.514421, 63
1697723246.531437, 63
1697723246.548019, 61
1697723246.564348, 61
1697723246.581281, 62
1697723246.597799, 63
1697723246.614688, 63
1697723246.631691, 63
1697723246.648353, 62
1697723246.666100, 63
1697723246.682919, 64
1697723246.700093, 64
1697723246.717217, 63
1697723246.736427, 64
1697723246.755121, 64
1697723246.772075, 63
1697723246.788952, 63
1697723246.805789, 64
1697723246.822957, 62
1697723246.839531, 63
1697723246.856529, 63
1697723246.873319, 63
1697723246.890037, 62
1697723246.907209, 63
1697723246.924651, 64
1697723246.941530, 64
1697723246.958141, 65
1697723246.975301, 65
1697723246.992189, 65
1697723247.008703, 65
1697723247.025519, 65
1697723247.042372, 65
1697723247.059291, 65
1697723247.076338, 65
1697723247.093119, 63
1697723247.109736, 65
1697723247.127040, 64
1697723247.143844, 64
1697723247.161343, 63
1697723247.178400, 64
1697723247.195487, 64
1697723247.212846, 64
1697723247.229827, 64
1697723247.246524, 65
1697723247.263194, 65
1697723247.279866, 66
1697723247.296808, 66
1697723247.313636, 66
1697723247.330787, 65
1697723247.347479, 66
1697723247.364405, 66
1697723247.381067, 65
1697723247.397545, 65
1697723247.414263, 65
1697723247.431078, 64
1697723247.447567, 64
1697723247.464629, 65
1697723247.481064, 64
1697723247.497850, 65
1697723247.514503, 65
1697723247.531421, 66
1697723247.548668, 66
1697723247.565190, 66
1697723247.581997, 66
1697723247.599085, 66
1697723247.615840, 67
1697723247.632597, 67
1697723247.649565, 65
1697723247.666442, 66
1697723247.683404, 66
1697723247.700418, 66
1697723247.717398, 66
1697723247.734383, 66
1697723247.751157, 66
1697723247.767981, 66
1697723247.785119, 67
1697723247.802082, 67
1697723247.818919, 68
1697723247.835860, 67
1697723247.852975, 67
1697723247.869723, 67
1697723247.886366, 67
1697723247.903635, 67
1697723247.920460, 67
1697723247.938122, 66
1697723247.955342, 67
1697723247.972029, 66
1697723247.989133, 67
1697723248.006111, 67
1697723248.022767, 67
1697723248.040087, 65
1697723248.057155, 67
1697723248.074166, 68
1697723248.091321, 67
1697723248.108133, 68
1697723248.124838, 68
1697723248.142009, 68
1697723248.158684, 68
1697723248.175457, 67
1697723248.192839, 68
1697723248.209450, 68
1697723248.226031, 67
1697723248.243121, 67
1697723248.259851, 66
1697723248.277547, 66
1697723248.294333, 68
1697723248.311033, 67
1697723248.328174, 68
1697723248.345242, 69
1697723248.362171, 68
1697723248.379450, 68
1697723248.396404, 68
1697723248.413339, 68
1697723248.430323, 69
1697723248.447067, 69
1697723248.464007, 69
1697723248.481598, 69
1697723248.498488, 67
1697723248.515084, 67
1697723248.532314, 68
1697723248.549344, 68
1697723248.566575, 68
1697723248.583273, 68
1697723248.600319, 67
1697723248.616951, 68
1697723248.633445, 69
1697723248.650253, 69
1697723248.666737, 70
1697723248.684320, 69
1697723248.701492, 70
1697723248.718083, 70
1697723248.734716, 69
1697723248.751845, 69
1697723248.768443, 69
1697723248.785480, 68
1697723248.802291, 68
1697723248.818982, 69
1697723248.836209, 69
1697723248.853102, 69
1697723248.870819, 69
1697723248.887820, 69
1697723248.904804, 70
1697723248.921446, 70
1697723248.938171, 70
1697723248.955229, 70
1697723248.972129, 70
1697723248.989114, 69
1697723249.006034, 71
1697723249.023018, 71
1697723249.040109, 71
1697723249.057000, 71
1697723249.074147, 70
1697723249.090981, 70
1697723249.108262, 70
1697723249.125679, 69
1697723249.142563, 70
1697723249.159449, 69
1697723249.176443, 70
1697723249.193284, 70
1697723249.210131, 71
1697723249.226923, 72
1697723249.243752, 71
1697723249.260711, 71
1697723249.277558, 72
1697723249.294556, 71
1697723249.311944, 71
1697723249.328827, 72
1697723249.345862, 71
1697723249.363120, 72
1697723249.379727, 71
1697723249.396430, 70
1697723249.413449, 71
1697723249.430121, 70
1697723249.446746, 70
1697723249.463855, 71
1697723249.480478, 71
1697723249.497788, 71
1697723249.515005, 72
1697723249.531789, 71
1697723249.548433, 72
1697723249.565683, 72
1697723249.582659, 72
1697723249.599565, 73
1697723249.616487, 72
1697723249.633721, 71
1697723249.650237, 71
1697723249.667187, 71
1697723249.683982, 71
1697723249.701328, 71
1697723249.718267, 71
1697723249.734987, 71
1697723249.752136, 71
1697723249.768929, 72
1697723249.785529, 73
1697723249.802194, 73
1697723249.819496, 73
1697723249.836149, 73
1697723249.853143, 73
1697723249.870077, 73
1697723249.886798, 72
1697723249.904113, 73
1697723249.920929, 73
1697723249.938355, 73
1697723249.956487, 73
1697723249.973983, 72
1697723249.991205, 72
1697723250.008298, 72
1697723250.024904, 71
1697723250.041600, 72
1697723250.058589, 72
1697723250.075550, 72
1697723250.092058, 74
1697723250.108572, 74
1697723250.125546, 73
1697723250.143180, 74
1697723250.160896, 74
1697723250.178009, 73
1697723250.195544, 74
1697723250.212708, 74
1697723250.229801, 74
1697723250.247284, 73
1697723250.264481, 73
1697723250.281676, 73
1697723250.299032, 73
1697723250.316178, 73
1697723250.332722, 73
1697723250.349931, 73
1697723250.367101, 74
1697723250.383704, 74
1697723250.400608, 74
1697723250.418085, 75
1697723250.434977, 74
1697723250.452130, 74
1697723250.469101, 75
1697723250.486405, 74
1697723250.503438, 74
1697723250.519970, 74
1697723250.537024, 74
1697723250.554018, 75
1697723250.571210, 74
1697723250.588172, 73
1697723250.605023, 74
1697723250.622448, 74
1697723250.639493, 74
1697723250.656447, 73
1697723250.673469, 74
1697723250.690109, 76
1697723250.707563, 75
1697723250.724233, 75
1697723250.741407, 76
1697723250.758248, 75
1697723250.775760, 74
1697723250.792446, 76
1697723250.809227, 75
1697723250.825890, 75
1697723250.842807, 74
1697723250.859529, 74
1697723250.876610, 75
1697723250.893635, 75
1697723250.910818, 74
1697723250.928216, 73
1697723250.947218, 75
1697723250.964600, 75
1697723250.982546, 75
1697723251.000050, 76
1697723251.017812, 76
1697723251.035478, 76
1697723251.052635, 76
1697723251.068965, 77
1697723251.086021, 76
1697723251.103302, 76
1697723251.120309, 77
1697723251.137155, 77
1697723251.154277, 75
1697723251.171737, 76
1697723251.188479, 75
1697723251.205314, 75
1697723251.223243, 74
1697723251.240773, 76
1697723251.257666, 76
1697723251.275109, 76
1697723251.291767, 77
1697723251.308549, 76
1697723251.325907, 76
1697723251.342688, 76
1697723251.359648, 76
1697723251.376861, 77
1697723251.393710, 77
1697723251.410927, 76
1697723251.428131, 77
1697723251.444928, 78
1697723251.461827, 78
1697723251.478751, 76
1697723251.495786, 77
1697723251.512648, 77
1697723251.529913, 76
1697723251.546956, 76
1697723251.563567, 77
1697723251.580904, 77
1697723251.597889, 77
1697723251.615100, 77
1697723251.632214, 77
1697723251.649094, 78
1697723251.666347, 78
1697723251.683088, 78
1697723251.699380, 78
1697723251.716780, 78
1697723251.733542, 77
1697723251.750318, 78
1697723251.767485, 78
1697723251.784265, 77
1697723251.801065, 76
1697723251.818363, 77
1697723251.835260, 78
1697723251.852145, 77
1697723251.869249, 77
1697723251.885847, 78
1697723251.902789, 79
1697723251.919860, 78
1697723251.936678, 79
1697723251.953702, 78
1697723251.971735, 78
1697723251.988976, 79
1697723252.006068, 78
1697723252.022968, 78
1697723252.039945, 79
1697723252.057275, 79
1697723252.074713, 79
1697723252.091789, 78
1697723252.108800, 78
1697723252.126316, 77
1697723252.143375, 77
1697723252.160780, 77
1697723252.177507, 77
1697723252.194271, 78
1697723252.211762, 79
1697723252.228676, 79
1697723252.245430, 79
1697723252.262717, 79
1697723252.279356, 79
1697723252.295994, 79
1697723252.312790, 80
1697723252.329500, 80
1697723252.346261, 79
1697723252.363546, 80
1697723252.380512, 80
1697723252.397229, 78
1697723252.414777, 78
1697723252.431710, 79
1697723252.448647, 78
1697723252.465660, 79
1697723252.482509, 79
1697723252.498962, 78
1697723252.516111, 79
1697723252.532915, 80
1697723252.550086, 80
1697723252.567016, 80
1697723252.583960, 79
1697723252.601249, 79
1697723252.618544, 79
1697723252.635695, 81
1697723252.652936, 81
1697723252.670027, 80
1697723252.686942, 81
1697723252.704473, 81
1697723252.721205, 79
1697723252.738563, 79
1697723252.756317, 80
1697723252.773257, 80
1697723252.790268, 79
1697723252.808082, 80
1697723252.824735, 79
1697723252.841503, 81
1697723252.859009, 80
1697723252.876399, 80
1697723252.893230, 81
1697723252.910030, 81
1697723252.926685, 81
1697723252.943704, 81
1697723252.960674, 81
1697723252.977520, 81
1697723252.994032, 80
1697723253.010889, 80
1697723253.028156, 80
1697723253.045878, 80
1697723253.062905, 80
1697723253.079640, 81
1697723253.096611, 80
1697723253.114044, 80
1697723253.131186, 81
1697723253.148800, 81
1697723253.166008, 81
1697723253.182414, 82
1697723253.199576, 82
1697723253.216811, 81
1697723253.233682, 81
1697723253.251164, 82
1697723253.268252, 82
1697723253.285239, 82
1697723253.302426, 82
1697723253.319402, 81
1697723253.336394, 82
1697723253.353853, 81
1697723253.370597, 80
1697723253.387638, 80
1697723253.404940, 81
1697723253.422127, 81
1697723253.439119, 81
1697723253.456276, 82
1697723253.473029, 83
1697723253.489953, 82
1697723253.507045, 83
1697723253.523961, 83
1697723253.541164, 83
1697723253.558102, 83
1697723253.574911, 82
1697723253.592392, 82
1697723253.609223, 83
1697723253.626090, 83
1697723253.643099, 82
1697723253.660367, 81
1697723253.677208, 82
1697723253.695867, 81
1697723253.712517, 81
1697723253.729160, 81
1697723253.746301, 81
1697723253.763113, 81
1697723253.780242, 81
1697723253.798448, 82
1697723253.815568, 82
1697723253.834260, 83
1697723253.852278, 83
1697723253.869226, 83
1697723253.886075, 84
1697723253.902893, 84
1697723253.919875, 83
1697723253.936700, 84
1697723253.953992, 83
1697723253.971768, 84
1697723253.989572, 82
1697723254.006860, 82
1697723254.023947, 82
1697723254.040912, 82
1697723254.058234, 83
1697723254.075048, 83
1697723254.092199, 82
1697723254.111129, 84
1697723254.129189, 84
1697723254.147132, 84
1697723254.164781, 84
1697723254.182275, 84
1697723254.199857, 83
1697723254.217147, 83
1697723254.234869, 84
1697723254.253185, 83
1697723254.270761, 84
1697723254.287811, 84
1697723254.305600, 84
1697723254.323625, 84
1697723254.340812, 83
1697723254.358259, 83
1697723254.375269, 84
1697723254.392666, 83
1697723254.410428, 84
1697723254.427706, 84
1697723254.445465, 85
1697723254.462831, 84
1697723254.480705, 85
1697723254.498799, 85
1697723254.516153, 84
1697723254.533789, 85
1697723254.552722, 85
1697723254.571165, 84
1697723254.588488, 85
1697723254.606100, 85
1697723254.624707, 83
1697723254.641873, 84
1697723254.659362, 84
1697723254.677007, 83
1697723254.695016, 84
1697723254.711970, 84
1697723254.729691, 84
1697723254.747280, 85
1697723254.764795, 85
1697723254.782007, 85
1697723254.799415, 85
1697723254.816703, 86
1697723254.833549, 86
1697723254.850176, 85
1697723254.867407, 86
1697723254.884394, 86
1697723254.902505, 85
1697723254.919550, 86
1697723254.936496, 86
1697723254.953856, 85
1697723254.970716, 85
1697723254.987439, 85
1697723255.004535, 84
1697723255.021589, 85
1697723255.038204, 85
1697723255.055145, 84
1697723255.071812, 84
1697723255.088352, 86
1697723255.105393, 86
1697723255.122423, 86
1697723255.139107, 85
1697723255.156326, 87
1697723255.173020, 86
1697723255.190614, 87
1697723255.207471, 87
1697723255.224540, 86
1697723255.241354, 86
1697723255.258159, 86
1697723255.275370, 86
1697723255.292505, 87
1697723255.309279, 87
1697723255.326142, 87
1697723255.343134, 86
1697723255.360233, 86
1697723255.377260, 87
1697723255.394461, 87
1697723255.411721, 88
1697723255.428394, 88
1697723255.445435, 87
1697723255.462973, 88
1697723255.479884, 88
1697723255.497007, 86
1697723255.513983, 87
1697723255.530627, 86
1697723255.547653, 86
1697723255.564782, 87
1697723255.581968, 87
1697723255.598866, 88
1697723255.615508, 87
1697723255.632237, 87
1697723255.648898, 87
1697723255.665911, 86
1697723255.683117, 87
1697723255.699959, 87
1697723255.716892, 87
1697723255.734129, 87
1697723255.751301, 88
1697723255.767893, 87
1697723255.784858, 88
1697723255.801552, 87
1697723255.818165, 87
1697723255.835144, 88
1697723255.852010, 88
1697723255.869448, 88
1697723255.886202, 88
1697723255.903091, 88
1697723255.920803, 88
1697723255.937613, 87
1697723255.954517, 86
1697723255.971672, 86
1697723255.988633, 86
1697723256.005104, 87
1697723256.022245, 87
1697723256.039075, 87
1697723256.055674, 88
1697723256.072540, 89
1697723256.089593, 89
1697723256.106117, 89
1697723256.122924, 89
1697723256.139642, 89
1697723256.156409, 88
1697723256.173891, 89
1697723256.190843, 89
1697723256.207552, 88
1697723256.224996, 88
1697723256.241824, 89
1697723256.257958, 88
1697723256.275040, 88
1697723256.292061, 88
1697723256.309496, 88
1697723256.326343, 88
1697723256.343147, 87
1697723256.360692, 87
1697723256.377691, 88
1697723256.394387, 89
1697723256.411305, 89
1697723256.428148, 90
1697723256.444689, 89
1697723256.461866, 89
1697723256.478633, 89
1697723256.495425, 90
1697723256.512707, 90
1697723256.529593, 90
1697723256.546696, 89
1697723256.564156, 90
1697723256.580803, 90
1697723256.597605, 89
1697723256.614514, 89
1697723256.631444, 88
1697723256.648101, 88
1697723256.665035, 89
1697723256.681948, 89
1697723256.698362, 88
1697723256.715906, 88
1697723256.732611, 89
1697723256.749763, 89
1697723256.766666, 90
1697723256.783225, 90
1697723256.800588, 90
1697723256.817268, 90
1697723256.834223, 89
1697723256.851345, 89
1697723256.868208, 90
1697723256.884794, 90
1697723256.901756, 90
1697723256.918361, 90
1697723256.935071, 91
1697723256.952652, 90
1697723256.969819, 89
1697723256.986415, 89
1697723257.005468, 90
1697723257.023396, 89
1697723257.040861, 90
1697723257.057805, 90
1697723257.074921, 91
1697723257.092230, 91
1697723257.109130, 91
1697723257.126146, 91
1697723257.144171, 90
1697723257.161241, 90
1697723257.178593, 91
1697723257.196308, 92
1697723257.213355, 90
1697723257.230578, 91
1697723257.248064, 92
1697723257.265086, 91
1697723257.282292, 90
1697723257.300144, 90
1697723257.317676, 89
1697723257.334653, 90
1697723257.352464, 90
1697723257.370050, 90
1697723257.388321, 91
1697723257.405848, 92
1697723257.423726, 92
1697723257.440957, 92
1697723257.458359, 91
1697723257.475241, 92
1697723257.492702, 92
1697723257.510107, 92
1697723257.527182, 92
1697723257.544348, 91
1697723257.562696, 92
1697723257.579983, 91
1697723257.597203, 91
1697723257.614695, 91
1697723257.631642, 92
1697723257.649245, 91
1697723257.666084, 91
1697723257.682862, 91
1697723257.700317, 91
1697723257.717282, 91
1697723257.734404, 92
1697723257.751243, 92
1697723257.767956, 92
1697723257.784912, 92
1697723257.802360, 92
1697723257.819373, 92
1697723257.836260, 92
1697723257.853332, 91
1697723257.870261, 93
1697723257.887809, 93
1697723257.904718, 93
1697723257.921483, 93
1697723257.938754, 93
1697723257.955459, 92
1697723257.972411, 92
1697723257.989758, 92
1697723258.006689, 92
1697723258.023447, 92
1697723258.040584, 92
1697723258.057458, 91
1697723258.074117, 92
1697723258.091590, 93
1697723258.108607, 94
1697723258.125073, 93
1697723258.141982, 93
1697723258.158761, 93
1697723258.175774, 93
1697723258.193110, 93
1697723258.209898, 93
1697723258.228116, 93
1697723258.245242, 93
1697723258.262190, 93
1697723258.279316, 94
1697723258.295930, 93
1697723258.312982, 92
1697723258.329990, 92
1697723258.347217, 93
1697723258.364073, 93
1697723258.380949, 93
1697723258.398287, 92
1697723258.415142, 93
1697723258.432863, 93
1697723258.449521, 93
1697723258.466276, 94
1697723258.483308, 94
1697723258.499923, 94
1697723258.516579, 94
1697723258.533674, 94
1697723258.550783, 94
1697723258.567603, 94
1697723258.584500, 94
1697723258.601673, 94
1697723258.619027, 93
1697723258.635763, 94
1697723258.652074, 94
1697723258.669129, 93
1697723258.685921, 93
1697723258.702921, 93
1697723258.719953, 94
1697723258.736914, 93
1697723258.753788, 93
1697723258.770887, 93
1697723258.787912, 95
1697723258.804976, 95
1697723258.822057, 95
1697723258.838952, 95
1697723258.856071, 95
1697723258.873030, 94
1697723258.890138, 95
1697723258.907086, 95
1697723258.924327, 95
1697723258.941619, 94
1697723258.958513, 95
1697723258.975467, 94
1697723258.992306, 95
1697723259.009622, 94
1697723259.026312, 94
1697723259.042978, 94
1697723259.060037, 93
1697723259.076912, 93
1697723259.093954, 94
1697723259.110693, 94
1697723259.127669, 95
1697723259.144587, 96
1697723259.161224, 95
1697723259.177945, 95
1697723259.194412, 96
1697723259.211898, 95
1697723259.228880, 94
1697723259.245589, 94
1697723259.262094, 95
1697723259.279127, 96
1697723259.295628, 96
1697723259.312320, 95
1697723259.329165, 95
1697723259.346941, 95
1697723259.364305, 95
1697723259.381573, 95
1697723259.398432, 95
1697723259.415317, 95
1697723259.432475, 94
1697723259.450073, 95
1697723259.467016, 95
1697723259.484028, 95
1697723259.501559, 96
1697723259.518595, 97
1697723259.535530, 97
1697723259.552578, 96
1697723259.569615, 96
1697723259.586124, 96
1697723259.602933, 95
1697723259.619875, 96
1697723259.637446, 96
1697723259.654904, 95
1697723259.671558, 95
1697723259.688600, 96
1697723259.705869, 95
1697723259.723192, 95
1697723259.740023, 96
1697723259.756996, 95
1697723259.773575, 95
1697723259.790282, 95
1697723259.807853, 95
1697723259.824547, 97
1697723259.841873, 97
1697723259.859032, 96
1697723259.876025, 97
1697723259.892696, 97
1697723259.909578, 96
1697723259.926416, 97
1697723259.942830, 97
1697723259.959746, 97
1697723259.976697, 96
1697723259.994007, 97
1697723260.010577, 98
1697723260.027418, 97
1697723260.044666, 97
1697723260.061591, 97
1697723260.078739, 96
1697723260.096352, 96
1697723260.113451, 96
1697723260.130450, 97
1697723260.147584, 95
1697723260.164564, 96
1697723260.181490, 97
1697723260.198668, 97
1697723260.215704, 97
1697723260.232797, 98
1697723260.249940, 97
1697723260.267020, 98
1697723260.283857, 98
1697723260.301294, 98
1697723260.318055, 98
1697723260.334710, 98
1697723260.352313, 97
1697723260.369194, 98
1697723260.386248, 98
1697723260.403134, 97
1697723260.420290, 97
1697723260.436516, 97
1697723260.453590, 97
1697723260.470312, 97
1697723260.487672, 97
1697723260.504666, 98
1697723260.521405, 98
1697723260.538909, 98
1697723260.555781, 99
1697723260.572690, 98
1697723260.589314, 98
1697723260.606181, 98
1697723260.622673, 98
1697723260.639173, 97
1697723260.655691, 97
1697723260.672433, 99
1697723260.688929, 98
1697723260.705801, 98
1697723260.722793, 99
1697723260.740349, 98
1697723260.757146, 98
1697723260.774410, 97
1697723260.791023, 97
1697723260.808105, 98
1697723260.825269, 98
1697723260.842093, 97
1697723260.858984, 97
1697723260.875844, 97
1697723260.892782, 98
1697723260.909831, 99
1697723260.927093, 99
1697723260.944042, 99
1697723260.961030, 99
1697723260.978339, 99
1697723260.995136, 100
1697723261.011998, 100
1697723261.029083, 99
1697723261.046237, 100
1697723261.063401, 99
1697723261.080606, 99
1697723261.097404, 100
1697723261.113893, 100
1697723261.131185, 98
1697723261.148081, 98
1697723261.165449, 98
1697723261.182615, 98
1697723261.199088, 98
1697723261.216438, 99
1697723261.233008, 98
1697723261.249603, 100
1697723261.266783, 100
1697723261.283883, 99
1697723261.300789, 100
