1697720597.366920, 0
1697720597.385040, 0
1697720597.402079, 0
1697720597.419066, 2
1697720597.436503, 8
1697720597.453667, 7
1697720597.470500, 10
1697720597.487850, 10
1697720597.504666, 10
1697720597.521319, 9
1697720597.538204, 10
1697720597.555053, 10
1697720597.571820, 10
1697720597.588413, 6
1697720597.605090, 8
1697720597.621983, 7
1697720597.639246, 3
1697720597.656279, 5
1697720597.673019, 4
1697720597.690162, 2
1697720597.707091, 4
1697720597.723717, 4
1697720597.740510, 3
1697720597.757382, 4
1697720597.774330, 5
1697720597.791605, 5
1697720597.808393, 5
1697720597.825732, 5
1697720597.842818, 5
1697720597.859602, 6
1697720597.876639, 6
1697720597.893539, 7
1697720597.910409, 7
1697720597.927042, 7
1697720597.944010, 9
1697720597.960928, 7
1697720597.977956, 8
1697720597.994993, 8
1697720598.011713, 9
1697720598.028546, 8
1697720598.045675, 8
1697720598.063173, 8
1697720598.079729, 10
1697720598.096568, 10
1697720598.113404, 9
1697720598.130355, 8
1697720598.147737, 8
1697720598.164099, 2
1697720598.180781, 3
1697720598.197869, 1
1697720598.214357, 3
1697720598.231666, 2
1697720598.248343, 4
1697720598.266214, 4
1697720598.283877, 4
1697720598.300656, 4
1697720598.317395, 4
1697720598.334063, 5
1697720598.350707, 5
1697720598.367487, 6
1697720598.384130, 7
1697720598.400557, 6
1697720598.417897, 7
1697720598.434693, 7
1697720598.451290, 7
1697720598.468687, 7
1697720598.485176, 8
1697720598.501681, 8
1697720598.518724, 7
1697720598.535401, 9
1697720598.551967, 9
1697720598.569194, 9
1697720598.586047, 10
1697720598.602894, 9
1697720598.620173, 9
1697720598.637012, 9
1697720598.653918, 4
1697720598.670900, 2
1697720598.687899, 2
1697720598.705075, 3
1697720598.722332, 3
1697720598.739265, 3
1697720598.756248, 4
1697720598.773123, 4
1697720598.789720, 4
1697720598.806362, 5
1697720598.823035, 4
1697720598.839572, 5
1697720598.856402, 6
1697720598.873365, 6
1697720598.890019, 7
1697720598.906692, 6
1697720598.923043, 8
1697720598.939776, 6
1697720598.956724, 7
1697720598.973575, 8
1697720598.990223, 7
1697720599.006908, 7
1697720599.023756, 8
1697720599.040704, 9
1697720599.057193, 10
1697720599.074001, 10
1697720599.090824, 10
1697720599.108378, 9
1697720599.125929, 9
1697720599.142482, 10
1697720599.159727, 9
1697720599.176359, 9
1697720599.192988, 10
1697720599.210074, 9
1697720599.226671, 7
1697720599.243503, 2
1697720599.260380, 3
1697720599.277277, 3
1697720599.294580, 3
1697720599.311548, 4
1697720599.328317, 3
1697720599.345799, 4
1697720599.362714, 5
1697720599.379466, 4
1697720599.396707, 5
1697720599.413508, 6
1697720599.430454, 5
1697720599.447514, 6
1697720599.464163, 7
1697720599.480862, 7
1697720599.497941, 7
1697720599.514712, 7
1697720599.531210, 8
1697720599.548598, 6
1697720599.565166, 8
1697720599.581618, 7
1697720599.599194, 8
1697720599.616056, 8
1697720599.633285, 9
1697720599.650104, 8
1697720599.666832, 9
1697720599.683532, 10
1697720599.700172, 9
1697720599.716938, 9
1697720599.733537, 9
1697720599.750455, 10
1697720599.767132, 9
1697720599.784403, 8
1697720599.800994, 5
1697720599.818257, 2
1697720599.835182, 2
1697720599.852463, 3
1697720599.869184, 3
1697720599.886171, 3
1697720599.902802, 4
1697720599.919538, 4
1697720599.936704, 3
1697720599.953568, 4
1697720599.970605, 6
1697720599.987879, 5
1697720600.004491, 6
1697720600.021986, 6
1697720600.038974, 6
1697720600.055649, 6
1697720600.073043, 7
1697720600.089853, 8
1697720600.106672, 7
1697720600.123840, 8
1697720600.140606, 7
1697720600.157255, 8
1697720600.174985, 9
1697720600.191823, 9
1697720600.208468, 9
1697720600.225582, 9
1697720600.242154, 10
1697720600.259028, 9
1697720600.276169, 9
1697720600.293025, 9
1697720600.309509, 9
1697720600.326628, 10
1697720600.343449, 10
1697720600.360236, 9
1697720600.377280, 6
1697720600.394058, 3
1697720600.410535, 2
1697720600.427976, 3
1697720600.444665, 3
1697720600.461737, 4
1697720600.479148, 4
1697720600.496246, 4
1697720600.513282, 5
1697720600.530183, 5
1697720600.546996, 4
1697720600.563975, 6
1697720600.580730, 5
1697720600.597781, 6
1697720600.614330, 7
1697720600.631109, 6
1697720600.647793, 7
1697720600.664960, 8
1697720600.682133, 7
1697720600.699021, 8
1697720600.716401, 8
1697720600.733068, 9
1697720600.750005, 8
1697720600.767193, 9
1697720600.783831, 9
1697720600.800479, 8
1697720600.817687, 8
1697720600.834599, 9
1697720600.851292, 10
1697720600.868706, 10
1697720600.885525, 10
1697720600.902462, 9
1697720600.919625, 9
1697720600.936606, 8
1697720600.953656, 1
1697720600.971093, 2
1697720600.988048, 2
1697720601.005123, 3
1697720601.021760, 3
1697720601.038561, 3
1697720601.055805, 4
1697720601.072720, 4
1697720601.089245, 4
1697720601.106166, 5
1697720601.122939, 5
1697720601.139739, 5
1697720601.157846, 6
1697720601.174813, 5
1697720601.191524, 5
1697720601.208390, 6
1697720601.225117, 6
1697720601.241918, 7
1697720601.259471, 7
1697720601.276571, 8
1697720601.293321, 7
1697720601.310713, 7
1697720601.327152, 9
1697720601.343532, 8
1697720601.360489, 9
1697720601.377512, 10
1697720601.394787, 9
1697720601.411759, 8
1697720601.428528, 10
1697720601.445379, 10
1697720601.462161, 9
1697720601.478746, 10
1697720601.495737, 9
1697720601.512049, 9
1697720601.528753, 3
1697720601.545564, 2
1697720601.562516, 2
1697720601.579156, 2
1697720601.596098, 2
1697720601.612874, 3
1697720601.629391, 4
1697720601.646693, 4
1697720601.663616, 5
1697720601.680885, 3
1697720601.697582, 4
1697720601.714644, 6
1697720601.732254, 5
1697720601.749513, 6
1697720601.766221, 7
1697720601.783157, 6
1697720601.799900, 6
1697720601.816320, 7
1697720601.833419, 7
1697720601.850239, 8
1697720601.867096, 8
1697720601.884758, 8
1697720601.901608, 7
1697720601.918237, 8
1697720601.934896, 9
1697720601.951710, 9
1697720601.968711, 10
1697720601.985865, 10
1697720602.002690, 10
1697720602.019273, 9
1697720602.036565, 10
1697720602.053340, 9
1697720602.070176, 9
1697720602.087058, 8
1697720602.103895, 3
1697720602.121395, 2
1697720602.138128, 2
1697720602.155157, 3
1697720602.172410, 3
1697720602.189027, 3
1697720602.205779, 4
1697720602.222739, 5
1697720602.239423, 4
1697720602.256361, 5
1697720602.273106, 6
1697720602.289723, 5
1697720602.306299, 5
1697720602.323500, 5
1697720602.340377, 6
1697720602.357034, 7
1697720602.373564, 6
1697720602.390279, 7
1697720602.407441, 7
1697720602.424650, 8
1697720602.441494, 7
1697720602.458894, 8
1697720602.475658, 8
1697720602.491959, 10
1697720602.509197, 10
1697720602.525943, 10
1697720602.542764, 9
1697720602.560187, 8
1697720602.576930, 9
1697720602.593795, 9
1697720602.610808, 9
1697720602.627753, 10
1697720602.644964, 9
1697720602.662743, 9
1697720602.679448, 3
1697720602.696140, 2
1697720602.713429, 2
1697720602.730119, 2
1697720602.746624, 2
1697720602.763230, 3
1697720602.780051, 4
1697720602.797087, 4
1697720602.814211, 4
1697720602.831079, 4
1697720602.848081, 4
1697720602.864923, 6
1697720602.881350, 5
1697720602.897995, 5
1697720602.914631, 7
1697720602.931214, 6
1697720602.948768, 7
1697720602.965492, 8
1697720602.982138, 7
1697720602.999390, 8
1697720603.016047, 8
1697720603.032826, 8
1697720603.050033, 8
1697720603.066921, 9
1697720603.084029, 9
1697720603.100868, 9
1697720603.117345, 10
1697720603.134823, 10
1697720603.151819, 10
1697720603.169484, 10
1697720603.186747, 10
1697720603.203844, 10
1697720603.221417, 9
1697720603.238778, 8
1697720603.255844, 4
1697720603.272358, 2
1697720603.289648, 2
1697720603.306476, 3
1697720603.323216, 3
1697720603.340082, 4
1697720603.356722, 4
1697720603.373345, 4
1697720603.390806, 5
1697720603.407608, 4
1697720603.424353, 6
1697720603.441733, 5
1697720603.458515, 6
1697720603.475320, 6
1697720603.492876, 6
1697720603.509706, 6
1697720603.526211, 6
1697720603.543032, 7
1697720603.559744, 8
1697720603.576792, 8
1697720603.593800, 6
1697720603.610851, 7
1697720603.627591, 9
1697720603.644374, 8
1697720603.660930, 9
1697720603.678143, 10
1697720603.695011, 10
1697720603.711888, 10
1697720603.728884, 10
1697720603.745318, 9
1697720603.762259, 9
1697720603.779406, 10
1697720603.796416, 9
1697720603.813110, 8
1697720603.830205, 3
1697720603.846916, 2
1697720603.863536, 2
1697720603.880136, 2
1697720603.896801, 3
1697720603.913316, 3
1697720603.929971, 3
1697720603.946733, 4
1697720603.964345, 4
1697720603.981404, 5
1697720603.998119, 5
1697720604.014802, 6
1697720604.031095, 5
1697720604.047755, 5
1697720604.064976, 7
1697720604.081669, 6
1697720604.098266, 7
1697720604.115264, 8
1697720604.132097, 8
1697720604.149400, 8
1697720604.166451, 8
1697720604.183013, 8
1697720604.199445, 7
1697720604.216487, 9
1697720604.233295, 8
1697720604.250196, 9
1697720604.267025, 10
1697720604.283961, 10
1697720604.300629, 10
1697720604.317458, 10
1697720604.334244, 10
1697720604.351517, 9
1697720604.368325, 8
1697720604.385090, 8
1697720604.402113, 3
1697720604.419141, 2
1697720604.435877, 2
1697720604.453227, 2
1697720604.469883, 2
1697720604.486536, 4
1697720604.503542, 4
1697720604.520613, 5
1697720604.537621, 5
1697720604.554951, 5
1697720604.571759, 5
1697720604.588675, 5
1697720604.606074, 6
1697720604.622747, 6
1697720604.639982, 6
1697720604.657940, 7
1697720604.674825, 7
1697720604.691650, 7
1697720604.708542, 8
1697720604.725240, 8
1697720604.742589, 8
1697720604.759281, 7
1697720604.776031, 9
1697720604.793744, 9
1697720604.810268, 9
1697720604.826954, 10
1697720604.843615, 9
1697720604.860354, 10
1697720604.877155, 10
1697720604.894162, 9
1697720604.911379, 9
1697720604.928105, 10
1697720604.945482, 8
1697720604.962788, 8
1697720604.979305, 3
1697720604.996445, 3
1697720605.013389, 1
1697720605.030106, 2
1697720605.047157, 4
1697720605.063848, 3
1697720605.080720, 4
1697720605.098155, 5
1697720605.114822, 5
1697720605.131619, 4
1697720605.148708, 4
1697720605.166237, 6
1697720605.183272, 6
1697720605.200008, 6
1697720605.216814, 7
1697720605.234058, 7
1697720605.250971, 6
1697720605.267557, 7
1697720605.284486, 7
1697720605.301247, 8
1697720605.318120, 8
1697720605.335038, 8
1697720605.352587, 7
1697720605.369368, 9
1697720605.386796, 9
1697720605.403683, 9
1697720605.420257, 10
1697720605.437440, 9
1697720605.454459, 9
1697720605.471456, 10
1697720605.488737, 10
1697720605.505544, 8
1697720605.523057, 8
1697720605.539879, 5
1697720605.557158, 2
1697720605.573933, 3
1697720605.590816, 3
1697720605.607614, 3
1697720605.624125, 3
1697720605.641046, 4
1697720605.657869, 3
1697720605.675092, 4
1697720605.692029, 5
1697720605.708811, 5
1697720605.726280, 5
1697720605.743029, 6
1697720605.759577, 6
1697720605.776527, 6
1697720605.793218, 5
1697720605.810065, 7
1697720605.827443, 7
1697720605.844139, 7
1697720605.861530, 7
1697720605.878731, 7
1697720605.895694, 8
1697720605.912919, 9
1697720605.929825, 8
1697720605.946580, 8
1697720605.963866, 8
1697720605.980736, 9
1697720605.997673, 9
1697720606.014306, 10
1697720606.031280, 10
1697720606.047985, 9
1697720606.065310, 9
1697720606.081793, 10
1697720606.098610, 9
1697720606.115704, 6
1697720606.132656, 2
1697720606.149583, 2
1697720606.166557, 3
1697720606.183386, 2
1697720606.200752, 4
1697720606.217247, 3
1697720606.234088, 4
1697720606.251186, 5
1697720606.268349, 4
1697720606.285001, 5
1697720606.302421, 6
1697720606.319254, 5
1697720606.336012, 6
1697720606.353223, 7
1697720606.370200, 6
1697720606.386985, 7
1697720606.403965, 6
1697720606.420383, 8
1697720606.437161, 8
1697720606.454119, 8
1697720606.471318, 9
1697720606.488481, 8
1697720606.505890, 7
1697720606.522402, 8
1697720606.539186, 8
1697720606.556107, 9
1697720606.572721, 10
1697720606.589661, 10
1697720606.606431, 10
1697720606.623033, 10
1697720606.640080, 9
1697720606.656752, 8
1697720606.673637, 9
1697720606.690187, 4
1697720606.707005, 2
1697720606.723815, 2
1697720606.740657, 3
1697720606.757691, 3
1697720606.774302, 3
1697720606.791314, 4
1697720606.808596, 4
1697720606.825107, 4
1697720606.842320, 4
1697720606.859079, 4
1697720606.876030, 5
1697720606.893259, 6
1697720606.910089, 6
1697720606.926751, 6
1697720606.943720, 5
1697720606.960547, 7
1697720606.978107, 8
1697720606.994958, 7
1697720607.011700, 8
1697720607.028898, 7
1697720607.045320, 7
1697720607.062280, 8
1697720607.079163, 8
1697720607.095692, 8
1697720607.112687, 9
1697720607.130081, 10
1697720607.146770, 9
1697720607.163195, 10
1697720607.179732, 10
1697720607.196450, 10
1697720607.212983, 9
1697720607.230057, 10
1697720607.246938, 9
1697720607.263707, 6
1697720607.280225, 2
1697720607.297102, 3
1697720607.313593, 3
1697720607.330765, 3
1697720607.347347, 4
1697720607.364580, 3
1697720607.381982, 4
1697720607.398750, 5
1697720607.415454, 5
1697720607.432319, 5
1697720607.449461, 6
1697720607.466673, 5
1697720607.483508, 6
1697720607.500212, 7
1697720607.517410, 7
1697720607.534184, 7
1697720607.550727, 7
1697720607.567887, 8
1697720607.584858, 6
1697720607.601625, 8
1697720607.618972, 7
1697720607.635599, 8
1697720607.652233, 8
1697720607.669376, 9
1697720607.685996, 9
1697720607.702652, 9
1697720607.719514, 10
1697720607.736336, 9
1697720607.752893, 9
1697720607.769928, 9
1697720607.786548, 9
1697720607.803638, 9
1697720607.820326, 8
1697720607.837258, 4
1697720607.854564, 2
1697720607.871372, 2
1697720607.888625, 3
1697720607.905735, 2
1697720607.922345, 3
1697720607.939056, 4
1697720607.956350, 4
1697720607.973243, 3
1697720607.989791, 4
1697720608.006864, 4
1697720608.023691, 5
1697720608.040756, 6
1697720608.057979, 6
1697720608.074578, 7
1697720608.091388, 5
1697720608.108622, 6
1697720608.125713, 6
1697720608.142359, 7
1697720608.159165, 8
1697720608.175913, 7
1697720608.192329, 8
1697720608.208904, 9
1697720608.225610, 9
1697720608.242910, 9
1697720608.259758, 9
1697720608.276343, 10
1697720608.293074, 9
1697720608.309991, 9
1697720608.326896, 10
1697720608.344430, 10
1697720608.361139, 9
1697720608.377930, 10
1697720608.395368, 9
1697720608.412252, 6
1697720608.429392, 2
1697720608.446690, 2
1697720608.463583, 3
1697720608.480145, 2
1697720608.496917, 3
1697720608.513617, 3
1697720608.530549, 4
1697720608.547675, 5
1697720608.564278, 4
1697720608.581410, 5
1697720608.598556, 5
1697720608.615399, 5
1697720608.632094, 6
1697720608.648934, 7
1697720608.665976, 6
1697720608.683163, 6
1697720608.700153, 6
1697720608.717006, 7
1697720608.733728, 8
1697720608.751124, 8
1697720608.767810, 9
1697720608.784852, 8
1697720608.802086, 9
1697720608.818906, 9
1697720608.835971, 9
1697720608.853011, 9
1697720608.869682, 10
1697720608.886411, 9
1697720608.903379, 9
1697720608.920183, 9
1697720608.937222, 9
1697720608.954314, 9
1697720608.971395, 9
1697720608.988703, 3
1697720609.005700, 2
1697720609.022317, 2
1697720609.039521, 3
1697720609.056286, 3
1697720609.073019, 3
1697720609.090161, 4
1697720609.106979, 4
1697720609.124377, 4
1697720609.141094, 5
1697720609.157680, 6
1697720609.175036, 5
1697720609.191864, 6
1697720609.208537, 6
1697720609.225881, 6
1697720609.242598, 5
1697720609.259356, 7
1697720609.276808, 8
1697720609.293718, 7
1697720609.310412, 8
1697720609.327031, 8
1697720609.343694, 8
1697720609.360004, 9
1697720609.377075, 8
1697720609.394145, 9
1697720609.410903, 10
1697720609.428114, 10
1697720609.444725, 9
1697720609.461254, 10
1697720609.478558, 10
1697720609.495124, 9
1697720609.512167, 10
1697720609.528769, 10
1697720609.545522, 9
1697720609.562495, 5
1697720609.579539, 2
1697720609.596490, 2
1697720609.613661, 3
1697720609.630746, 3
1697720609.647554, 4
1697720609.664622, 4
1697720609.681094, 4
1697720609.697754, 5
1697720609.714897, 4
1697720609.731709, 5
1697720609.748367, 6
1697720609.765126, 5
1697720609.782743, 6
1697720609.799429, 7
1697720609.816472, 7
1697720609.833094, 7
1697720609.849878, 8
1697720609.867111, 7
1697720609.883820, 8
1697720609.900347, 8
1697720609.917553, 8
1697720609.934079, 8
1697720609.951306, 9
1697720609.968577, 10
1697720609.985453, 8
1697720610.003167, 9
1697720610.020215, 10
1697720610.036962, 9
1697720610.053876, 10
1697720610.070563, 10
1697720610.087436, 9
1697720610.104355, 9
1697720610.121120, 8
1697720610.137838, 2
1697720610.155023, 2
1697720610.171851, 2
1697720610.188705, 3
1697720610.206031, 3
1697720610.222997, 3
1697720610.239715, 4
1697720610.256824, 5
1697720610.273763, 3
1697720610.290864, 4
1697720610.307986, 5
1697720610.324835, 5
1697720610.341594, 6
1697720610.358893, 5
1697720610.375501, 6
1697720610.392133, 6
1697720610.409591, 7
1697720610.426206, 7
1697720610.442541, 7
1697720610.459764, 7
1697720610.476606, 7
1697720610.493426, 8
1697720610.510208, 9
1697720610.527344, 8
1697720610.544368, 9
1697720610.561661, 10
1697720610.578534, 9
1697720610.596019, 9
1697720610.612788, 10
1697720610.629579, 10
1697720610.646804, 9
1697720610.663778, 10
1697720610.680275, 10
1697720610.697281, 9
1697720610.714231, 3
1697720610.730823, 2
1697720610.747404, 2
1697720610.763954, 2
1697720610.780712, 3
1697720610.797935, 4
1697720610.814698, 4
1697720610.831173, 4
1697720610.848315, 5
1697720610.865066, 4
1697720610.881580, 5
1697720610.898619, 6
1697720610.915386, 5
1697720610.932118, 6
1697720610.949353, 7
1697720610.966273, 6
1697720610.983628, 7
1697720611.000524, 8
1697720611.017312, 7
1697720611.034529, 8
1697720611.051308, 8
1697720611.068357, 9
1697720611.085410, 8
1697720611.102356, 9
1697720611.119377, 8
1697720611.136577, 9
1697720611.153486, 10
1697720611.170087, 10
1697720611.186887, 10
1697720611.204029, 10
1697720611.220848, 9
1697720611.238093, 9
1697720611.254977, 9
1697720611.271873, 8
1697720611.289059, 3
1697720611.305954, 2
1697720611.322759, 2
1697720611.340154, 3
1697720611.357075, 3
1697720611.373423, 3
1697720611.390111, 3
1697720611.406918, 4
1697720611.423654, 4
1697720611.440493, 5
1697720611.457323, 5
1697720611.475122, 5
1697720611.492063, 6
1697720611.508774, 7
1697720611.525624, 6
1697720611.542214, 7
1697720611.558815, 7
1697720611.576321, 6
1697720611.592885, 7
1697720611.609587, 7
1697720611.626873, 7
1697720611.643527, 8
1697720611.659980, 8
1697720611.676746, 8
1697720611.693623, 9
1697720611.710156, 10
1697720611.727012, 10
1697720611.743662, 9
1697720611.760280, 10
1697720611.777276, 10
1697720611.793967, 9
1697720611.810439, 10
1697720611.827309, 10
1697720611.843960, 9
1697720611.861367, 3
1697720611.878036, 2
1697720611.894858, 2
1697720611.911697, 3
1697720611.928620, 2
1697720611.945498, 3
1697720611.962390, 4
1697720611.979079, 3
1697720611.996238, 5
1697720612.013319, 4
1697720612.030282, 5
1697720612.047059, 6
1697720612.063633, 5
1697720612.080442, 5
1697720612.097270, 7
1697720612.113646, 6
1697720612.130327, 6
1697720612.146946, 7
1697720612.163823, 7
1697720612.180233, 8
1697720612.196751, 8
1697720612.213906, 9
1697720612.230806, 8
1697720612.247268, 9
1697720612.264102, 9
1697720612.280851, 9
1697720612.297698, 9
1697720612.314745, 10
1697720612.331425, 9
1697720612.348057, 9
1697720612.364870, 9
1697720612.381556, 10
1697720612.399232, 9
1697720612.415979, 8
1697720612.432647, 2
1697720612.449592, 2
1697720612.466118, 2
1697720612.482704, 3
1697720612.499693, 3
1697720612.516526, 3
1697720612.533458, 4
1697720612.550363, 5
1697720612.567280, 4
1697720612.583694, 5
1697720612.600648, 5
1697720612.617496, 4
1697720612.634431, 6
1697720612.651026, 6
1697720612.667548, 6
1697720612.684615, 6
1697720612.701559, 6
1697720612.718295, 6
1697720612.735247, 7
1697720612.751842, 8
1697720612.768591, 8
1697720612.785527, 8
1697720612.801948, 9
1697720612.818639, 8
1697720612.835645, 9
1697720612.852149, 9
1697720612.868954, 10
1697720612.886222, 9
1697720612.903059, 10
1697720612.919876, 10
1697720612.936457, 9
1697720612.953336, 9
1697720612.969733, 10
1697720612.986743, 9
1697720613.003498, 6
1697720613.020640, 2
1697720613.037396, 3
1697720613.054282, 3
1697720613.071708, 3
1697720613.088498, 4
1697720613.105437, 3
1697720613.122726, 4
1697720613.139571, 5
1697720613.156136, 5
1697720613.172728, 5
1697720613.189050, 6
1697720613.205693, 6
1697720613.222880, 6
1697720613.239522, 7
1697720613.256180, 7
1697720613.272638, 7
1697720613.289407, 7
1697720613.305888, 8
1697720613.323256, 7
1697720613.340046, 7
1697720613.356788, 8
1697720613.374010, 8
1697720613.390717, 8
1697720613.407962, 9
1697720613.425329, 8
1697720613.442407, 9
1697720613.459620, 10
1697720613.476339, 10
1697720613.492659, 10
1697720613.509622, 10
1697720613.526304, 10
1697720613.543024, 8
1697720613.559905, 9
1697720613.576562, 6
1697720613.593233, 2
1697720613.609910, 2
1697720613.626672, 3
1697720613.643303, 2
1697720613.659828, 3
1697720613.676614, 4
1697720613.693481, 4
1697720613.710692, 4
1697720613.727251, 5
1697720613.743855, 5
1697720613.761024, 5
1697720613.777706, 6
1697720613.795090, 6
1697720613.812256, 7
1697720613.828935, 6
1697720613.846189, 7
1697720613.863007, 6
1697720613.879739, 7
1697720613.896839, 8
1697720613.913729, 7
1697720613.930350, 8
1697720613.947319, 9
1697720613.964151, 9
1697720613.981151, 8
1697720613.997954, 9
1697720614.014616, 10
1697720614.031195, 9
1697720614.048512, 10
1697720614.065165, 10
1697720614.082312, 10
1697720614.099489, 9
1697720614.116071, 10
1697720614.132592, 9
1697720614.149752, 7
1697720614.166500, 2
1697720614.182984, 2
1697720614.199997, 2
1697720614.216428, 3
1697720614.232857, 4
1697720614.249778, 4
1697720614.266307, 4
1697720614.283327, 5
1697720614.300094, 4
1697720614.316814, 5
1697720614.334253, 4
1697720614.351072, 5
1697720614.367820, 6
1697720614.385025, 6
1697720614.401969, 7
1697720614.418538, 5
1697720614.435533, 7
1697720614.452157, 8
1697720614.469005, 7
1697720614.486205, 8
1697720614.503286, 8
1697720614.520027, 9
1697720614.537049, 8
1697720614.553854, 9
1697720614.570421, 8
1697720614.587069, 8
1697720614.603667, 10
1697720614.620258, 10
1697720614.636917, 8
1697720614.653520, 10
1697720614.670856, 9
1697720614.687584, 9
1697720614.704402, 8
1697720614.721428, 6
1697720614.738154, 2
1697720614.754764, 2
1697720614.771962, 2
1697720614.788675, 2
1697720614.805435, 3
1697720614.822125, 3
1697720614.838748, 3
1697720614.855580, 4
1697720614.872348, 5
1697720614.889134, 5
1697720614.905987, 6
1697720614.922977, 5
1697720614.939936, 6
1697720614.956470, 6
1697720614.973433, 5
1697720614.990084, 7
1697720615.006533, 6
1697720615.023688, 7
1697720615.040287, 8
1697720615.057062, 8
1697720615.074035, 7
1697720615.090319, 8
1697720615.107240, 9
1697720615.124336, 8
1697720615.141263, 9
1697720615.157871, 10
1697720615.174624, 9
1697720615.191424, 10
1697720615.208458, 10
1697720615.225514, 9
1697720615.242014, 9
1697720615.258865, 10
1697720615.275600, 9
1697720615.292393, 10
1697720615.309063, 3
1697720615.325904, 2
1697720615.342777, 2
1697720615.360302, 3
1697720615.377082, 3
1697720615.393714, 3
1697720615.410476, 3
1697720615.427240, 3
1697720615.444021, 5
1697720615.461556, 5
1697720615.478071, 5
1697720615.495049, 6
1697720615.512295, 4
1697720615.529059, 5
1697720615.546009, 7
1697720615.562389, 6
1697720615.579370, 7
1697720615.596832, 8
1697720615.613653, 8
1697720615.630409, 7
1697720615.647597, 8
1697720615.664438, 8
1697720615.681260, 8
1697720615.698435, 9
1697720615.715274, 9
1697720615.732104, 9
1697720615.749146, 10
1697720615.765792, 10
1697720615.782545, 9
1697720615.799486, 9
1697720615.815719, 10
1697720615.832399, 9
1697720615.849498, 8
1697720615.866213, 8
1697720615.882944, 3
1697720615.900606, 2
1697720615.917387, 2
1697720615.934067, 3
1697720615.951426, 3
1697720615.968005, 4
1697720615.984652, 4
1697720616.001824, 5
1697720616.018510, 5
1697720616.035252, 5
1697720616.052596, 5
1697720616.069432, 5
1697720616.086844, 6
1697720616.104608, 6
1697720616.121459, 6
1697720616.138959, 7
1697720616.155671, 7
1697720616.172710, 6
1697720616.189967, 7
1697720616.206871, 8
1697720616.223716, 8
1697720616.240815, 9
1697720616.257668, 9
1697720616.274375, 9
1697720616.291200, 9
1697720616.308012, 10
1697720616.324728, 9
1697720616.341900, 9
1697720616.358684, 9
1697720616.375263, 9
1697720616.392599, 9
1697720616.409202, 10
1697720616.426127, 9
1697720616.442827, 9
1697720616.459652, 3
1697720616.476474, 1
1697720616.493338, 2
1697720616.510158, 3
1697720616.527500, 4
1697720616.544653, 3
1697720616.561248, 4
1697720616.578608, 5
1697720616.595358, 5
1697720616.612225, 5
1697720616.628767, 5
1697720616.645538, 6
1697720616.662358, 5
1697720616.679702, 5
1697720616.696654, 6
1697720616.713353, 6
1697720616.730080, 7
1697720616.746950, 8
1697720616.763745, 8
1697720616.780632, 8
1697720616.797375, 8
1697720616.813922, 8
1697720616.831735, 8
1697720616.848813, 9
1697720616.866307, 8
1697720616.883366, 8
1697720616.900191, 10
1697720616.917347, 9
1697720616.933957, 10
1697720616.950566, 10
1697720616.967364, 10
1697720616.984224, 10
1697720617.001255, 9
1697720617.018294, 6
1697720617.035372, 2
1697720617.052006, 2
1697720617.069269, 2
1697720617.086108, 2
1697720617.103175, 2
1697720617.120278, 3
1697720617.137215, 3
1697720617.153908, 4
1697720617.170541, 5
1697720617.187388, 5
1697720617.204011, 5
1697720617.220848, 6
1697720617.237648, 6
1697720617.254542, 6
1697720617.271336, 6
1697720617.287832, 7
1697720617.304730, 6
1697720617.321618, 7
1697720617.338343, 7
1697720617.355001, 7
1697720617.371862, 8
1697720617.389413, 9
1697720617.406314, 9
1697720617.423238, 8
1697720617.439863, 8
1697720617.456835, 10
1697720617.474138, 9
1697720617.490930, 10
1697720617.508074, 10
1697720617.525038, 9
1697720617.541618, 8
1697720617.558344, 10
1697720617.574953, 9
1697720617.591659, 8
1697720617.608348, 2
1697720617.625872, 3
1697720617.642303, 1
1697720617.659060, 3
1697720617.675722, 4
1697720617.692327, 3
1697720617.708805, 4
1697720617.725378, 4
1697720617.742007, 4
1697720617.758702, 4
1697720617.775510, 5
1697720617.792702, 5
1697720617.809164, 6
1697720617.826290, 6
1697720617.842961, 7
1697720617.859621, 7
1697720617.876426, 7
1697720617.893327, 8
1697720617.909789, 8
1697720617.926315, 8
1697720617.943064, 8
1697720617.960600, 8
1697720617.977129, 8
1697720617.993981, 8
1697720618.010605, 8
1697720618.027479, 9
1697720618.044253, 10
1697720618.061009, 10
1697720618.078027, 10
1697720618.094705, 9
1697720618.112231, 10
1697720618.128636, 9
1697720618.145348, 8
1697720618.162388, 8
1697720618.179160, 3
1697720618.195683, 2
1697720618.212339, 2
1697720618.228862, 3
1697720618.245605, 3
1697720618.262646, 3
1697720618.279315, 4
1697720618.295670, 5
1697720618.312421, 4
1697720618.329390, 5
1697720618.345907, 5
1697720618.362583, 4
1697720618.379371, 6
1697720618.395859, 5
1697720618.412392, 5
1697720618.429183, 7
1697720618.445921, 7
1697720618.462812, 7
1697720618.479312, 6
1697720618.495937, 8
1697720618.513437, 8
1697720618.530065, 8
1697720618.547624, 9
1697720618.564140, 8
1697720618.581255, 8
1697720618.597735, 10
1697720618.614289, 9
1697720618.631115, 9
1697720618.647729, 9
1697720618.664305, 9
1697720618.681142, 9
1697720618.698060, 10
1697720618.714696, 10
1697720618.731345, 9
1697720618.748758, 3
1697720618.766688, 2
1697720618.783474, 2
1697720618.800825, 3
1697720618.817417, 2
1697720618.834174, 3
1697720618.850716, 4
1697720618.867618, 4
1697720618.884285, 5
1697720618.900977, 4
1697720618.917758, 5
1697720618.935043, 6
1697720618.952175, 5
1697720618.968883, 5
1697720618.985873, 6
1697720619.002535, 6
1697720619.019421, 7
1697720619.036066, 8
1697720619.052789, 8
1697720619.069495, 8
1697720619.086186, 8
1697720619.103237, 9
1697720619.120143, 8
1697720619.137540, 9
1697720619.154280, 9
1697720619.171168, 8
1697720619.187832, 9
1697720619.204754, 10
1697720619.221467, 10
1697720619.237940, 10
1697720619.254873, 10
1697720619.271382, 9
1697720619.287928, 9
1697720619.304533, 9
1697720619.321519, 3
1697720619.338117, 2
1697720619.354525, 2
1697720619.371078, 3
1697720619.388270, 3
1697720619.405013, 3
1697720619.421774, 4
1697720619.438641, 5
1697720619.455290, 4
1697720619.471930, 5
1697720619.488421, 6
1697720619.505087, 5
1697720619.521958, 6
1697720619.538470, 6
1697720619.555032, 7
1697720619.571899, 7
1697720619.588742, 7
1697720619.605566, 6
1697720619.622296, 6
1697720619.639400, 7
1697720619.656271, 7
1697720619.672867, 8
1697720619.690137, 9
1697720619.706892, 10
1697720619.723401, 8
1697720619.740647, 9
1697720619.757525, 10
1697720619.774453, 9
1697720619.791348, 10
1697720619.808113, 10
1697720619.825104, 10
1697720619.841982, 9
1697720619.858764, 10
1697720619.875679, 9
1697720619.893053, 6
1697720619.909864, 2
1697720619.926709, 2
1697720619.943416, 3
1697720619.960150, 2
1697720619.977172, 3
1697720619.994092, 3
1697720620.011013, 4
1697720620.028162, 5
1697720620.044827, 5
1697720620.061358, 5
1697720620.078387, 6
1697720620.095305, 5
1697720620.111774, 5
1697720620.128556, 7
1697720620.145402, 6
1697720620.162184, 7
1697720620.178712, 6
1697720620.195275, 8
1697720620.213050, 7
1697720620.229523, 8
1697720620.246315, 8
1697720620.262883, 9
1697720620.279612, 8
1697720620.296198, 9
1697720620.312641, 9
1697720620.329581, 9
1697720620.345989, 10
1697720620.362684, 9
1697720620.379364, 9
1697720620.396219, 10
1697720620.412826, 10
1697720620.429458, 9
1697720620.446306, 8
1697720620.462945, 6
1697720620.479776, 2
1697720620.496180, 2
1697720620.512953, 2
1697720620.529574, 2
1697720620.546127, 3
1697720620.562818, 4
1697720620.579223, 3
1697720620.595718, 4
1697720620.612212, 5
1697720620.629004, 5
1697720620.646243, 6
1697720620.663039, 5
1697720620.679583, 6
1697720620.696314, 6
1697720620.713365, 5
1697720620.730516, 6
1697720620.747324, 6
1697720620.763909, 7
1697720620.780391, 8
1697720620.798527, 8
1697720620.815501, 8
1697720620.832870, 9
1697720620.849909, 9
1697720620.866814, 8
1697720620.883974, 9
1697720620.900669, 10
1697720620.917283, 9
1697720620.934032, 10
1697720620.951919, 10
1697720620.968588, 9
1697720620.986696, 9
1697720621.003514, 9
1697720621.020085, 9
1697720621.037259, 8
1697720621.054087, 3
1697720621.071133, 3
1697720621.087908, 2
1697720621.104672, 3
1697720621.122203, 4
1697720621.139003, 3
1697720621.155691, 3
1697720621.172736, 4
1697720621.189517, 4
1697720621.206347, 5
1697720621.223246, 6
1697720621.240274, 5
1697720621.257233, 6
1697720621.274983, 7
1697720621.292302, 7
1697720621.309120, 6
1697720621.326420, 7
1697720621.343019, 8
1697720621.359597, 7
1697720621.376733, 8
1697720621.393627, 7
1697720621.410106, 8
1697720621.427153, 8
1697720621.443785, 9
1697720621.461056, 8
1697720621.478832, 9
1697720621.495685, 10
1697720621.512316, 10
1697720621.529029, 10
1697720621.546007, 10
1697720621.563478, 10
1697720621.580195, 9
1697720621.597044, 8
1697720621.614276, 5
1697720621.631050, 2
1697720621.647677, 2
1697720621.664752, 3
1697720621.681475, 2
1697720621.698052, 3
1697720621.715179, 3
1697720621.731886, 3
1697720621.748801, 4
1697720621.766147, 5
1697720621.782889, 5
1697720621.799439, 5
1697720621.816940, 5
1697720621.833680, 5
1697720621.850594, 7
1697720621.867861, 6
1697720621.884496, 7
1697720621.901687, 6
1697720621.918971, 7
1697720621.935728, 8
1697720621.952974, 8
1697720621.969768, 8
1697720621.986385, 9
1697720622.003212, 8
1697720622.019952, 9
1697720622.036454, 9
1697720622.053427, 10
1697720622.070288, 9
1697720622.087085, 10
1697720622.104482, 10
1697720622.121390, 10
1697720622.138119, 9
1697720622.155313, 10
1697720622.172132, 9
1697720622.188788, 6
1697720622.205656, 2
1697720622.222396, 2
1697720622.239560, 3
1697720622.256460, 2
1697720622.273344, 3
1697720622.290435, 3
1697720622.308034, 4
1697720622.324416, 5
1697720622.341611, 4
1697720622.359356, 5
1697720622.376069, 6
1697720622.393162, 5
1697720622.410119, 6
1697720622.426703, 7
1697720622.443603, 6
1697720622.460635, 7
1697720622.477411, 8
1697720622.494902, 7
1697720622.512061, 7
1697720622.528668, 8
1697720622.545273, 9
1697720622.562134, 8
1697720622.578852, 9
1697720622.596021, 8
1697720622.612569, 8
1697720622.629211, 9
1697720622.646305, 10
1697720622.663261, 10
1697720622.679967, 10
1697720622.696995, 10
1697720622.713481, 9
1697720622.730012, 8
1697720622.746738, 9
1697720622.763537, 3
1697720622.780873, 2
1697720622.797973, 3
1697720622.814615, 3
1697720622.831822, 3
1697720622.848658, 2
1697720622.865902, 4
1697720622.883132, 4
1697720622.900129, 4
1697720622.916765, 5
1697720622.933818, 5
1697720622.950644, 4
1697720622.967236, 6
1697720622.984808, 6
1697720623.001646, 6
1697720623.018293, 6
1697720623.035269, 7
1697720623.052399, 7
1697720623.068963, 7
1697720623.086371, 8
1697720623.103188, 7
1697720623.119450, 8
1697720623.136495, 9
1697720623.153132, 9
1697720623.170063, 9
1697720623.186718, 9
1697720623.203445, 10
1697720623.220600, 8
1697720623.237333, 9
1697720623.254086, 10
1697720623.270672, 9
1697720623.287391, 8
1697720623.303904, 9
1697720623.320721, 9
1697720623.337678, 5
1697720623.354470, 3
1697720623.372035, 2
1697720623.389112, 3
1697720623.405780, 3
1697720623.422898, 4
1697720623.439650, 2
1697720623.456629, 3
1697720623.473706, 4
1697720623.490219, 4
1697720623.506979, 5
1697720623.524254, 6
1697720623.541001, 6
1697720623.558027, 6
1697720623.575456, 6
1697720623.592357, 6
1697720623.608948, 7
1697720623.626070, 8
1697720623.642588, 8
1697720623.659573, 8
1697720623.676487, 8
1697720623.693176, 8
1697720623.710640, 8
1697720623.727410, 9
1697720623.744164, 9
1697720623.761202, 8
1697720623.778409, 9
1697720623.795160, 9
1697720623.812392, 9
1697720623.829329, 10
1697720623.846113, 10
1697720623.862861, 10
1697720623.879732, 9
1697720623.896468, 9
1697720623.913504, 3
1697720623.930355, 2
1697720623.946986, 2
1697720623.964080, 3
1697720623.980542, 3
1697720623.997123, 3
1697720624.013851, 4
1697720624.030804, 5
1697720624.047849, 3
1697720624.065142, 5
1697720624.081918, 5
1697720624.099072, 5
1697720624.116398, 6
1697720624.133224, 6
1697720624.150429, 5
1697720624.167180, 5
1697720624.183973, 6
1697720624.200918, 7
1697720624.217540, 7
1697720624.234277, 8
1697720624.251139, 8
1697720624.268545, 8
1697720624.285326, 9
1697720624.302121, 8
1697720624.319665, 9
1697720624.336281, 10
1697720624.353434, 10
1697720624.369992, 9
1697720624.386514, 10
1697720624.403761, 10
1697720624.420555, 9
1697720624.437054, 9
1697720624.453908, 10
1697720624.470776, 9
1697720624.487851, 5
1697720624.504471, 2
1697720624.520879, 3
1697720624.537397, 3
1697720624.554208, 3
1697720624.570813, 4
1697720624.588329, 4
1697720624.604886, 3
1697720624.621466, 4
1697720624.638503, 4
1697720624.655239, 5
1697720624.671954, 6
1697720624.689452, 5
1697720624.706287, 5
1697720624.723291, 7
1697720624.740628, 6
1697720624.757254, 7
1697720624.774369, 8
1697720624.791188, 7
1697720624.808203, 8
1697720624.825864, 8
1697720624.842405, 8
1697720624.858922, 8
1697720624.876142, 9
1697720624.892673, 9
1697720624.909392, 8
1697720624.926531, 9
1697720624.943162, 10
1697720624.959742, 9
1697720624.976942, 10
1697720624.993650, 9
1697720625.010334, 9
1697720625.026755, 9
1697720625.043447, 8
1697720625.059845, 3
1697720625.076899, 2
1697720625.093780, 2
1697720625.110808, 3
1697720625.127626, 2
1697720625.144839, 3
1697720625.162247, 4
1697720625.179300, 5
1697720625.195977, 3
1697720625.213128, 5
1697720625.229911, 5
1697720625.246524, 5
1697720625.263325, 5
1697720625.279999, 6
1697720625.296411, 6
1697720625.313737, 7
1697720625.330446, 7
1697720625.347142, 8
1697720625.364235, 7
1697720625.381324, 8
1697720625.398050, 7
1697720625.415048, 8
1697720625.431657, 8
1697720625.448358, 8
1697720625.465011, 9
1697720625.481733, 9
1697720625.498580, 10
1697720625.515400, 9
1697720625.532104, 10
1697720625.548564, 10
1697720625.565249, 10
1697720625.581841, 9
1697720625.598796, 10
1697720625.616078, 9
1697720625.632773, 6
1697720625.649785, 2
1697720625.666384, 3
1697720625.683022, 3
1697720625.700060, 3
1697720625.716970, 3
1697720625.734058, 3
1697720625.751084, 4
1697720625.768028, 5
1697720625.784727, 5
1697720625.801786, 5
1697720625.818619, 6
1697720625.835293, 5
1697720625.852381, 6
1697720625.869074, 6
1697720625.885691, 6
1697720625.902848, 7
1697720625.919368, 7
1697720625.936588, 8
1697720625.952981, 7
1697720625.969706, 8
1697720625.986975, 8
1697720626.003735, 8
1697720626.020686, 8
1697720626.038090, 9
1697720626.054993, 9
1697720626.071742, 9
1697720626.088794, 9
1697720626.105995, 9
1697720626.122556, 10
1697720626.139366, 9
1697720626.155992, 9
1697720626.172559, 9
1697720626.189540, 8
1697720626.206176, 5
1697720626.222643, 2
1697720626.239875, 2
1697720626.256571, 3
1697720626.273098, 2
1697720626.290034, 2
1697720626.306552, 3
1697720626.323517, 3
1697720626.340751, 4
1697720626.357490, 5
1697720626.375280, 5
1697720626.392262, 4
1697720626.408665, 5
1697720626.425645, 5
1697720626.442240, 6
1697720626.458841, 6
1697720626.476030, 7
1697720626.492707, 6
1697720626.509060, 7
1697720626.526160, 8
1697720626.542802, 8
1697720626.559644, 7
1697720626.576854, 8
1697720626.593771, 9
1697720626.610279, 9
1697720626.627313, 9
1697720626.644325, 10
1697720626.661446, 10
1697720626.678147, 10
1697720626.695060, 9
1697720626.712267, 9
1697720626.729016, 9
1697720626.745666, 9
1697720626.762109, 9
1697720626.778721, 7
1697720626.795702, 2
1697720626.812740, 3
1697720626.829318, 1
1697720626.845825, 2
1697720626.862747, 4
1697720626.879591, 3
1697720626.896536, 4
1697720626.913463, 5
1697720626.930460, 4
1697720626.947554, 4
1697720626.964743, 5
1697720626.981398, 5
1697720626.998087, 6
1697720627.014712, 5
1697720627.031236, 6
1697720627.048041, 7
1697720627.064889, 7
1697720627.081583, 8
1697720627.098856, 8
1697720627.115665, 8
1697720627.132072, 8
1697720627.149182, 8
1697720627.165900, 7
1697720627.182462, 8
1697720627.199621, 8
1697720627.216339, 9
1697720627.233600, 10
1697720627.250194, 9
1697720627.267181, 10
1697720627.284824, 9
1697720627.301446, 9
1697720627.318485, 9
1697720627.335736, 8
1697720627.352427, 6
1697720627.369473, 2
1697720627.386666, 2
1697720627.403598, 3
1697720627.420458, 3
1697720627.437407, 2
1697720627.454854, 3
1697720627.471872, 5
1697720627.488970, 4
1697720627.505750, 5
1697720627.522624, 5
1697720627.539903, 5
1697720627.556930, 5
1697720627.573732, 5
1697720627.590354, 6
1697720627.607091, 6
1697720627.624071, 7
1697720627.641262, 7
1697720627.658011, 7
1697720627.674560, 8
1697720627.691509, 7
1697720627.708036, 8
1697720627.725456, 9
1697720627.742165, 8
1697720627.758979, 9
1697720627.776142, 9
1697720627.792742, 10
1697720627.809313, 10
1697720627.826166, 10
1697720627.842856, 10
1697720627.859562, 9
1697720627.876601, 8
1697720627.893413, 9
1697720627.910267, 9
1697720627.927563, 6
1697720627.943833, 2
1697720627.960114, 3
1697720627.976573, 2
1697720627.993154, 3
1697720628.010424, 4
1697720628.027178, 3
1697720628.044020, 4
1697720628.061218, 5
1697720628.078210, 5
1697720628.094920, 5
1697720628.112290, 6
1697720628.129260, 5
1697720628.146074, 6
1697720628.163337, 7
1697720628.180244, 7
1697720628.196821, 7
1697720628.213478, 7
1697720628.230302, 8
1697720628.247146, 7
1697720628.264544, 7
1697720628.281234, 7
1697720628.298071, 9
1697720628.315251, 8
1697720628.331914, 9
1697720628.348585, 8
1697720628.365869, 8
1697720628.382722, 9
1697720628.399915, 10
1697720628.416947, 10
1697720628.433963, 10
1697720628.450912, 10
1697720628.467697, 8
1697720628.484543, 8
1697720628.501102, 5
1697720628.518646, 2
1697720628.535199, 2
1697720628.552130, 3
1697720628.570008, 2
1697720628.586655, 3
1697720628.603859, 4
1697720628.620904, 5
1697720628.637822, 3
1697720628.655483, 4
1697720628.672043, 4
1697720628.688717, 5
1697720628.705934, 6
1697720628.722759, 6
1697720628.739449, 7
1697720628.756087, 6
1697720628.772986, 6
1697720628.790234, 6
1697720628.807593, 7
1697720628.824440, 8
1697720628.841723, 7
1697720628.858629, 7
1697720628.875547, 9
1697720628.892766, 9
1697720628.909554, 9
1697720628.926318, 9
1697720628.943403, 10
1697720628.960373, 8
1697720628.976928, 9
1697720628.994019, 9
1697720629.010810, 9
1697720629.027478, 10
1697720629.044353, 10
1697720629.061023, 9
1697720629.077686, 6
1697720629.094827, 2
1697720629.111508, 2
1697720629.128737, 3
1697720629.145725, 3
1697720629.162309, 4
1697720629.179308, 3
1697720629.195995, 3
1697720629.213204, 4
1697720629.230074, 4
1697720629.246959, 5
1697720629.263611, 6
1697720629.280558, 6
1697720629.297348, 6
1697720629.314176, 7
1697720629.331191, 6
1697720629.348041, 6
1697720629.364641, 6
1697720629.381751, 8
1697720629.399459, 8
1697720629.416082, 8
1697720629.433400, 9
1697720629.450026, 8
1697720629.466631, 7
1697720629.483711, 8
1697720629.500526, 8
1697720629.517256, 9
1697720629.533963, 10
1697720629.550713, 9
1697720629.567964, 10
1697720629.584740, 10
1697720629.601543, 9
1697720629.618438, 9
1697720629.635237, 8
1697720629.652022, 3
1697720629.669335, 2
1697720629.686159, 2
1697720629.702668, 3
1697720629.719707, 3
1697720629.736427, 2
1697720629.753196, 3
1697720629.770343, 4
1697720629.787216, 4
1697720629.803954, 5
1697720629.821141, 5
1697720629.837885, 5
1697720629.854486, 5
1697720629.871862, 5
1697720629.888686, 6
1697720629.905433, 6
1697720629.922761, 7
1697720629.939516, 7
1697720629.956981, 6
1697720629.973962, 8
1697720629.990706, 7
1697720630.007786, 8
1697720630.024457, 9
1697720630.041173, 9
1697720630.057988, 9
1697720630.074756, 9
1697720630.091292, 10
1697720630.108334, 8
1697720630.125195, 10
1697720630.141708, 10
1697720630.158544, 9
1697720630.175326, 8
1697720630.191817, 9
1697720630.208770, 9
1697720630.225390, 6
1697720630.242042, 2
1697720630.259388, 2
1697720630.276395, 3
1697720630.293005, 2
1697720630.310033, 4
1697720630.327032, 3
1697720630.343653, 4
1697720630.360578, 5
1697720630.377388, 4
1697720630.394640, 5
1697720630.411424, 6
1697720630.428811, 5
1697720630.446157, 6
1697720630.462847, 7
1697720630.479720, 6
1697720630.496925, 7
1697720630.513759, 8
1697720630.530483, 7
1697720630.547800, 7
1697720630.564861, 7
1697720630.581826, 8
1697720630.599010, 8
1697720630.615733, 9
1697720630.632714, 9
1697720630.649875, 8
1697720630.666889, 8
1697720630.683690, 9
1697720630.700236, 9
1697720630.716930, 10
1697720630.733574, 10
1697720630.750468, 9
1697720630.767281, 9
1697720630.784362, 9
1697720630.801191, 2
1697720630.818128, 3
1697720630.835402, 2
1697720630.852321, 3
1697720630.868930, 3
1697720630.886011, 3
1697720630.902605, 4
1697720630.919348, 4
1697720630.936144, 4
1697720630.952795, 5
1697720630.969312, 5
1697720630.985952, 4
1697720631.002775, 6
1697720631.019521, 6
1697720631.036307, 6
1697720631.052899, 5
1697720631.069546, 7
1697720631.086806, 6
1697720631.103694, 7
1697720631.120157, 8
1697720631.137522, 7
1697720631.154101, 7
1697720631.171375, 9
1697720631.187979, 8
1697720631.204742, 9
1697720631.221873, 9
1697720631.238322, 9
1697720631.254970, 9
1697720631.272445, 10
1697720631.289097, 10
1697720631.306034, 9
1697720631.323336, 10
1697720631.340194, 10
1697720631.357042, 9
1697720631.374098, 6
1697720631.390750, 2
1697720631.407445, 2
1697720631.424638, 3
1697720631.441367, 2
1697720631.457965, 4
1697720631.474968, 3
1697720631.491611, 4
1697720631.507954, 5
1697720631.524998, 5
1697720631.541529, 5
1697720631.558000, 6
1697720631.575056, 5
1697720631.591821, 5
1697720631.608582, 7
1697720631.625268, 6
1697720631.642006, 7
1697720631.659404, 7
1697720631.676009, 8
1697720631.692837, 7
1697720631.709738, 8
1697720631.726467, 8
1697720631.742878, 9
1697720631.759888, 8
1697720631.776606, 9
1697720631.793313, 8
1697720631.809976, 8
1697720631.826564, 10
1697720631.843235, 9
1697720631.860030, 10
1697720631.876975, 9
1697720631.893516, 9
1697720631.910519, 9
1697720631.927338, 8
1697720631.944541, 6
1697720631.961595, 3
1697720631.978548, 2
1697720631.996388, 2
1697720632.013766, 2
1697720632.030637, 3
1697720632.047325, 3
1697720632.063985, 3
1697720632.080728, 4
1697720632.097976, 5
1697720632.115036, 5
1697720632.131648, 5
1697720632.149104, 5
1697720632.165693, 5
1697720632.182203, 6
1697720632.198983, 6
1697720632.215571, 6
1697720632.232134, 6
1697720632.249263, 7
1697720632.266134, 8
1697720632.282785, 8
1697720632.299537, 8
1697720632.316538, 9
1697720632.333147, 9
1697720632.350431, 9
1697720632.367136, 8
1697720632.383656, 10
1697720632.400827, 9
1697720632.417609, 10
1697720632.434212, 10
1697720632.451547, 9
1697720632.468144, 8
1697720632.485161, 10
1697720632.501789, 9
1697720632.518761, 7
1697720632.535861, 2
1697720632.552582, 3
1697720632.569070, 1
1697720632.586118, 2
1697720632.602838, 3
1697720632.619746, 3
1697720632.636503, 4
1697720632.653444, 5
1697720632.670030, 5
1697720632.686884, 5
1697720632.703675, 6
1697720632.720382, 5
1697720632.737494, 5
1697720632.754229, 6
1697720632.770723, 7
1697720632.787738, 7
1697720632.804615, 7
1697720632.821216, 8
1697720632.838445, 8
1697720632.855088, 8
1697720632.872365, 8
1697720632.889304, 8
1697720632.905729, 7
1697720632.922809, 9
1697720632.939073, 8
1697720632.955762, 9
1697720632.972878, 9
1697720632.989442, 10
1697720633.005893, 10
1697720633.022560, 10
1697720633.039462, 10
1697720633.056179, 9
1697720633.072872, 8
1697720633.089552, 7
1697720633.106369, 3
1697720633.123989, 2
1697720633.140716, 2
1697720633.157584, 3
1697720633.174820, 3
1697720633.191606, 4
1697720633.208200, 4
1697720633.225161, 3
1697720633.242094, 5
1697720633.259482, 5
1697720633.276670, 6
1697720633.293185, 6
1697720633.310327, 6
1697720633.326911, 6
1697720633.343816, 6
1697720633.361168, 7
1697720633.378008, 6
1697720633.395084, 7
1697720633.412540, 8
1697720633.429137, 7
1697720633.446008, 8
1697720633.462878, 8
1697720633.479664, 8
1697720633.496379, 8
1697720633.513413, 9
1697720633.530410, 10
1697720633.546864, 9
1697720633.563959, 10
1697720633.580580, 10
1697720633.597520, 9
1697720633.614120, 9
1697720633.631146, 10
1697720633.648205, 9
1697720633.664996, 7
1697720633.681668, 2
1697720633.698862, 3
1697720633.715440, 2
1697720633.732287, 3
1697720633.749323, 4
1697720633.766010, 3
1697720633.782868, 4
1697720633.800096, 5
1697720633.816792, 4
1697720633.833410, 4
1697720633.850060, 5
1697720633.867048, 5
1697720633.883915, 6
1697720633.901037, 6
1697720633.918004, 7
1697720633.934529, 6
1697720633.951343, 7
1697720633.968252, 8
1697720633.985142, 7
1697720634.002314, 8
1697720634.019375, 8
1697720634.036190, 9
1697720634.052755, 8
1697720634.069698, 9
1697720634.086850, 8
1697720634.103630, 8
1697720634.120641, 10
1697720634.137958, 10
1697720634.154722, 10
1697720634.171607, 10
1697720634.188763, 10
1697720634.205696, 9
1697720634.222757, 8
1697720634.239914, 6
1697720634.256839, 2
1697720634.273613, 2
1697720634.290284, 2
1697720634.307113, 2
1697720634.323464, 3
1697720634.340203, 4
1697720634.357063, 4
1697720634.373579, 4
1697720634.390587, 4
1697720634.408077, 5
1697720634.425545, 5
1697720634.442723, 5
1697720634.459292, 6
1697720634.476675, 6
1697720634.493449, 6
1697720634.510135, 7
1697720634.527347, 6
1697720634.543961, 7
1697720634.560463, 8
1697720634.577096, 7
1697720634.593938, 7
1697720634.610594, 9
1697720634.628018, 8
1697720634.644674, 8
1697720634.661121, 9
1697720634.678102, 10
1697720634.694710, 9
1697720634.711253, 10
1697720634.728029, 10
1697720634.744572, 10
1697720634.761272, 9
1697720634.777925, 10
1697720634.794304, 9
1697720634.811395, 9
1697720634.828167, 4
1697720634.844820, 1
1697720634.861987, 2
1697720634.878564, 3
1697720634.895207, 4
1697720634.912574, 3
1697720634.929415, 4
1697720634.946214, 3
1697720634.963303, 4
1697720634.980063, 5
1697720634.996580, 5
1697720635.013813, 5
1697720635.030166, 6
1697720635.046859, 6
1697720635.063927, 7
1697720635.080521, 6
1697720635.097743, 6
1697720635.114931, 7
1697720635.131535, 7
1697720635.148915, 8
1697720635.165718, 8
1697720635.182531, 8
1697720635.199656, 7
1697720635.216535, 8
1697720635.233181, 8
1697720635.250194, 9
1697720635.266843, 10
1697720635.283727, 10
1697720635.300732, 9
1697720635.317462, 10
1697720635.334250, 10
1697720635.351471, 9
1697720635.368193, 8
1697720635.384939, 7
1697720635.401520, 3
1697720635.418023, 2
1697720635.434560, 2
1697720635.451601, 3
1697720635.468221, 3
1697720635.485171, 4
1697720635.501836, 4
1697720635.518566, 5
1697720635.535329, 5
1697720635.552398, 5
1697720635.569486, 5
1697720635.586489, 5
1697720635.603324, 6
1697720635.619893, 6
1697720635.636676, 6
1697720635.653585, 7
1697720635.670061, 6
1697720635.687176, 7
1697720635.703792, 7
1697720635.720466, 8
1697720635.737741, 7
1697720635.754753, 8
1697720635.771941, 9
1697720635.789320, 8
1697720635.806158, 9
1697720635.823592, 10
1697720635.840204, 9
1697720635.856966, 10
1697720635.874381, 10
1697720635.891130, 9
1697720635.908019, 9
1697720635.925072, 10
1697720635.942115, 9
1697720635.958983, 9
1697720635.976285, 3
1697720635.993252, 1
1697720636.010064, 2
1697720636.026801, 3
1697720636.044226, 4
1697720636.060796, 3
1697720636.078144, 4
1697720636.095119, 5
1697720636.111764, 5
1697720636.128816, 5
1697720636.145648, 5
1697720636.162350, 5
1697720636.179407, 5
1697720636.196191, 6
1697720636.213454, 7
1697720636.230471, 6
1697720636.247665, 6
1697720636.264836, 8
1697720636.281753, 7
1697720636.298629, 8
1697720636.315943, 8
1697720636.332840, 9
1697720636.349495, 8
1697720636.366390, 9
1697720636.382969, 8
1697720636.399842, 9
1697720636.417265, 10
1697720636.434083, 9
1697720636.450674, 10
1697720636.467912, 10
1697720636.485124, 9
1697720636.502347, 9
1697720636.519593, 8
1697720636.536462, 6
1697720636.553577, 2
1697720636.570418, 2
1697720636.586975, 3
1697720636.604071, 2
1697720636.620756, 3
1697720636.637504, 4
1697720636.655108, 3
1697720636.671678, 4
1697720636.688193, 5
1697720636.705100, 5
1697720636.721982, 5
1697720636.738748, 6
1697720636.755957, 6
1697720636.772779, 6
1697720636.789380, 6
1697720636.806377, 7
1697720636.823241, 6
1697720636.840471, 6
1697720636.857281, 7
1697720636.873990, 8
1697720636.891365, 8
1697720636.908332, 9
1697720636.925071, 9
1697720636.942397, 7
1697720636.959073, 8
1697720636.975677, 9
1697720636.992710, 9
1697720637.009483, 10
1697720637.026269, 10
1697720637.043337, 10
1697720637.060091, 9
1697720637.076808, 10
1697720637.094131, 9
1697720637.110946, 7
1697720637.128402, 2
1697720637.145476, 3
1697720637.162640, 3
1697720637.180029, 3
1697720637.196666, 4
1697720637.213339, 3
1697720637.230820, 4
1697720637.247737, 5
1697720637.264528, 5
1697720637.281677, 5
1697720637.298207, 6
1697720637.315250, 5
1697720637.332164, 5
1697720637.348935, 6
1697720637.365698, 6
1697720637.382901, 7
1697720637.399560, 7
1697720637.416241, 8
1697720637.433199, 7
1697720637.449875, 8
1697720637.466637, 8
1697720637.483575, 8
1697720637.500424, 8
1697720637.517596, 9
1697720637.534531, 8
1697720637.551500, 9
1697720637.568468, 10
1697720637.585404, 9
1697720637.601939, 10
1697720637.618516, 10
1697720637.635412, 10
1697720637.651917, 9
1697720637.668907, 8
1697720637.685576, 5
1697720637.702644, 2
1697720637.719658, 2
1697720637.736451, 2
1697720637.753182, 2
1697720637.770248, 2
1697720637.787059, 3
1697720637.803786, 3
1697720637.821171, 4
1697720637.837745, 5
1697720637.855822, 4
1697720637.872923, 5
1697720637.889586, 6
1697720637.906474, 6
1697720637.923321, 7
1697720637.940212, 6
1697720637.957289, 7
1697720637.974063, 6
1697720637.990792, 6
1697720638.007458, 8
1697720638.024072, 7
1697720638.040644, 8
1697720638.057774, 9
1697720638.074475, 8
1697720638.091014, 9
1697720638.108670, 9
1697720638.125668, 10
1697720638.142678, 9
1697720638.159835, 10
1697720638.176739, 10
1697720638.193517, 9
1697720638.210840, 9
1697720638.227619, 9
1697720638.244961, 9
1697720638.261835, 5
1697720638.278953, 3
1697720638.296057, 2
1697720638.312752, 3
1697720638.329640, 3
1697720638.346931, 4
1697720638.363840, 2
1697720638.381044, 4
1697720638.398805, 5
1697720638.415650, 4
1697720638.432976, 5
1697720638.450125, 5
1697720638.466654, 5
1697720638.483082, 6
1697720638.500459, 7
1697720638.517288, 7
1697720638.534010, 6
1697720638.551584, 7
1697720638.568435, 7
1697720638.585270, 8
1697720638.602557, 8
1697720638.619587, 9
1697720638.636628, 7
1697720638.653261, 8
1697720638.670245, 8
1697720638.686990, 8
1697720638.703754, 9
1697720638.720555, 10
1697720638.738066, 9
1697720638.755564, 10
1697720638.772248, 10
1697720638.789474, 10
1697720638.806186, 9
1697720638.822811, 9
1697720638.840118, 2
1697720638.857163, 2
1697720638.873870, 2
1697720638.891177, 2
1697720638.908039, 3
1697720638.924820, 2
1697720638.942090, 3
1697720638.959162, 4
1697720638.976023, 4
1697720638.992895, 5
1697720639.009682, 6
1697720639.026283, 5
1697720639.043735, 6
1697720639.060524, 5
1697720639.077599, 6
1697720639.094496, 7
1697720639.111475, 7
1697720639.128755, 6
1697720639.145710, 6
1697720639.162623, 7
1697720639.179900, 7
1697720639.196828, 8
1697720639.213398, 9
1697720639.231083, 8
1697720639.247850, 8
1697720639.264720, 10
1697720639.281863, 9
1697720639.298432, 10
1697720639.315171, 10
1697720639.332684, 9
1697720639.349566, 8
1697720639.366103, 10
1697720639.382865, 9
1697720639.399866, 9
1697720639.416312, 3
1697720639.433666, 2
1697720639.450267, 2
1697720639.467136, 3
1697720639.484211, 3
1697720639.501032, 4
1697720639.518136, 4
1697720639.535411, 4
1697720639.552231, 4
1697720639.569574, 5
1697720639.586456, 5
1697720639.603196, 6
1697720639.620271, 5
1697720639.637257, 6
1697720639.654220, 7
1697720639.671342, 6
1697720639.688260, 7
1697720639.704936, 8
1697720639.722348, 7
1697720639.739297, 8
1697720639.755964, 7
1697720639.773011, 8
1697720639.789804, 8
1697720639.806745, 9
1697720639.824233, 8
1697720639.840978, 9
1697720639.857692, 10
1697720639.874474, 10
1697720639.891173, 9
1697720639.908459, 10
1697720639.925156, 10
1697720639.942057, 9
1697720639.959525, 9
1697720639.976463, 8
1697720639.993158, 3
1697720640.010461, 2
1697720640.027406, 2
1697720640.044201, 2
1697720640.061701, 3
1697720640.079093, 4
1697720640.096229, 4
1697720640.113384, 3
1697720640.130401, 4
1697720640.147385, 5
1697720640.164634, 6
1697720640.181382, 6
1697720640.197962, 6
1697720640.215196, 7
1697720640.231944, 6
1697720640.248480, 7
1697720640.265116, 6
1697720640.281964, 7
1697720640.299479, 8
1697720640.316170, 8
1697720640.332951, 8
1697720640.350195, 9
1697720640.366958, 10
1697720640.383682, 8
1697720640.400582, 8
1697720640.417433, 9
1697720640.434289, 9
1697720640.451856, 10
1697720640.469083, 10
1697720640.486030, 9
1697720640.503490, 10
1697720640.520381, 10
1697720640.537225, 9
1697720640.554470, 5
1697720640.571236, 3
1697720640.588685, 2
1697720640.605525, 2
1697720640.622208, 3
1697720640.638628, 4
1697720640.656192, 3
1697720640.673186, 4
1697720640.689993, 5
1697720640.707049, 4
1697720640.723565, 5
1697720640.740204, 5
1697720640.757554, 5
1697720640.774076, 6
1697720640.790713, 6
1697720640.808135, 7
1697720640.824850, 6
1697720640.841640, 7
1697720640.858721, 8
1697720640.875627, 8
1697720640.892690, 8
1697720640.909260, 8
1697720640.926077, 9
1697720640.943500, 8
1697720640.959997, 8
1697720640.976532, 8
1697720640.993411, 9
1697720641.010197, 10
1697720641.027065, 10
1697720641.044422, 8
1697720641.061469, 10
1697720641.077936, 10
1697720641.095099, 8
1697720641.112170, 7
1697720641.129207, 5
1697720641.145803, 3
1697720641.162403, 3
1697720641.178946, 2
1697720641.196565, 2
1697720641.213591, 4
1697720641.230435, 4
1697720641.247282, 4
1697720641.264061, 4
1697720641.280727, 5
1697720641.298019, 5
1697720641.314528, 5
1697720641.331204, 5
1697720641.347955, 7
1697720641.365201, 6
1697720641.382129, 6
1697720641.398868, 7
1697720641.416006, 6
1697720641.433187, 6
1697720641.449973, 8
1697720641.466508, 8
1697720641.483846, 8
1697720641.500467, 8
1697720641.516969, 8
1697720641.533602, 8
1697720641.550213, 9
1697720641.567059, 10
1697720641.584384, 10
1697720641.601207, 10
1697720641.618091, 10
1697720641.635344, 9
1697720641.652305, 9
1697720641.668884, 10
1697720641.685907, 9
1697720641.702803, 9
1697720641.719751, 3
1697720641.736374, 2
1697720641.753096, 2
1697720641.770183, 3
1697720641.786897, 4
1697720641.803623, 3
1697720641.820857, 3
1697720641.837962, 4
1697720641.854688, 4
1697720641.872180, 5
1697720641.889010, 5
1697720641.905786, 5
1697720641.922932, 5
1697720641.939996, 5
1697720641.956994, 7
1697720641.974072, 6
1697720641.990508, 7
1697720642.006936, 8
1697720642.024311, 8
1697720642.041182, 8
1697720642.057980, 8
1697720642.074530, 8
1697720642.091370, 8
1697720642.108529, 9
1697720642.125309, 8
1697720642.142245, 9
1697720642.159605, 10
1697720642.176492, 10
1697720642.193286, 10
1697720642.210425, 10
1697720642.227722, 10
1697720642.244471, 10
1697720642.261512, 9
1697720642.278610, 6
1697720642.295936, 2
1697720642.312997, 2
1697720642.329712, 2
1697720642.346117, 3
1697720642.362742, 3
1697720642.379528, 4
1697720642.396813, 4
1697720642.413725, 4
1697720642.430202, 4
1697720642.447086, 4
1697720642.463966, 5
1697720642.480737, 6
1697720642.497612, 6
1697720642.514237, 7
1697720642.531130, 5
1697720642.548340, 7
1697720642.565172, 6
1697720642.581712, 6
1697720642.598192, 8
1697720642.614999, 8
1697720642.631479, 8
1697720642.648614, 9
1697720642.665470, 9
1697720642.682244, 9
1697720642.699503, 9
1697720642.716420, 10
1697720642.733392, 9
1697720642.750421, 10
1697720642.766987, 9
1697720642.783815, 9
1697720642.800789, 9
1697720642.817530, 10
1697720642.834973, 9
1697720642.851832, 8
1697720642.869099, 2
1697720642.886559, 3
1697720642.903276, 2
1697720642.920060, 3
1697720642.937785, 4
1697720642.954812, 3
1697720642.971750, 3
1697720642.988392, 5
1697720643.005132, 4
1697720643.022277, 5
1697720643.038770, 4
1697720643.055824, 5
1697720643.073098, 6
1697720643.089904, 6
1697720643.106578, 7
1697720643.123492, 7
1697720643.140399, 7
1697720643.157252, 7
1697720643.173808, 7
1697720643.190474, 8
1697720643.207219, 8
1697720643.224410, 9
1697720643.241222, 8
1697720643.257935, 8
1697720643.275331, 8
1697720643.292407, 9
1697720643.309484, 10
1697720643.326856, 9
1697720643.343468, 9
1697720643.360195, 10
1697720643.376809, 10
1697720643.393693, 9
1697720643.411111, 8
1697720643.428094, 6
1697720643.444791, 2
1697720643.462147, 2
1697720643.478866, 3
1697720643.495678, 3
1697720643.512896, 3
1697720643.529805, 4
1697720643.546445, 3
1697720643.563616, 3
1697720643.580371, 4
1697720643.597023, 4
1697720643.614226, 5
1697720643.631243, 6
1697720643.648081, 6
1697720643.665120, 6
1697720643.681972, 6
1697720643.698622, 6
1697720643.715971, 6
1697720643.732789, 7
1697720643.749566, 8
1697720643.766435, 8
1697720643.783295, 8
1697720643.800460, 9
1697720643.817345, 9
1697720643.834141, 9
1697720643.850973, 8
1697720643.867522, 9
1697720643.884120, 9
1697720643.901082, 10
1697720643.917689, 9
1697720643.934234, 9
1697720643.951192, 9
1697720643.968352, 10
1697720643.985068, 9
1697720644.002174, 7
1697720644.018840, 2
1697720644.035521, 4
1697720644.052407, 2
1697720644.069353, 3
1697720644.085959, 4
1697720644.102593, 4
1697720644.119094, 4
1697720644.136138, 5
1697720644.153095, 4
1697720644.169834, 5
1697720644.186697, 6
1697720644.203399, 5
1697720644.220282, 6
1697720644.237633, 6
1697720644.254287, 7
1697720644.271009, 5
1697720644.287760, 6
1697720644.304552, 8
1697720644.321471, 7
1697720644.338796, 8
1697720644.355835, 8
1697720644.372727, 8
1697720644.390050, 8
1697720644.406879, 8
1697720644.423588, 8
1697720644.440228, 9
1697720644.456999, 10
1697720644.474275, 9
1697720644.491148, 10
1697720644.507885, 9
1697720644.525017, 10
1697720644.541798, 9
1697720644.558444, 8
1697720644.575464, 6
1697720644.592274, 2
1697720644.609029, 2
1697720644.626382, 3
1697720644.643512, 2
1697720644.659756, 2
1697720644.676450, 3
1697720644.693377, 3
1697720644.710045, 4
1697720644.726728, 5
1697720644.743486, 5
1697720644.760422, 5
1697720644.777877, 5
1697720644.795136, 5
1697720644.811690, 6
1697720644.828872, 6
1697720644.845682, 7
1697720644.863018, 6
1697720644.880002, 6
1697720644.896660, 7
1697720644.913614, 7
1697720644.930600, 8
1697720644.947964, 9
1697720644.965230, 9
1697720644.981794, 9
1697720644.999212, 9
1697720645.016282, 10
1697720645.032956, 10
1697720645.049763, 10
1697720645.066809, 10
1697720645.084035, 9
1697720645.100996, 9
1697720645.118399, 10
1697720645.135104, 9
1697720645.151616, 7
1697720645.168728, 3
1697720645.185304, 3
1697720645.202062, 3
1697720645.219200, 3
1697720645.235736, 4
1697720645.252772, 3
1697720645.269937, 3
1697720645.286662, 5
1697720645.303410, 4
1697720645.320570, 5
1697720645.337385, 6
1697720645.354337, 5
1697720645.371865, 5
1697720645.388621, 6
1697720645.405729, 7
1697720645.423012, 7
1697720645.439978, 7
1697720645.457170, 8
1697720645.474314, 8
1697720645.491144, 8
1697720645.508214, 9
1697720645.525010, 9
1697720645.542066, 7
1697720645.559422, 8
1697720645.576349, 8
1697720645.593066, 9
1697720645.610415, 10
1697720645.627260, 9
1697720645.644310, 9
1697720645.661337, 9
1697720645.678161, 9
1697720645.694875, 9
1697720645.711520, 8
1697720645.728510, 3
1697720645.745327, 2
1697720645.762683, 2
1697720645.779721, 3
1697720645.796460, 3
1697720645.813280, 3
1697720645.830031, 4
1697720645.847074, 5
1697720645.863719, 3
1697720645.881025, 4
1697720645.898151, 5
1697720645.914649, 5
1697720645.931381, 6
1697720645.948218, 6
1697720645.965088, 6
1697720645.981889, 6
1697720645.999222, 7
1697720646.015744, 7
1697720646.032911, 7
1697720646.050188, 8
1697720646.067135, 8
1697720646.083874, 8
1697720646.100974, 9
1697720646.117977, 8
1697720646.135272, 9
1697720646.152139, 10
1697720646.168910, 9
1697720646.186400, 8
1697720646.203205, 9
1697720646.220126, 10
1697720646.237705, 9
1697720646.255069, 10
1697720646.271772, 10
1697720646.289203, 9
1697720646.306224, 3
1697720646.322922, 2
1697720646.340054, 2
1697720646.356836, 3
1697720646.373595, 3
1697720646.390617, 4
1697720646.407417, 4
1697720646.424142, 4
1697720646.441564, 5
1697720646.458289, 5
1697720646.475238, 5
1697720646.492115, 5
1697720646.508772, 5
1697720646.525845, 6
1697720646.543143, 7
1697720646.559800, 6
1697720646.577013, 7
1697720646.593901, 7
1697720646.610466, 7
1697720646.627639, 7
1697720646.645484, 8
1697720646.662127, 8
1697720646.679486, 8
1697720646.696424, 9
1697720646.713158, 9
1697720646.730530, 8
1697720646.748157, 10
1697720646.764928, 10
1697720646.782721, 9
1697720646.799645, 9
1697720646.816448, 9
1697720646.833462, 9
1697720646.849951, 8
1697720646.866683, 7
1697720646.883949, 3
1697720646.900839, 2
1697720646.918143, 2
1697720646.935509, 3
1697720646.952791, 2
1697720646.969854, 3
1697720646.986848, 3
1697720647.003726, 4
1697720647.021197, 5
1697720647.038290, 5
1697720647.054951, 5
1697720647.072192, 6
1697720647.089448, 6
1697720647.106220, 7
1697720647.123256, 6
1697720647.140064, 7
1697720647.156628, 6
1697720647.173905, 6
1697720647.190507, 8
1697720647.207028, 8
1697720647.223912, 8
1697720647.240613, 9
1697720647.257638, 9
1697720647.274231, 8
1697720647.290703, 9
1697720647.307564, 10
1697720647.324380, 10
1697720647.340965, 10
1697720647.358218, 10
1697720647.374924, 9
1697720647.391595, 9
1697720647.409467, 10
1697720647.426695, 8
1697720647.443503, 8
1697720647.460805, 3
1697720647.477733, 3
1697720647.494467, 2
1697720647.511073, 3
1697720647.527807, 4
1697720647.544672, 3
1697720647.561690, 3
1697720647.578198, 5
1697720647.595308, 4
1697720647.611963, 5
1697720647.628980, 5
1697720647.646397, 5
1697720647.663375, 6
1697720647.680151, 6
1697720647.697367, 7
1697720647.714311, 6
1697720647.731222, 7
1697720647.748357, 8
1697720647.765184, 7
1697720647.782063, 8
1697720647.798954, 7
1697720647.815466, 8
1697720647.832355, 8
1697720647.849640, 9
1697720647.866367, 9
1697720647.882977, 9
1697720647.899613, 10
1697720647.916574, 10
1697720647.933154, 10
1697720647.950522, 10
1697720647.967166, 9
1697720647.983747, 9
1697720648.000639, 8
1697720648.017519, 7
1697720648.034131, 2
1697720648.051003, 2
1697720648.067632, 2
1697720648.084711, 2
1697720648.101262, 2
1697720648.117802, 3
1697720648.134602, 4
1697720648.151399, 4
1697720648.168132, 5
1697720648.185341, 5
1697720648.202188, 5
1697720648.219056, 4
1697720648.236627, 5
1697720648.253317, 6
1697720648.270023, 6
1697720648.286749, 7
1697720648.303450, 7
1697720648.320506, 7
1697720648.337524, 8
1697720648.354228, 8
1697720648.371235, 6
1697720648.388130, 7
1697720648.404734, 8
1697720648.422027, 8
1697720648.438855, 9
1697720648.455788, 10
1697720648.473105, 9
1697720648.489845, 9
1697720648.506790, 9
1697720648.523632, 9
1697720648.540791, 9
1697720648.557657, 10
1697720648.574413, 8
1697720648.591177, 9
1697720648.607845, 3
1697720648.625069, 1
1697720648.641727, 2
1697720648.658163, 3
1697720648.675905, 4
1697720648.692487, 3
1697720648.708988, 3
1697720648.726097, 3
1697720648.742858, 4
1697720648.759743, 5
1697720648.776316, 5
1697720648.793199, 6
1697720648.810198, 6
1697720648.827037, 6
1697720648.843556, 7
1697720648.860537, 6
1697720648.877763, 6
1697720648.894399, 8
1697720648.911807, 8
1697720648.928537, 8
1697720648.944964, 8
1697720648.962470, 8
1697720648.979354, 8
1697720648.995860, 8
1697720649.012952, 8
1697720649.029763, 9
1697720649.046246, 10
1697720649.063258, 10
1697720649.080094, 9
1697720649.097127, 10
1697720649.113604, 10
1697720649.130607, 9
1697720649.147894, 8
1697720649.164833, 7
1697720649.181907, 2
1697720649.199044, 2
1697720649.215719, 1
1697720649.232310, 2
1697720649.249402, 3
1697720649.266367, 3
1697720649.282949, 3
1697720649.300125, 4
1697720649.316698, 5
1697720649.333244, 5
1697720649.350246, 6
1697720649.367322, 5
1697720649.384180, 6
1697720649.400999, 6
1697720649.417769, 5
1697720649.434372, 6
1697720649.451236, 6
1697720649.467868, 7
1697720649.484562, 8
1697720649.501968, 8
1697720649.518579, 6
1697720649.536032, 8
1697720649.552675, 9
1697720649.569473, 8
1697720649.586309, 9
1697720649.603187, 9
1697720649.619855, 10
1697720649.637169, 10
1697720649.653970, 10
1697720649.670816, 9
1697720649.688125, 9
1697720649.705176, 10
1697720649.721956, 9
1697720649.738785, 9
1697720649.755467, 3
1697720649.772120, 2
1697720649.789324, 2
1697720649.806098, 3
1697720649.822942, 4
1697720649.840050, 3
1697720649.857170, 3
1697720649.874010, 3
1697720649.890896, 4
1697720649.907625, 5
1697720649.924838, 5
1697720649.941711, 6
1697720649.958501, 5
1697720649.975901, 5
1697720649.992740, 6
1697720650.009698, 6
1697720650.026872, 7
1697720650.043797, 8
1697720650.060455, 8
1697720650.077162, 8
1697720650.093940, 8
1697720650.110776, 8
1697720650.128166, 8
1697720650.145154, 9
1697720650.162085, 8
1697720650.179446, 8
1697720650.196143, 10
1697720650.213070, 10
1697720650.230505, 10
1697720650.247177, 10
1697720650.263672, 10
1697720650.280917, 10
1697720650.297337, 9
1697720650.314513, 7
1697720650.331503, 2
1697720650.348379, 3
1697720650.365535, 2
1697720650.382228, 3
1697720650.398866, 2
1697720650.416031, 4
1697720650.432652, 4
1697720650.449358, 4
1697720650.466311, 4
1697720650.483387, 5
1697720650.500136, 5
1697720650.517053, 6
1697720650.533878, 6
1697720650.550536, 7
1697720650.567436, 6
1697720650.584073, 7
1697720650.600766, 6
1697720650.618152, 7
1697720650.634988, 8
1697720650.651812, 8
1697720650.668972, 8
1697720650.685696, 9
1697720650.702954, 8
1697720650.720115, 8
1697720650.736928, 9
1697720650.754137, 10
1697720650.771108, 9
1697720650.787952, 9
1697720650.805250, 9
1697720650.822149, 9
1697720650.839200, 9
1697720650.856487, 10
1697720650.873395, 9
1697720650.890181, 7
1697720650.907222, 2
1697720650.924241, 3
1697720650.941367, 3
1697720650.958288, 3
1697720650.975360, 3
1697720650.992016, 4
1697720651.008953, 4
1697720651.025682, 5
1697720651.042350, 5
1697720651.058762, 5
1697720651.075509, 6
1697720651.092396, 5
1697720651.108930, 6
1697720651.126188, 7
1697720651.143561, 6
1697720651.160366, 7
1697720651.176850, 7
1697720651.193838, 8
1697720651.210782, 8
1697720651.227537, 8
1697720651.244691, 8
1697720651.261287, 8
1697720651.278191, 8
1697720651.295741, 9
1697720651.312401, 9
1697720651.329368, 8
1697720651.346704, 9
1697720651.363586, 9
1697720651.380215, 10
1697720651.396963, 10
1697720651.413790, 9
1697720651.430461, 9
1697720651.447490, 9
1697720651.464417, 6
1697720651.481367, 2
1697720651.498473, 2
1697720651.515442, 3
1697720651.532575, 2
1697720651.549955, 2
1697720651.566784, 4
1697720651.584089, 5
1697720651.601045, 4
1697720651.617740, 5
1697720651.635055, 5
1697720651.651888, 5
1697720651.668886, 6
1697720651.686253, 6
1697720651.702932, 6
1697720651.719538, 6
1697720651.736522, 7
1697720651.753086, 8
1697720651.770016, 7
1697720651.786966, 8
1697720651.803596, 7
1697720651.820261, 8
1697720651.837405, 9
1697720651.854295, 8
1697720651.871296, 8
1697720651.888666, 10
1697720651.905622, 9
1697720651.922564, 8
1697720651.939917, 7
1697720651.956397, 5
1697720651.973150, 2
1697720651.989825, 3
1697720652.006424, 2
1697720652.022931, 3
1697720652.039580, 3
1697720652.056637, 3
1697720652.073404, 4
1697720652.090502, 4
1697720652.107541, 3
1697720652.124758, 4
1697720652.142098, 4
1697720652.158941, 5
1697720652.175934, 6
1697720652.192860, 6
1697720652.209498, 6
1697720652.226425, 7
1697720652.243153, 6
1697720652.260054, 7
1697720652.277115, 8
1697720652.293808, 8
1697720652.310567, 8
1697720652.327536, 8
1697720652.344303, 9
1697720652.361050, 8
1697720652.378183, 9
1697720652.394745, 9
1697720652.411510, 9
1697720652.428814, 9
1697720652.445552, 10
1697720652.462541, 10
1697720652.479609, 10
1697720652.496080, 10
1697720652.512745, 10
1697720652.529912, 10
1697720652.546819, 9
1697720652.563541, 5
1697720652.580798, 2
1697720652.597499, 3
1697720652.614604, 4
1697720652.631280, 4
1697720652.647795, 4
1697720652.664536, 4
1697720652.681127, 4
1697720652.697918, 4
1697720652.714916, 4
1697720652.732001, 5
1697720652.748985, 6
1697720652.766292, 6
1697720652.782909, 7
1697720652.799460, 7
1697720652.816388, 7
1697720652.833108, 8
1697720652.849973, 7
1697720652.867204, 8
1697720652.884103, 8
1697720652.901387, 8
1697720652.918606, 7
1697720652.935433, 8
1697720652.952790, 8
1697720652.969379, 9
1697720652.985940, 10
1697720653.002856, 10
1697720653.019829, 9
1697720653.036596, 10
1697720653.053570, 10
1697720653.070152, 9
1697720653.086796, 9
1697720653.103545, 9
1697720653.120515, 2
1697720653.137115, 1
1697720653.154106, 2
1697720653.170962, 3
1697720653.187672, 3
1697720653.204928, 3
1697720653.221752, 4
1697720653.238400, 4
1697720653.255149, 3
1697720653.272232, 5
1697720653.289325, 5
1697720653.306086, 5
1697720653.323059, 5
1697720653.340739, 5
1697720653.357530, 6
1697720653.374324, 7
1697720653.391436, 6
1697720653.408680, 7
1697720653.425421, 7
1697720653.442819, 7
1697720653.459670, 8
1697720653.476314, 9
1697720653.493457, 9
1697720653.510404, 9
1697720653.526901, 9
1697720653.544050, 10
1697720653.560811, 9
1697720653.577616, 10
1697720653.594841, 10
1697720653.612437, 9
1697720653.629642, 9
1697720653.647039, 10
1697720653.663761, 8
1697720653.681136, 10
1697720653.697955, 3
1697720653.714922, 2
1697720653.732565, 2
1697720653.748943, 3
1697720653.765661, 3
1697720653.782908, 3
1697720653.799648, 4
1697720653.816333, 5
1697720653.833392, 5
1697720653.850026, 5
1697720653.866699, 5
1697720653.883743, 5
1697720653.901144, 6
1697720653.918035, 6
1697720653.935477, 7
1697720653.952254, 6
1697720653.968819, 7
1697720653.985645, 8
1697720654.002388, 7
1697720654.018822, 7
1697720654.035713, 8
1697720654.052466, 8
1697720654.069563, 8
1697720654.086806, 9
1697720654.103608, 8
1697720654.120964, 8
1697720654.137715, 9
1697720654.154455, 9
1697720654.171531, 10
1697720654.188067, 10
1697720654.204731, 10
1697720654.222144, 10
1697720654.238983, 9
1697720654.255752, 9
1697720654.272842, 3
1697720654.289428, 2
1697720654.306023, 2
1697720654.323405, 4
1697720654.339988, 3
1697720654.356626, 3
1697720654.373693, 4
1697720654.390423, 4
1697720654.406757, 4
1697720654.423802, 5
1697720654.440624, 5
1697720654.457684, 5
1697720654.474599, 6
1697720654.491488, 6
1697720654.509272, 5
1697720654.525912, 7
1697720654.542683, 6
1697720654.559842, 7
1697720654.576834, 8
1697720654.593658, 7
1697720654.610949, 7
1697720654.627697, 8
1697720654.644656, 9
1697720654.662041, 8
1697720654.678797, 9
1697720654.696130, 10
1697720654.713447, 9
1697720654.730304, 10
1697720654.747149, 10
1697720654.764349, 10
1697720654.781072, 9
1697720654.797927, 10
1697720654.816146, 9
1697720654.832957, 9
1697720654.849974, 3
1697720654.867214, 1
1697720654.884004, 1
1697720654.901019, 3
1697720654.918080, 4
1697720654.934772, 3
1697720654.951566, 4
1697720654.968377, 5
1697720654.985431, 5
1697720655.002245, 5
1697720655.019369, 6
1697720655.036233, 5
1697720655.052742, 6
1697720655.069860, 5
1697720655.086586, 6
1697720655.103546, 7
1697720655.120292, 7
1697720655.136852, 8
1697720655.154093, 8
1697720655.170765, 8
1697720655.187640, 8
1697720655.204472, 8
1697720655.221528, 8
1697720655.238125, 9
1697720655.255287, 9
1697720655.272315, 9
1697720655.289061, 10
1697720655.306387, 9
1697720655.323321, 10
1697720655.340026, 9
1697720655.356858, 9
1697720655.373481, 9
1697720655.390136, 8
1697720655.407464, 7
1697720655.424297, 3
1697720655.441100, 2
1697720655.458525, 2
1697720655.475300, 2
1697720655.492966, 2
1697720655.509726, 4
1697720655.526271, 3
1697720655.543158, 4
1697720655.560256, 5
1697720655.576968, 4
1697720655.593756, 5
1697720655.610714, 5
1697720655.627581, 6
1697720655.644741, 6
1697720655.661527, 5
1697720655.678234, 7
1697720655.695667, 6
1697720655.712542, 7
1697720655.729047, 8
1697720655.746325, 7
1697720655.763229, 8
1697720655.779813, 9
1697720655.796402, 9
1697720655.813185, 7
1697720655.829974, 9
1697720655.847042, 9
1697720655.863764, 9
1697720655.880432, 10
1697720655.897266, 10
1697720655.914136, 10
1697720655.930857, 9
1697720655.948043, 10
1697720655.964749, 9
1697720655.981657, 9
1697720655.998196, 3
1697720656.014943, 2
1697720656.031867, 2
1697720656.048709, 3
1697720656.065591, 4
1697720656.083474, 4
1697720656.100317, 3
1697720656.117703, 4
1697720656.134544, 4
1697720656.151309, 5
1697720656.168525, 6
1697720656.185478, 5
1697720656.202202, 5
1697720656.219481, 5
1697720656.236177, 7
1697720656.252888, 7
1697720656.269890, 7
1697720656.286742, 8
1697720656.303680, 8
