0.062983 2920
0.084779 5840
0.105543 11680
0.105620 23360
0.105678 46720
0.126093 93440
0.126359 94900
0.126398 96360
0.126437 97820
0.126595 99280
0.126677 100740
0.126844 102200
0.126969 103660
0.127093 105120
0.127147 106580
0.127200 108040
0.127249 109500
0.127305 110960
0.127356 112420
0.127397 113880
0.127450 115340
0.127511 116800
0.127547 118260
0.127595 119720
0.127646 121180
0.127685 122640
0.127740 124100
0.127800 125560
0.127838 127020
0.127893 128480
0.127935 129940
0.127980 131400
0.128037 132860
0.128081 134320
0.128116 135780
0.146673 137240
0.146772 138700
0.146884 140160
0.146998 141620
0.147063 143080
0.147125 144540
0.147186 146000
0.147251 147460
0.147338 148920
0.147409 150380
0.147448 151840
0.147501 153300
0.147564 154760
0.147629 156220
0.147684 157680
0.147742 159140
0.147785 160600
0.147841 162060
0.147903 163520
0.147964 164980
0.148009 166440
0.148062 167900
0.148125 169360
0.148189 170820
0.148229 172280
0.148272 173740
0.148327 175200
0.148369 176660
0.148481 178120
0.148558 179580
0.148619 181040
0.148675 182500
0.148724 183960
0.148783 185420
0.148839 186880
0.148895 188340
0.148953 189800
0.149006 191260
0.149058 192720
0.149114 194180
0.167031 195640
0.167139 197100
0.167261 198560
0.167358 200020
0.167569 201480
0.167704 202940
0.167790 204400
0.167915 205860
0.168024 207320
0.168149 208780
0.168212 210240
0.168240 211700
0.168272 213160
0.168329 214620
0.168374 216080
0.168423 217540
0.168465 219000
0.168535 220460
0.168585 221920
0.168635 223380
0.168685 224840
0.168741 226300
0.168807 227760
0.168839 229220
0.168898 230680
0.168947 232140
0.169000 233600
0.169055 235060
0.169105 236520
0.169153 237980
0.169194 239440
0.169247 240900
0.169298 242360
0.169349 243820
0.169396 245280
0.169444 246740
0.169496 248200
0.169533 249660
0.169590 251120
0.169646 252580
0.169693 254040
0.169744 255500
0.187384 256960
0.187451 258420
0.187571 259880
0.187631 261340
0.187682 262800
0.187779 264260
0.188013 265720
0.188130 267180
0.188215 268640
0.188280 270100
0.188350 271560
0.188443 273020
0.188506 274480
0.188586 275940
0.188665 277400
0.188744 278860
0.188831 280320
0.188916 281780
0.189003 283240
0.189082 284700
0.189124 286160
0.189154 287620
0.189194 289080
0.189223 290540
0.189266 292000
0.189297 293460
0.189320 294920
0.189348 296380
0.189371 297840
0.189401 299300
0.189429 300760
0.189458 302220
0.189516 303680
0.189560 305140
0.189659 306600
0.189711 308060
0.189762 309520
0.189815 310980
0.189845 312440
0.189906 313900
0.189956 315360
0.189986 316820
0.207644 318280
0.207785 319740
0.207935 321200
0.208132 322660
0.208294 324120
0.208393 325580
0.208491 327040
0.208611 328500
0.208719 329960
0.208837 331420
0.208958 332880
0.209043 334340
0.209150 335800
0.209218 337260
0.209253 338720
0.209286 340180
0.209317 341640
0.209357 343100
0.209387 344560
0.209424 346020
0.209452 347480
0.209476 348940
0.209521 350400
0.209544 351860
0.209574 353320
0.209612 354780
0.209635 356240
0.209673 357700
0.209733 359160
0.209773 360620
0.209825 362080
0.209876 363540
0.209937 365000
0.209973 366460
0.210016 367920
0.210058 369380
0.210128 370840
0.210174 372300
0.210224 373760
0.210278 375220
0.210337 376680
0.210368 378140
0.210428 379600
0.210464 381060
0.227895 382520
0.228030 383980
0.228218 385440
0.228445 386900
0.228815 388360
0.229072 389820
0.229242 391280
0.229347 392740
0.229381 394200
0.421795 2920
0.421847 4380
0.421877 5840
0.421903 7300
0.421965 8760
0.422094 10220
0.422145 11680
0.422212 13140
0.422239 14600
0.422311 16060
0.422338 17520
0.422401 18980
0.422441 20440
0.422487 21900
0.422534 23360
0.422568 24820
0.422609 26280
0.422658 27740
0.422699 29200
0.422733 30660
0.422780 32120
0.422828 33580
0.422872 35040
0.422935 36500
0.422975 37960
0.423013 39420
0.423044 40880
0.423081 42340
0.423117 43800
0.423162 45260
0.423216 46720
0.423252 48180
0.423302 49640
0.423337 51100
0.423405 52560
0.423448 54020
0.423485 55480
0.423527 56940
0.423565 58400
0.423613 59860
0.423680 61320
0.423708 62780
0.443182 64240
0.443281 65700
0.443350 67160
0.443470 68620
0.443603 70080
0.443701 71540
0.443797 73000
0.443912 74460
0.444042 75920
0.444156 77380
0.444242 78840
0.444363 80300
0.444505 81760
0.444607 83220
0.444717 84680
0.444781 86140
0.444812 87600
0.444844 89060
0.444872 90520
0.444895 91980
0.444925 93440
0.444970 94900
0.445015 96360
0.445039 97820
0.445061 99280
0.445091 100740
0.445131 102200
0.445160 103660
0.445213 105120
0.445246 106580
0.445277 108040
0.445301 109500
0.445331 110960
0.445368 112420
0.445432 113880
0.445475 115340
0.445544 116800
0.445600 118260
0.445639 119720
0.445681 121180
0.445737 122640
0.445787 124100
0.445834 125560
0.463730 127020
0.463869 128480
0.464029 129940
0.464193 131400
0.464309 132860
0.464441 134320
0.464574 135780
0.464690 137240
0.464816 138700
0.464864 140160
0.464914 141620
0.464965 143080
0.465011 144540
0.465066 146000
0.465115 147460
0.465164 148920
0.465216 150380
0.465278 151840
0.465324 153300
0.465380 154760
0.465441 156220
0.465486 157680
0.465544 159140
0.465591 160600
0.465646 162060
0.465699 163520
0.465745 164980
0.465835 166440
0.465867 167900
0.465902 169360
0.465955 170820
0.466058 172280
0.466122 173740
0.466159 175200
0.466203 176660
0.466266 178120
0.466311 179580
0.466357 181040
0.466421 182500
0.466458 183960
0.466505 185420
0.466533 186880
0.483967 188340
0.484020 189800
0.484063 191260
0.484200 192720
0.484369 194180
0.484479 195640
0.484604 197100
0.484734 198560
0.484813 200020
0.484940 201480
0.484999 202940
0.485042 204400
0.485092 205860
0.485149 207320
0.485201 208780
0.485278 210240
0.485348 211700
0.485378 213160
0.485437 214620
0.485528 216080
0.622295 2920
0.822826 2920
0.822886 4380
0.822936 5840
0.822984 7300
0.823033 8760
0.823080 10220
0.823246 11680
0.823295 13140
0.823343 14600
0.823389 16060
0.823436 17520
0.823482 18980
0.823532 20440
0.823580 21900
0.823627 23360
0.823672 24820
0.823718 26280
0.823765 27740
0.823819 29200
0.823884 30660
0.823968 32120
0.824026 33580
0.824111 35040
0.824188 36500
0.824242 37960
0.824311 39420
0.824382 40880
0.824447 42340
0.824479 43800
0.824516 45260
0.824544 46720
0.824567 48180
0.824608 49640
0.824645 51100
0.824676 52560
0.824717 54020
0.824754 55480
1.022883 2920
1.022941 4380
1.022988 5840
1.023035 7300
1.023082 8760
1.023132 10220
1.023190 11680
1.023238 13140
1.023285 14600
1.023330 16060
1.023376 17520
1.023441 18980
1.023488 20440
1.023534 21900
1.023606 23360
1.023652 24820
1.023697 26280
1.023720 27740
1.023762 29200
1.023806 30660
1.023849 32120
1.023896 33580
1.023941 35040
1.023992 36500
1.024013 37960
1.024050 39420
1.024096 40880
1.024145 42340
1.024203 43800
1.024240 45260
1.024281 46720
1.024319 48180
1.024392 49640
1.024423 51100
1.024473 52560
1.024511 54020
1.044974 55480
1.045154 56940
1.045278 58400
1.045332 59860
1.045369 61320
1.045399 62780
1.045598 64240
1.045670 65700
1.045754 67160
1.045794 68620
1.045851 70080
1.045906 71540
1.045969 73000
1.046033 74460
1.046157 75920
1.046209 77380
1.046240 78840
1.046278 80300
1.046312 81760
1.046345 83220
1.046386 84680
1.046436 86140
1.046489 87600
1.046548 89060
1.046593 90520
1.046652 91980
1.046708 93440
1.046756 94900
1.046805 96360
1.046873 97820
1.046908 99280
1.046995 100740
1.047044 102200
1.224113 2920
1.224194 4380
1.224258 5840
1.224322 7300
1.224385 8760
1.224448 10220
1.224511 11680
1.224575 13140
1.224639 14600
1.224705 16060
1.224769 17520
1.224848 18980
1.224916 20440
1.224980 21900
1.225044 23360
1.225109 24820
1.225173 26280
1.225237 27740
1.225271 29200
1.225295 30660
1.225326 32120
1.225381 33580
1.225407 35040
1.225466 36500
1.225490 37960
1.225513 39420
1.225555 40880
1.225596 42340
1.225618 43800
1.225654 45260
1.225695 46720
1.225752 48180
1.225783 49640
1.225852 51100
1.225888 52560
1.225920 54020
1.225944 55480
1.226043 56940
1.226078 58400
1.245584 59860
1.245691 61320
1.245800 62780
1.245890 64240
1.246000 65700
1.246103 67160
1.246196 68620
1.246267 70080
1.246302 71540
1.246337 73000
1.246380 74460
1.246408 75920
1.246448 77380
1.246478 78840
1.246508 80300
1.246547 81760
1.246602 83220
1.246646 84680
1.246674 86140
1.246717 87600
1.246756 89060
1.246808 90520
1.246851 91980
1.246879 93440
1.246918 94900
1.246963 96360
1.247002 97820
1.247049 99280
1.247106 100740
1.247145 102200
1.247204 103660
1.247266 105120
1.247299 106580
1.247328 108040
1.425109 2920
1.425186 4380
1.425306 5840
1.425497 7300
1.425679 8760
1.425716 10220
1.425771 11680
1.425798 13140
1.425884 14600
1.425919 16060
1.425947 17520
1.425999 18980
1.426034 20440
1.426094 21900
1.426129 23360
1.426178 24820
1.426223 26280
1.426266 27740
1.426320 29200
1.426402 30660
1.426444 32120
1.426491 33580
1.426535 35040
1.426588 36500
1.426622 37960
1.426661 39420
1.426723 40880
1.426746 42340
1.426798 43800
1.426842 45260
1.426886 46720
1.426946 48180
1.426991 49640
1.427060 51100
1.427095 52560
1.427181 54020
1.427254 55480
1.427290 56940
1.427358 58400
1.427388 59860
1.446911 61320
1.447100 62780
1.447235 64240
1.447366 65700
1.447489 67160
1.447607 68620
1.625597 2920
1.625865 4380
1.626018 5840
1.626132 7300
1.626197 8760
1.626260 10220
1.626324 11680
1.626388 13140
1.626451 14600
1.626514 16060
1.626577 17520
1.626640 18980
1.626706 20440
1.626769 21900
1.626842 23360
1.626906 24820
1.626969 26280
1.627005 27740
1.627026 29200
1.627048 30660
1.826664 2920
1.826755 4380
1.826819 5840
2.027635 2920
2.027732 4380
2.027803 5840
2.027866 7300
2.027931 8760
2.027999 10220
2.028308 11680
2.049499 13140
2.049695 14600
2.049811 16060
2.049927 17520
2.050055 18980
2.050126 20440
2.050178 21900
2.050215 23360
2.070238 24820
2.070387 26280
2.070510 27740
2.070587 29200
2.070744 30660
2.070852 32120
2.070900 33580
2.070936 35040
2.070965 36500
2.071002 37960
2.071038 39420
2.071071 40880
2.071110 42340
2.071149 43800
2.071181 45260
2.071214 46720
2.090651 48180
2.090759 49640
2.090894 51100
2.090937 52560
2.091038 54020
2.091072 55480
2.091108 56940
2.091188 58400
2.091224 59860
2.091324 61320
2.091364 62780
2.091412 64240
2.091475 65700
2.091550 67160
2.091590 68620
2.091685 70080
2.091741 71540
2.091796 73000
2.091844 74460
2.091898 75920
2.091949 77380
2.092004 78840
2.092049 80300
2.092115 81760
2.092174 83220
2.092228 84680
2.092282 86140
2.092318 87600
2.092359 89060
2.092419 90520
2.092455 91980
2.092514 93440
2.111114 94900
2.111215 96360
2.111263 97820
2.111310 99280
2.111369 100740
2.111446 102200
2.111556 103660
2.111651 105120
2.111720 106580
2.111793 108040
2.328645 2920
2.328724 4380
2.328822 5840
2.328920 7300
2.328984 8760
2.329050 10220
2.329114 11680
2.329178 13140
2.329240 14600
2.329304 16060
2.329368 17520
2.529424 2920
2.529505 4380
2.529831 5840
2.529918 7300
2.529984 8760
2.530048 10220
2.530116 11680
2.530180 13140
2.729711 2920
2.729851 4380
2.729965 5840
2.730038 7300
2.730347 8760
2.730380 10220
2.730439 11680
2.730469 13140
2.730520 14600
2.730541 16060
2.929975 2920
2.930052 4380
2.930117 5840
2.930181 7300
2.930246 8760
2.930364 10220
2.930484 11680
3.130255 2920
3.130288 4380
3.130340 5840
3.130377 7300
3.130453 8760
3.130506 10220
3.151737 11680
3.151841 13140
3.151980 14600
3.330329 2920
3.330392 4380
3.330845 5840
3.330897 7300
3.330993 8760
3.331047 10220
3.331149 11680
3.331225 13140
3.351159 14600
3.531581 2920
3.531671 4380
3.531736 5840
3.531818 7300
3.531882 8760
3.531974 10220
3.532120 11680
3.532165 13140
3.552718 14600
3.552850 16060
3.552991 17520
3.553098 18980
3.553197 20440
3.553353 21900
3.553456 23360
3.553565 24820
3.573300 26280
3.573552 27740
3.573808 29200
3.573978 30660
3.574112 32120
3.574202 33580
3.574318 35040
3.574429 36500
3.574552 37960
3.574650 39420
3.574753 40880
3.574859 42340
3.574889 43800
3.574911 45260
3.574991 46720
3.575027 48180
3.575082 49640
3.575111 51100
3.594015 52560
3.594232 54020
3.594337 55480
3.594601 56940
3.594724 58400
3.594832 59860
3.595053 61320
3.595092 62780
3.595139 64240
3.595171 65700
3.595213 67160
3.595276 68620
3.595345 70080
3.595373 71540
3.595439 73000
3.595483 74460
3.595559 75920
3.595618 77380
3.595672 78840
3.595707 80300
3.595767 81760
3.595809 83220
3.595841 84680
3.595917 86140
3.595946 87600
3.596012 89060
3.596064 90520
3.596115 91980
3.596183 93440
3.596271 94900
3.596336 96360
3.596365 97820
3.596420 99280
3.596490 100740
3.614423 102200
3.614580 103660
3.614683 105120
3.614774 106580
3.614897 108040
3.615009 109500
3.615123 110960
3.615260 112420
3.615378 113880
3.615522 115340
3.615628 116800
3.615760 118260
3.615899 119720
3.616014 121180
3.616131 122640
3.616200 124100
3.616230 125560
3.616259 127020
3.616290 128480
3.616320 129940
3.616349 131400
3.616380 132860
3.616413 134320
3.616442 135780
3.616477 137240
3.616506 138700
3.616542 140160
3.616574 141620
3.616602 143080
3.616638 144540
3.616672 146000
3.616707 147460
3.616744 148920
3.616777 150380
3.616806 151840
3.616842 153300
3.616871 154760
3.616915 156220
3.616947 157680
3.616969 159140
3.617002 160600
3.617034 162060
3.617057 163520
3.617090 164980
3.635806 166440
3.635981 167900
3.636128 169360
3.636234 170820
3.636350 172280
3.636436 173740
3.636547 175200
3.832727 2920
3.832807 4380
3.832872 5840
3.832937 7300
3.833000 8760
3.833064 10220
3.833128 11680
3.833191 13140
3.833254 14600
3.833334 16060
3.833388 17520
3.833414 18980
3.833441 20440
3.833467 21900
3.833492 23360
3.833519 24820
3.833544 26280
3.833571 27740
3.833596 29200
3.833623 30660
3.833654 32120
3.833682 33580
3.833721 35040
3.833770 36500
3.833814 37960
3.833854 39420
3.833890 40880
3.833934 42340
3.833976 43800
3.834022 45260
3.834060 46720
3.834094 48180
3.834130 49640
3.834172 51100
3.834206 52560
3.834229 54020
3.834266 55480
3.834311 56940
3.834341 58400
3.834366 59860
3.834398 61320
3.834429 62780
3.834458 64240
3.854218 65700
3.854356 67160
3.854551 68620
3.854823 70080
3.854999 71540
3.855148 73000
3.855280 74460
3.855435 75920
3.855531 77380
3.855590 78840
3.855644 80300
3.855680 81760
3.855742 83220
3.855781 84680
3.855843 86140
3.855881 87600
3.855939 89060
3.855986 90520
3.856057 91980
3.856095 93440
3.856124 94900
3.856192 96360
3.856244 97820
3.856284 99280
3.856322 100740
3.856384 102200
3.856432 103660
3.856485 105120
3.856542 106580
3.856597 108040
3.856639 109500
3.856683 110960
3.856738 112420
3.856789 113880
3.856864 115340
3.856910 116800
3.856947 118260
3.856983 119720
3.857026 121180
3.857082 122640
3.857128 124100
3.857195 125560
3.857234 127020
3.857265 128480
3.875333 129940
3.875410 131400
3.875542 132860
3.875630 134320
3.875704 135780
3.875766 137240
3.875858 138700
3.875950 140160
3.876018 141620
3.876090 143080
3.876155 144540
3.876246 146000
3.876352 147460
3.876449 148920
3.876513 150380
3.876585 151840
3.876643 153300
3.876697 154760
3.876751 156220
3.876791 157680
3.876841 159140
3.876898 160600
3.876947 162060
3.877001 163520
3.877054 164980
3.877110 166440
3.877168 167900
3.877224 169360
3.877325 170820
3.877384 172280
3.877441 173740
3.877497 175200
3.877538 176660
3.877600 178120
3.877632 179580
3.877688 181040
3.877744 182500
3.877790 183960
3.877872 185420
3.877895 186880
3.877933 188340
3.877988 189800
3.878018 191260
3.895908 192720
3.896098 194180
3.896243 195640
3.896499 197100
3.896647 198560
3.896756 200020
3.896850 201480
3.896969 202940
3.897096 204400
3.897204 205860
3.897292 207320
3.897393 208780
3.897468 210240
3.897498 211700
3.897521 213160
4.032848 2920
4.033021 4380
4.033146 5840
4.033269 7300
4.033414 8760
4.033479 10220
4.033624 11680
4.033800 13140
4.033905 14600
4.033941 16060
4.033980 17520
4.034002 18980
4.034039 20440
4.034060 21900
4.034096 23360
4.034131 24820
4.034167 26280
4.034202 27740
4.034224 29200
4.034259 30660
4.034348 32120
4.034420 33580
4.034504 35040
4.034527 36500
4.034592 37960
4.034649 39420
4.034689 40880
4.034741 42340
4.034790 43800
4.034824 45260
4.034853 46720
4.034882 48180
4.034911 49640
4.034939 51100
4.034968 52560
4.035013 54020
4.035046 55480
4.035083 56940
4.035123 58400
4.035152 59860
4.054569 61320
4.054847 62780
4.055037 64240
4.055315 65700
4.055487 67160
4.055638 68620
4.055732 70080
4.055765 71540
4.055803 73000
4.055854 74460
4.055891 75920
4.055926 77380
4.055962 78840
4.056001 80300
4.056038 81760
4.056073 83220
4.056112 84680
4.056148 86140
4.056187 87600
4.056223 89060
4.056270 90520
4.056305 91980
4.056334 93440
4.056369 94900
4.056417 96360
4.056453 97820
4.056490 99280
4.056524 100740
4.056561 102200
4.056606 103660
4.056647 105120
4.233081 2920
4.233240 4380
4.233280 5840
4.233371 7300
4.233400 8760
4.233490 10220
4.233519 11680
4.233586 13140
4.233635 14600
4.233717 16060
4.233753 17520
4.233792 18980
4.233842 20440
4.233886 21900
4.233930 23360
4.233979 24820
4.234010 26280
4.234053 27740
4.234093 29200
4.234147 30660
4.234186 32120
4.234238 33580
4.234283 35040
4.234326 36500
4.234384 37960
4.234426 39420
4.234448 40880
4.234518 42340
4.234552 43800
4.234594 45260
4.234637 46720
4.234661 48180
4.433707 2920
4.433843 4380
4.434012 5840
4.434127 7300
4.434312 8760
4.434426 10220
4.434616 11680
4.434679 13140
4.434727 14600
4.434775 16060
4.434833 17520
4.434880 18980
4.434927 20440
4.434975 21900
4.435021 23360
4.435068 24820
4.435140 26280
4.435230 27740
4.435311 29200
4.435383 30660
4.435448 32120
4.435485 33580
4.435508 35040
4.435539 36500
4.435564 37960
4.435594 39420
4.435626 40880
4.435660 42340
4.435700 43800
4.435737 45260
4.435773 46720
4.435809 48180
4.455645 49640
4.455845 51100
4.455950 52560
4.456122 54020
4.456224 55480
4.456395 56940
4.456552 58400
4.456695 59860
4.456736 61320
4.456781 62780
4.456838 64240
4.456882 65700
4.456934 67160
4.456993 68620
4.457052 70080
4.457090 71540
4.457140 73000
4.457191 74460
4.457240 75920
4.457290 77380
4.457334 78840
4.457387 80300
4.457432 81760
4.457481 83220
4.457536 84680
4.457591 86140
4.457625 87600
4.457685 89060
4.457734 90520
4.457774 91980
4.457829 93440
4.457879 94900
4.457908 96360
4.476147 97820
4.476339 99280
4.476412 100740
4.476595 102200
4.476708 103660
4.476775 105120
4.476860 106580
4.476925 108040
4.476985 109500
4.477050 110960
4.477141 112420
4.477206 113880
4.477281 115340
4.477346 116800
4.477409 118260
4.477484 119720
4.477540 121180
4.477580 122640
4.477611 124100
4.477641 125560
4.477664 127020
4.477694 128480
4.477724 129940
4.477754 131400
4.477788 132860
4.477852 134320
4.477882 135780
4.477934 137240
4.477983 138700
4.478039 140160
4.478075 141620
4.478132 143080
4.478175 144540
4.478237 146000
4.478279 147460
4.478320 148920
4.478377 150380
4.478433 151840
4.478465 153300
4.478519 154760
4.478579 156220
4.478615 157680
4.478651 159140
4.496572 160600
4.496652 162060
4.496729 163520
4.496833 164980
4.497025 166440
4.497098 167900
4.497166 169360
4.497260 170820
4.497324 172280
4.497394 173740
4.497459 175200
4.497522 176660
4.497546 178120
4.497600 179580
4.497635 181040
4.497665 182500
4.497707 183960
4.497730 185420
4.634250 2920
4.634441 4380
4.634577 5840
4.634754 7300
4.634822 8760
4.634972 10220
4.635037 11680
4.635100 13140
4.635164 14600
4.635229 16060
4.635293 17520
4.635357 18980
4.635442 20440
4.635525 21900
4.635589 23360
4.635667 24820
4.635731 26280
4.635795 27740
4.635857 29200
4.635892 30660
4.635915 32120
4.635945 33580
4.635993 35040
4.636033 36500
4.636054 37960
4.636091 39420
4.636123 40880
4.636153 42340
4.636176 43800
4.636211 45260
4.636244 46720
4.636267 48180
4.636313 49640
4.636355 51100
4.636392 52560
4.636446 54020
4.636482 55480
4.656312 56940
4.656577 58400
4.656738 59860
4.656948 61320
4.657028 62780
4.657104 64240
4.657132 65700
4.657199 67160
4.657253 68620
4.657294 70080
4.657341 71540
4.657395 73000
4.657432 74460
4.657487 75920
4.657530 77380
4.657587 78840
4.657623 80300
4.657685 81760
4.657729 83220
4.657779 84680
4.657817 86140
4.657898 87600
4.835353 2920
4.835461 4380
4.835530 5840
4.835594 7300
4.835657 8760
4.835719 10220
4.835796 11680
4.835860 13140
4.835924 14600
4.835989 16060
4.836052 17520
4.836115 18980
4.836178 20440
4.836243 21900
4.836307 23360
4.836371 24820
4.836434 26280
4.836500 27740
4.836568 29200
4.836590 30660
4.836614 32120
4.836647 33580
4.836670 35040
4.836723 36500
4.836747 37960
4.836785 39420
4.836810 40880
4.836846 42340
4.836890 43800
4.836927 45260
4.836963 46720
4.836996 48180
4.837032 49640
4.837075 51100
4.837129 52560
4.837161 54020
4.837220 55480
4.837251 56940
4.837283 58400
4.837319 59860
4.837364 61320
4.837399 62780
4.857223 64240
4.857349 65700
4.857414 67160
4.857490 68620
4.857560 70080
4.857621 71540
4.857682 73000
4.857747 74460
4.857810 75920
4.857907 77380
5.036269 2920
5.036387 4380
5.036491 5840
5.036767 7300
5.036801 8760
5.036833 10220
5.036894 11680
5.036937 13140
5.036968 14600
5.037004 16060
5.236731 2920
5.236790 4380
5.236837 5840
5.236884 7300
5.237138 8760
5.237190 10220
5.237298 11680
5.237344 13140
5.237391 14600
5.237436 16060
5.237499 17520
5.237546 18980
5.237594 20440
5.237642 21900
5.237689 23360
5.237801 24820
5.237866 26280
5.237934 27740
5.238013 29200
5.238065 30660
5.238101 32120
5.238135 33580
5.238164 35040
5.238187 36500
5.238219 37960
5.238254 39420
5.238278 40880
5.238315 42340
5.238338 43800
5.437862 2920
5.437938 4380
5.438004 5840
5.438067 7300
5.438165 8760
5.438356 10220
5.438460 11680
5.438524 13140
5.438585 14600
5.438618 16060
5.438640 17520
5.438679 18980
5.438737 20440
5.438812 21900
5.438861 23360
5.438937 24820
5.438968 26280
5.438998 27740
5.439082 29200
5.439115 30660
5.439181 32120
5.439227 33580
5.439275 35040
5.439335 36500
5.439385 37960
5.439421 39420
5.439490 40880
5.439528 42340
5.439567 43800
5.459205 45260
5.459406 46720
5.459559 48180
5.459626 49640
5.459716 51100
5.459859 52560
5.459934 54020
5.459999 55480
5.460079 56940
5.460145 58400
5.460228 59860
5.460297 61320
5.460376 62780
5.460460 64240
5.460500 65700
5.460529 67160
5.460552 68620
5.638661 2920
5.638738 4380
5.638902 5840
5.639022 7300
5.639159 8760
5.639223 10220
5.639301 11680
5.639365 13140
5.639428 14600
5.639491 16060
5.639556 17520
5.639619 18980
5.639681 20440
5.639747 21900
5.639810 23360
5.639872 24820
5.639909 26280
5.639931 27740
5.639955 29200
5.639975 30660
5.640004 32120
5.640030 33580
5.640080 35040
5.640113 36500
5.640151 37960
5.640185 39420
5.640225 40880
5.640253 42340
5.640275 43800
5.640316 45260
5.640339 46720
5.640397 48180
5.640436 49640
5.640473 51100
5.640533 52560
5.640607 54020
5.640629 55480
5.640668 56940
5.640717 58400
5.640754 59860
5.660279 61320
5.660425 62780
5.660512 64240
5.660605 65700
5.660697 67160
5.660803 68620
5.660895 70080
5.660939 71540
5.660971 73000
5.660998 74460
5.661039 75920
5.661080 77380
5.661108 78840
5.661148 80300
5.661189 81760
5.661227 83220
5.661255 84680
5.661285 86140
5.661312 87600
5.661372 89060
5.661418 90520
5.661471 91980
5.661520 93440
5.661580 94900
5.661633 96360
5.661675 97820
5.661734 99280
5.661793 100740
5.661826 102200
5.661891 103660
5.661924 105120
5.661986 106580
5.662017 108040
5.662070 109500
5.662133 110960
5.662179 112420
5.662246 113880
5.662285 115340
5.662336 116800
5.662401 118260
5.662438 119720
5.680601 121180
5.680713 122640
5.680860 124100
5.680982 125560
5.681158 127020
5.681433 128480
5.681602 129940
5.681808 131400
5.681980 132860
5.682076 134320
5.682120 135780
5.682197 137240
5.682261 138700
5.682320 140160
5.682372 141620
5.682425 143080
5.682491 144540
5.682543 146000
5.682595 147460
5.682648 148920
5.682694 150380
5.682740 151840
5.682803 153300
5.682857 154760
5.682918 156220
5.682977 157680
5.683027 159140
5.683071 160600
5.839357 2920
6.040209 2920
6.040266 4380
6.040396 5840
6.040487 7300
6.040635 8760
6.040769 10220
6.040809 11680
6.040874 13140
6.040901 14600
6.040967 16060
6.040993 17520
6.041045 18980
6.041098 20440
6.041140 21900
6.041186 23360
6.041234 24820
6.041277 26280
6.041329 27740
6.041382 29200
6.041463 30660
6.041504 32120
6.041544 33580
6.041602 35040
6.041643 36500
6.041687 37960
6.041729 39420
6.041783 40880
6.041815 42340
6.041904 43800
6.041955 45260
6.041993 46720
6.042039 48180
6.042153 49640
6.042191 51100
6.042230 52560
6.042269 54020
6.042306 55480
6.042362 56940
6.042407 58400
6.042430 59860
6.062816 61320
6.062976 62780
6.063119 64240
6.063393 65700
6.063488 67160
6.063587 68620
6.063758 70080
6.063840 71540
6.063941 73000
6.063982 74460
6.064013 75920
6.064058 77380
6.064118 78840
6.064146 80300
6.064206 81760
6.064249 83220
6.064296 84680
6.064352 86140
6.064412 87600
6.064441 89060
6.064499 90520
6.064544 91980
6.064592 93440
6.064643 94900
6.064695 96360
6.064740 97820
6.064794 99280
6.064830 100740
6.064893 102200
6.064936 103660
6.064975 105120
6.065077 106580
6.065117 108040
6.065181 109500
6.065227 110960
6.065278 112420
6.065324 113880
6.065376 115340
6.065471 116800
6.083146 118260
6.083253 119720
6.083352 121180
6.083420 122640
6.083503 124100
6.083578 125560
6.083849 127020
6.083921 128480
6.084027 129940
6.084100 131400
6.084179 132860
6.084267 134320
6.084333 135780
6.084402 137240
6.084486 138700
6.084549 140160
6.084628 141620
6.084702 143080
6.084742 144540
6.084772 146000
6.084793 147460
6.084847 148920
6.084870 150380
6.084922 151840
6.084954 153300
6.084991 154760
6.085031 156220
6.085074 157680
6.085128 159140
6.085171 160600
6.085302 162060
6.085354 163520
6.240626 2920
6.441366 2920
6.441477 4380
6.441506 5840
6.441603 7300
6.441656 8760
6.441716 10220
6.441755 11680
6.441847 13140
6.441876 14600
6.441951 16060
6.442000 17520
6.442050 18980
6.442113 20440
6.442182 21900
6.442232 23360
6.442276 24820
6.442360 26280
6.442389 27740
6.642498 2920
6.642664 4380
6.642791 5840
6.642910 7300
6.642933 8760
6.643080 10220
6.643138 11680
6.643205 13140
6.643228 14600
6.643304 16060
6.643335 17520
6.643374 18980
6.643466 20440
6.643520 21900
6.643564 23360
6.643602 24820
6.643675 26280
6.643711 27740
6.643752 29200
6.643787 30660
6.663872 32120
6.664012 33580
6.664193 35040
6.664338 36500
6.664511 37960
6.664644 39420
6.664804 40880
6.664932 42340
6.665010 43800
6.665062 45260
6.665090 46720
6.665149 48180
6.665206 49640
6.665250 51100
6.665294 52560
6.665345 54020
6.665406 55480
6.665461 56940
6.665500 58400
6.665599 59860
6.665634 61320
6.684225 62780
6.684372 64240
6.684502 65700
6.684573 67160
6.684662 68620
6.684771 70080
6.684884 71540
6.684956 73000
6.684999 74460
6.843886 2920
6.843963 4380
6.844029 5840
7.044282 2920
7.044358 4380
7.044423 5840
7.044490 7300
7.044553 8760
7.044640 10220
7.044705 11680
7.044756 13140
7.044804 14600
7.044850 16060
7.044897 17520
7.044952 18980
7.045000 20440
7.045046 21900
7.045093 23360
7.045142 24820
7.045190 26280
7.045241 27740
7.045287 29200
7.045334 30660
7.045403 32120
7.045522 33580
7.045591 35040
7.045615 36500
7.045638 37960
7.045674 39420
7.045712 40880
7.045745 42340
7.045768 43800
7.045802 45260
7.045843 46720
7.045866 48180
7.045898 49640
7.045933 51100
7.046017 52560
7.046056 54020
7.046109 55480
7.046147 56940
7.065859 58400
7.065963 59860
7.066029 61320
7.066139 62780
7.066208 64240
7.066307 65700
7.066420 67160
7.066555 68620
7.066609 70080
7.066697 71540
7.066737 73000
7.066778 74460
7.066814 75920
7.066873 77380
7.066917 78840
7.066968 80300
7.067004 81760
7.067070 83220
7.067155 84680
7.067261 86140
7.067314 87600
7.067372 89060
7.067404 90520
7.067468 91980
7.067517 93440
7.067548 94900
7.067607 96360
7.067671 97820
7.067708 99280
7.067768 100740
7.067829 102200
7.067865 103660
7.067912 105120
7.067966 106580
7.068021 108040
7.068071 109500
7.068101 110960
7.086184 112420
7.086280 113880
7.086357 115340
7.086452 116800
7.086541 118260
7.086668 119720
7.086730 121180
7.086852 122640
7.087017 124100
7.087101 125560
7.087236 127020
7.087306 128480
7.087413 129940
7.087517 131400
7.087615 132860
7.087701 134320
7.087743 135780
7.087804 137240
7.087887 138700
7.087966 140160
7.088004 141620
7.088078 143080
7.088121 144540
7.088171 146000
7.088245 147460
7.088299 148920
7.088352 150380
7.088408 151840
7.088462 153300
7.088513 154760
7.088562 156220
7.088618 157680
7.088664 159140
7.088718 160600
7.088783 162060
7.088828 163520
7.088874 164980
7.088941 166440
7.088978 167900
7.089075 169360
7.089135 170820
7.089170 172280
7.106527 173740
7.106685 175200
7.106835 176660
7.106999 178120
7.107161 179580
7.107444 181040
7.107653 182500
7.107829 183960
7.107871 185420
7.107929 186880
7.108074 188340
7.108115 189800
7.108180 191260
7.108245 192720
7.108426 194180
7.108490 195640
7.108560 197100
7.108622 198560
7.108668 200020
7.108697 201480
7.108776 202940
7.108840 204400
7.108879 205860
7.108937 207320
7.108987 208780
7.109046 210240
7.109096 211700
7.109132 213160
7.109206 214620
7.244351 2920
7.244430 4380
7.244495 5840
7.244558 7300
7.244621 8760
7.244686 10220
7.244749 11680
7.244812 13140
7.244876 14600
7.244940 16060
7.245016 17520
7.245042 18980
7.245066 20440
7.245088 21900
7.245109 23360
7.245130 24820
7.245158 26280
7.245181 27740
7.245203 29200
7.245249 30660
7.245291 32120
7.245338 33580
7.245386 35040
7.245495 36500
7.245561 37960
7.245600 39420
7.245652 40880
7.245722 42340
7.245773 43800
7.245837 45260
7.245894 46720
7.245937 48180
7.245997 49640
7.246036 51100
7.246086 52560
7.246126 54020
7.246174 55480
7.246239 56940
7.246276 58400
7.265699 59860
7.265796 61320
7.265912 62780
7.265978 64240
7.266063 65700
7.266358 67160
7.266500 68620
7.266573 70080
7.266663 71540
7.266851 73000
7.266990 74460
7.267110 75920
7.267133 77380
7.267195 78840
7.267237 80300
7.267307 81760
7.267345 83220
7.267389 84680
7.267460 86140
7.445708 2920
7.445971 4380
7.446042 5840
7.446355 7300
7.446484 8760
7.446595 10220
7.446660 11680
7.446724 13140
7.446787 14600
7.446850 16060
7.446916 17520
7.446980 18980
7.447042 20440
7.447105 21900
7.447168 23360
7.447230 24820
7.447294 26280
7.447364 27740
7.447392 29200
7.447413 30660
7.447434 32120
7.447455 33580
7.447485 35040
7.646323 2920
7.646362 4380
7.646402 5840
7.847612 2920
7.847690 4380
7.847754 5840
7.847826 7300
7.847888 8760
7.847954 10220
7.848267 11680
7.848291 13140
7.848344 14600
7.848383 16060
7.848443 17520
7.848483 18980
7.848548 20440
7.848586 21900
7.848620 23360
7.848673 24820
7.848711 26280
7.869451 27740
7.869601 29200
7.869659 30660
7.869687 32120
7.869765 33580
7.869834 35040
7.869966 36500
7.869988 37960
7.870025 39420
7.870079 40880
7.870182 42340
7.870205 43800
7.870242 45260
7.870318 46720
7.870363 48180
7.870430 49640
7.870461 51100
7.889948 52560
7.890232 54020
7.890333 55480
7.890633 56940
7.891122 58400
7.891223 59860
7.891320 61320
7.891355 62780
7.891387 64240
7.891434 65700
7.891542 67160
8.048134 2920
8.249100 2920
8.249173 4380
8.249235 5840
8.249296 7300
8.249389 8760
8.249448 10220
8.249528 11680
8.249589 13140
8.249648 14600
8.249686 16060
8.249775 17520
8.249865 18980
8.249936 20440
8.249973 21900
8.250011 23360
8.250033 24820
8.250068 26280
8.250104 27740
8.250142 29200
8.250177 30660
8.250200 32120
8.250279 33580
8.250361 35040
8.250398 36500
8.250447 37960
8.250487 39420
8.250513 40880
8.250550 42340
8.250588 43800
8.250639 45260
8.250662 46720
8.250730 48180
8.250782 49640
8.250829 51100
8.250907 52560
8.250952 54020
8.250991 55480
8.251043 56940
8.251079 58400
8.251125 59860
8.251162 61320
8.270572 62780
8.270717 64240
8.270807 65700
8.270925 67160
8.271083 68620
8.271124 70080
8.271189 71540
8.271239 73000
8.271305 74460
8.271350 75920
8.271414 77380
8.271463 78840
8.271542 80300
8.271580 81760
8.271642 83220
8.271681 84680
8.271733 86140
8.271787 87600
8.271839 89060
8.271906 90520
8.271962 91980
8.272033 93440
8.272099 94900
8.272173 96360
8.272215 97820
8.272274 99280
8.272325 100740
8.272390 102200
8.272431 103660
8.272485 105120
8.272535 106580
8.272587 108040
8.272662 109500
8.272713 110960
8.272747 112420
8.272816 113880
8.272853 115340
8.272927 116800
8.272978 118260
8.273026 119720
8.273063 121180
8.291033 122640
8.291206 124100
8.291351 125560
8.291647 127020
8.291803 128480
8.291948 129940
8.292092 131400
8.292222 132860
8.292267 134320
8.292310 135780
8.292376 137240
8.292425 138700
8.449737 2920
8.449857 4380
8.450012 5840
8.450171 7300
8.450347 8760
8.450447 10220
8.450512 11680
8.450548 13140
8.450585 14600
8.450632 16060
8.450673 17520
8.450734 18980
8.450783 20440
8.450841 21900
8.450900 23360
8.450937 24820
8.450973 26280
8.451025 27740
8.451070 29200
8.451120 30660
8.451143 32120
8.451190 33580
8.451240 35040
8.451378 36500
8.451412 37960
8.451439 39420
8.451465 40880
8.451491 42340
8.451516 43800
8.451542 45260
8.650893 2920
8.650972 4380
8.651036 5840
8.851548 2920
8.851628 4380
8.851694 5840
8.851774 7300
8.851838 8760
8.851904 10220
8.851968 11680
8.852030 13140
8.852122 14600
8.852198 16060
8.852229 17520
8.852256 18980
8.852282 20440
8.852320 21900
8.852361 23360
8.852395 24820
8.852446 26280
8.852474 27740
8.852500 29200
8.852542 30660
8.852584 32120
8.852622 33580
8.852657 35040
8.852714 36500
8.852751 37960
8.873168 39420
8.873271 40880
8.873388 42340
8.873491 43800
8.873590 45260
8.873737 46720
8.873844 48180
8.873970 49640
8.874082 51100
8.874163 52560
8.874248 54020
8.874277 55480
8.874306 56940
8.874333 58400
8.874363 59860
8.874395 61320
8.874424 62780
8.874456 64240
9.051821 2920
9.051911 4380
9.051977 5840
9.052160 7300
9.052309 8760
9.052418 10220
9.052548 11680
9.052640 13140
9.052748 14600
9.052771 16060
9.052792 17520
9.052814 18980
9.052875 20440
9.052914 21900
9.052970 23360
9.053009 24820
9.053062 26280
9.053086 27740
9.053145 29200
9.053184 30660
9.053239 32120
9.053278 33580
9.053334 35040
9.053375 36500
9.053408 37960
9.053463 39420
9.053495 40880
9.053543 42340
9.053589 43800
9.053630 45260
9.053674 46720
9.053736 48180
9.053773 49640
9.053812 51100
9.053866 52560
9.053919 54020
9.053963 55480
9.054016 56940
9.054071 58400
9.054110 59860
9.054177 61320
9.054209 62780
9.054268 64240
9.074028 65700
9.074195 67160
9.074547 68620
9.074685 70080
9.074759 71540
9.074810 73000
9.074881 74460
9.074949 75920
9.075017 77380
9.075119 78840
9.075199 80300
9.075288 81760
9.075354 83220
9.075438 84680
9.075516 86140
9.075556 87600
9.075586 89060
9.075640 90520
9.075674 91980
9.075707 93440
9.075736 94900
9.075773 96360
9.075804 97820
9.075835 99280
9.075864 100740
9.075888 102200
9.075915 103660
9.075946 105120
9.075976 106580
9.076017 108040
9.076047 109500
9.076078 110960
9.076106 112420
9.252342 2920
9.252422 4380
9.252487 5840
9.252552 7300
9.252615 8760
9.252679 10220
9.252743 11680
9.252805 13140
9.252868 14600
9.252936 16060
9.253019 17520
9.253040 18980
9.253061 20440
9.253081 21900
9.253102 23360
9.253123 24820
9.253148 26280
9.253169 27740
9.253192 29200
9.253250 30660
9.253277 32120
9.253367 33580
9.253403 35040
9.253441 36500
9.253476 37960
9.253540 39420
9.253575 40880
9.253641 42340
9.253678 43800
9.253721 45260
9.253786 46720
9.253843 48180
9.253883 49640
9.253922 51100
9.253955 52560
9.253984 54020
9.254054 55480
9.254080 56940
9.254117 58400
9.254161 59860
9.254198 61320
9.254240 62780
9.274083 64240
9.274711 65700
9.274814 67160
9.274990 68620
9.275064 70080
9.275140 71540
9.275210 73000
9.275312 74460
9.275389 75920
9.275533 77380
9.275598 78840
9.275694 80300
9.275772 81760
9.275819 83220
9.275904 84680
9.275947 86140
9.275979 87600
9.276009 89060
9.276040 90520
9.276069 91980
9.276093 93440
9.276125 94900
9.276151 96360
9.276182 97820
9.276214 99280
9.276247 100740
9.276288 102200
9.276318 103660
9.276354 105120
9.276393 106580
9.276424 108040
9.276455 109500
9.276486 110960
9.453007 2920
9.453271 4380
9.453471 5840
9.453533 7300
9.453581 8760
9.453629 10220
9.453675 11680
9.453723 13140
9.453769 14600
9.453816 16060
9.453881 17520
9.453931 18980
9.453978 20440
9.454024 21900
9.454070 23360
9.454125 24820
9.454171 26280
9.454199 27740
9.454220 29200
9.454272 30660
9.454301 32120
9.454348 33580
9.454385 35040
9.454432 36500
9.454479 37960
9.454519 39420
9.454565 40880
9.454650 42340
9.454710 43800
9.454744 45260
9.454803 46720
9.454843 48180
9.454881 49640
9.454921 51100
9.454951 52560
9.455021 54020
9.455057 55480
9.455081 56940
9.455126 58400
9.475042 59860
9.475162 61320
9.475395 62780
9.475625 64240
9.475738 65700
9.475873 67160
9.476004 68620
9.476171 70080
9.476283 71540
9.476368 73000
9.476446 74460
9.476469 75920
9.476501 77380
9.476525 78840
9.476547 80300
9.476578 81760
9.476607 83220
9.476637 84680
9.476666 86140
9.476711 87600
9.653219 2920
9.653301 4380
9.653366 5840
9.653429 7300
9.653493 8760
9.653556 10220
9.653619 11680
9.653683 13140
9.653748 14600
9.854232 2920
9.854310 4380
9.854375 5840
9.854439 7300
9.854503 8760
9.854567 10220
9.854631 11680
9.854695 13140
9.854758 14600
9.854822 16060
9.854888 17520
9.854950 18980
9.855023 20440
9.855090 21900
9.855142 23360
9.855171 24820
9.855197 26280
9.855220 27740
9.855268 29200
9.855300 30660
9.855337 32120
9.855360 33580
9.855386 35040
9.855434 36500
9.855478 37960
9.855515 39420
9.855539 40880
9.855573 42340
9.855617 43800
9.855653 45260
9.875861 46720
9.875960 48180
9.876416 49640
9.876512 51100
9.876642 52560
9.876743 54020
9.876902 55480
9.876999 56940
9.877100 58400
9.877172 59860
9.877205 61320
9.877229 62780
9.877258 64240
9.877292 65700
9.877325 67160
9.877367 68620
9.877408 70080
9.877430 71540
9.877475 73000
9.877505 74460
9.877531 75920
9.877555 77380
9.877587 78840
9.877619 80300
9.877647 81760
9.877672 83220
9.877735 84680
9.877787 86140
9.877842 87600
9.877894 89060
9.896604 90520
9.896724 91980
9.897025 93440
9.897100 94900
9.897232 96360
9.897307 97820
9.897381 99280
9.897475 100740
9.897561 102200
9.897659 103660
9.897722 105120
9.897788 106580
9.897857 108040
9.897951 109500
9.898018 110960
9.898100 112420
9.898177 113880
9.898225 115340
9.898263 116800
9.898292 118260
9.898316 119720
9.898355 121180
9.898411 122640
9.898449 124100
9.898470 125560
9.898500 127020
9.898535 128480
9.898564 129940
9.898595 131400
9.898629 132860
9.898673 134320
9.898701 135780
9.898725 137240
9.898794 138700
9.898827 140160
9.898851 141620
9.898905 143080
9.898951 144540
9.899002 146000
9.899053 147460
9.899114 148920
9.899168 150380
9.899208 151840
9.917486 153300
9.917643 154760
9.917773 156220
9.917876 157680
9.917966 159140
9.918213 160600
9.918269 162060
9.918324 163520
9.918364 164980
9.918410 166440
9.918454 167900
9.918511 169360
9.918553 170820
9.918602 172280
9.918645 173740
9.918700 175200
9.918761 176660
9.918818 178120
9.918865 179580
9.918919 181040
9.918962 182500
9.919016 183960
9.919046 185420
9.919113 186880
9.919144 188340
9.919222 189800
9.919277 191260
9.919329 192720
9.919370 194180
9.919420 195640
9.919479 197100
9.919531 198560
9.919568 200020
9.919636 201480
9.919726 202940
10.054657 2920
10.054761 4380
10.054886 5840
10.055016 7300
10.055130 8760
10.055263 10220
10.055402 11680
10.055519 13140
10.055556 14600
10.055618 16060
10.055657 17520
10.055710 18980
10.055748 20440
10.055792 21900
10.055835 23360
10.055873 24820
10.055918 26280
10.055962 27740
10.056004 29200
10.056049 30660
10.255784 2920
10.255890 4380
10.255988 5840
10.256078 7300
10.256156 8760
10.256237 10220
10.256316 11680
10.256401 13140
10.256475 14600
10.256559 16060
10.256642 17520
10.256770 18980
10.256960 20440
10.257021 21900
10.257059 23360
10.257102 24820
10.257139 26280
10.257183 27740
10.257220 29200
10.257264 30660
10.257310 32120
10.257361 33580
10.277143 35040
10.277215 36500
10.277258 37960
10.277366 39420
10.277419 40880
10.277457 42340
10.277496 43800
10.277580 45260
10.277636 46720
10.277706 48180
10.277765 49640
10.277823 51100
10.277847 52560
10.277910 54020
10.277968 55480
10.278043 56940
10.456524 2920
10.456602 4380
10.456763 5840
10.456883 7300
10.457014 8760
10.457224 10220
10.457291 11680
10.457314 13140
10.457355 14600
10.457405 16060
10.457427 17520
10.457488 18980
10.457511 20440
10.457565 21900
10.457608 23360
10.457659 24820
10.457701 26280
10.457745 27740
10.457788 29200
10.457832 30660
10.457879 32120
10.457932 33580
10.457968 35040
10.458008 36500
10.458065 37960
10.458121 39420
10.458156 40880
10.458195 42340
10.458233 43800
10.458288 45260
10.458351 46720
10.458373 48180
10.656966 2920
10.657001 4380
10.657026 5840
10.657063 7300
10.657123 8760
10.657194 10220
10.657240 11680
10.657288 13140
10.657350 14600
10.657408 16060
10.657434 17520
10.657476 18980
10.657516 20440
10.657580 21900
10.657624 23360
10.657670 24820
10.657710 26280
10.657741 27740
