1697722837.900689, 0
1697722837.917742, 0
1697722837.934685, 0
1697722837.951364, 2
1697722837.968389, 9
1697722837.985104, 6
1697722838.001707, 13
1697722838.018853, 17
1697722838.035654, 19
1697722838.052125, 24
1697722838.068649, 27
1697722838.085232, 31
1697722838.102034, 35
1697722838.119029, 40
1697722838.135854, 42
1697722838.152540, 48
1697722838.169723, 53
1697722838.186755, 59
1697722838.203738, 66
1697722838.221088, 70
1697722838.238003, 70
1697722838.254608, 70
1697722838.271054, 70
1697722838.287975, 70
1697722838.304818, 70
1697722838.322168, 70
1697722838.339078, 69
1697722838.356199, 70
1697722838.373082, 70
1697722838.389837, 69
1697722838.407031, 70
1697722838.423904, 70
1697722838.441049, 70
1697722838.458966, 69
1697722838.475929, 70
1697722838.493317, 70
1697722838.510485, 69
1697722838.527162, 69
1697722838.544592, 69
1697722838.561761, 68
1697722838.578587, 69
1697722838.595357, 69
1697722838.612377, 68
1697722838.629402, 69
1697722838.646446, 70
1697722838.663613, 69
1697722838.680504, 69
1697722838.697823, 70
1697722838.714753, 69
1697722838.731627, 69
1697722838.748835, 69
1697722838.765884, 70
1697722838.782633, 70
1697722838.800429, 69
1697722838.817510, 68
1697722838.834749, 70
1697722838.852593, 70
1697722838.869289, 70
1697722838.886271, 70
1697722838.903115, 70
1697722838.919922, 70
1697722838.936965, 69
1697722838.953605, 69
1697722838.970675, 69
1697722838.987875, 66
1697722839.005374, 67
1697722839.022501, 68
1697722839.039694, 68
1697722839.056488, 69
1697722839.073426, 70
1697722839.090697, 68
1697722839.108354, 66
1697722839.125757, 66
1697722839.142929, 68
1697722839.160046, 66
1697722839.177877, 68
1697722839.195005, 69
1697722839.212501, 68
1697722839.229844, 70
1697722839.247226, 69
1697722839.264256, 67
1697722839.281580, 67
1697722839.298582, 68
1697722839.315313, 68
1697722839.332168, 65
1697722839.349534, 62
1697722839.366356, 68
1697722839.383240, 67
1697722839.400182, 65
1697722839.417058, 66
1697722839.434026, 65
1697722839.452100, 64
1697722839.469359, 67
1697722839.486759, 66
1697722839.503595, 68
1697722839.520419, 67
1697722839.537041, 63
1697722839.554159, 61
1697722839.571040, 58
1697722839.587778, 53
1697722839.604937, 53
1697722839.621687, 50
1697722839.638840, 51
1697722839.655754, 51
1697722839.672356, 51
1697722839.689594, 50
1697722839.706629, 50
1697722839.723621, 51
1697722839.741215, 49
1697722839.758606, 51
1697722839.775824, 52
1697722839.793223, 51
1697722839.810038, 51
1697722839.826895, 52
1697722839.844209, 51
1697722839.860831, 52
1697722839.877680, 54
1697722839.895105, 54
1697722839.911934, 54
1697722839.928530, 54
1697722839.945028, 54
1697722839.961983, 54
1697722839.978637, 52
1697722839.996033, 51
1697722840.013372, 51
1697722840.029870, 52
1697722840.046690, 53
1697722840.063740, 53
1697722840.080418, 52
1697722840.097456, 53
1697722840.114177, 52
1697722840.130783, 52
1697722840.147509, 53
1697722840.164336, 52
1697722840.181623, 53
1697722840.198565, 53
1697722840.215394, 53
1697722840.232790, 51
1697722840.249763, 53
1697722840.267182, 53
1697722840.284332, 52
1697722840.301689, 52
1697722840.318509, 53
1697722840.335680, 53
1697722840.352756, 53
1697722840.369756, 54
1697722840.387121, 53
1697722840.403991, 53
1697722840.420950, 54
1697722840.438181, 54
1697722840.455160, 53
1697722840.471505, 54
1697722840.488412, 54
1697722840.505009, 54
1697722840.522502, 53
1697722840.539104, 53
1697722840.556163, 54
1697722840.573598, 54
1697722840.590320, 54
1697722840.607224, 54
1697722840.624221, 54
1697722840.641383, 55
1697722840.658212, 55
1697722840.675369, 54
1697722840.692250, 55
1697722840.709291, 54
1697722840.726611, 54
1697722840.743610, 55
1697722840.760140, 55
1697722840.776796, 54
1697722840.793632, 55
1697722840.810670, 55
1697722840.827649, 54
1697722840.844414, 55
1697722840.861200, 55
1697722840.878194, 55
1697722840.895079, 56
1697722840.912187, 57
1697722840.929273, 56
1697722840.945918, 55
1697722840.962981, 56
1697722840.980080, 55
1697722840.997046, 55
1697722841.014210, 56
1697722841.031262, 56
1697722841.047798, 55
1697722841.065049, 55
1697722841.082013, 55
1697722841.099069, 56
1697722841.116567, 56
1697722841.133482, 56
1697722841.150544, 55
1697722841.167838, 56
1697722841.184639, 57
1697722841.201726, 56
1697722841.218673, 55
1697722841.235470, 56
1697722841.252593, 56
1697722841.269578, 56
1697722841.286566, 57
1697722841.303912, 57
1697722841.320590, 56
1697722841.337606, 56
1697722841.354060, 56
1697722841.371105, 56
1697722841.387811, 57
1697722841.404817, 57
1697722841.421703, 56
1697722841.438911, 57
1697722841.455686, 57
1697722841.472346, 56
1697722841.488998, 57
1697722841.506197, 58
1697722841.523142, 58
1697722841.540052, 56
1697722841.557611, 58
1697722841.574657, 57
1697722841.591695, 58
1697722841.609010, 58
1697722841.625537, 58
1697722841.642748, 57
1697722841.659692, 57
1697722841.676457, 57
1697722841.693741, 58
1697722841.710709, 58
1697722841.727533, 58
1697722841.744827, 57
1697722841.761560, 57
1697722841.778415, 58
1697722841.795734, 59
1697722841.812576, 58
1697722841.829259, 59
1697722841.846376, 59
1697722841.863079, 58
1697722841.879682, 58
1697722841.896871, 58
1697722841.913730, 58
1697722841.930458, 59
1697722841.948053, 59
1697722841.965300, 58
1697722841.981896, 58
1697722841.998946, 58
1697722842.015897, 59
1697722842.033261, 59
1697722842.050320, 58
1697722842.067622, 58
1697722842.084476, 58
1697722842.101626, 60
1697722842.118715, 60
1697722842.136170, 59
1697722842.153199, 60
1697722842.170434, 60
1697722842.187358, 59
1697722842.204733, 60
1697722842.223026, 60
1697722842.242854, 59
1697722842.259907, 60
1697722842.276987, 60
1697722842.294209, 59
1697722842.310882, 60
1697722842.328614, 60
1697722842.346077, 59
1697722842.363087, 59
1697722842.380031, 59
1697722842.397319, 59
1697722842.414103, 60
1697722842.431542, 60
1697722842.449016, 61
1697722842.465810, 60
1697722842.483011, 61
1697722842.499667, 61
1697722842.516542, 60
1697722842.533939, 61
1697722842.551184, 61
1697722842.567606, 60
1697722842.585075, 61
1697722842.602102, 61
1697722842.618731, 61
1697722842.635409, 61
1697722842.652252, 61
1697722842.670340, 61
1697722842.687493, 60
1697722842.704521, 60
1697722842.722021, 61
1697722842.739168, 61
1697722842.755932, 62
1697722842.773135, 62
1697722842.789968, 61
1697722842.808048, 62
1697722842.825415, 62
1697722842.842240, 61
1697722842.859881, 62
1697722842.877118, 62
1697722842.893894, 61
1697722842.910638, 62
1697722842.928030, 62
1697722842.945305, 62
1697722842.962392, 61
1697722842.979662, 62
1697722842.997155, 62
1697722843.014366, 62
1697722843.031472, 62
1697722843.048398, 62
1697722843.065176, 62
1697722843.082128, 63
1697722843.099051, 63
1697722843.116038, 62
1697722843.133248, 64
1697722843.150170, 63
1697722843.167732, 63
1697722843.184485, 64
1697722843.201348, 64
1697722843.218964, 63
1697722843.236210, 64
1697722843.253281, 64
1697722843.270391, 63
1697722843.287421, 62
1697722843.304263, 62
1697722843.321278, 63
1697722843.337788, 63
1697722843.354590, 63
1697722843.372087, 63
1697722843.388797, 64
1697722843.405646, 63
1697722843.422936, 63
1697722843.439956, 63
1697722843.456744, 64
1697722843.473771, 64
1697722843.490456, 64
1697722843.507151, 64
1697722843.524381, 64
1697722843.541044, 64
1697722843.557466, 63
1697722843.574680, 63
1697722843.591353, 64
1697722843.607666, 64
1697722843.624534, 64
1697722843.641530, 64
1697722843.658619, 64
1697722843.675382, 64
1697722843.692111, 64
1697722843.709198, 63
1697722843.725770, 64
1697722843.742669, 65
1697722843.760247, 65
1697722843.777275, 66
1697722843.794164, 66
1697722843.811145, 66
1697722843.827804, 65
1697722843.844463, 65
1697722843.861648, 65
1697722843.878471, 65
1697722843.894989, 66
1697722843.911980, 66
1697722843.929020, 65
1697722843.945648, 65
1697722843.962631, 65
1697722843.979522, 64
1697722843.996139, 65
1697722844.013288, 64
1697722844.029928, 64
1697722844.046998, 65
1697722844.064206, 66
1697722844.080969, 66
1697722844.098379, 65
1697722844.114998, 65
1697722844.131727, 65
1697722844.148891, 65
1697722844.165782, 66
1697722844.182586, 66
1697722844.199253, 66
1697722844.215998, 66
1697722844.232790, 65
1697722844.250198, 65
1697722844.267246, 66
1697722844.283912, 66
1697722844.300694, 66
1697722844.317520, 67
1697722844.334465, 66
1697722844.351409, 66
1697722844.368645, 66
1697722844.385468, 66
1697722844.402423, 67
1697722844.418977, 66
1697722844.435159, 67
1697722844.452093, 67
1697722844.469112, 67
1697722844.486062, 67
1697722844.502712, 67
1697722844.519399, 67
1697722844.536241, 66
1697722844.553222, 66
1697722844.569847, 66
1697722844.587068, 67
1697722844.603998, 67
1697722844.621164, 66
1697722844.638974, 67
1697722844.656087, 67
1697722844.672684, 67
1697722844.689333, 68
1697722844.706209, 67
1697722844.722806, 67
1697722844.739487, 67
1697722844.756765, 66
1697722844.773438, 67
1697722844.790310, 68
1697722844.807066, 67
1697722844.823341, 67
1697722844.840273, 67
1697722844.857093, 67
1697722844.873675, 68
1697722844.890850, 68
1697722844.907534, 67
1697722844.925025, 67
1697722844.941926, 68
1697722844.958641, 67
1697722844.976093, 68
1697722844.992799, 68
1697722845.009768, 67
1697722845.027906, 68
1697722845.044547, 68
1697722845.061232, 68
1697722845.078748, 68
1697722845.095742, 68
1697722845.112692, 69
1697722845.130066, 68
1697722845.146851, 69
1697722845.163381, 69
1697722845.179777, 69
1697722845.196530, 69
1697722845.213472, 69
1697722845.230201, 69
1697722845.247163, 67
1697722845.263976, 69
1697722845.281453, 69
1697722845.298431, 69
1697722845.315097, 69
1697722845.332252, 69
1697722845.349384, 69
1697722845.365952, 68
1697722845.382951, 68
1697722845.399709, 69
1697722845.416728, 69
1697722845.433653, 69
1697722845.450640, 69
1697722845.468068, 70
1697722845.485260, 70
1697722845.502294, 70
1697722845.519380, 69
1697722845.536181, 70
1697722845.553130, 70
1697722845.570092, 69
1697722845.586939, 70
1697722845.603801, 70
1697722845.620839, 70
1697722845.637714, 70
1697722845.654402, 70
1697722845.671038, 69
1697722845.688064, 68
1697722845.704937, 68
1697722845.721974, 69
1697722845.738938, 69
1697722845.755506, 69
1697722845.772766, 70
1697722845.789733, 69
1697722845.806612, 68
1697722845.823432, 69
1697722845.840402, 69
1697722845.857369, 70
1697722845.874266, 70
1697722845.891091, 69
1697722845.908347, 69
1697722845.924872, 69
1697722845.941966, 68
1697722845.959564, 68
1697722845.976267, 69
1697722845.992624, 69
1697722846.009654, 68
1697722846.026523, 62
1697722846.043545, 55
1697722846.060964, 48
1697722846.077850, 42
1697722846.094635, 34
1697722846.111902, 31
1697722846.128682, 32
1697722846.146254, 32
1697722846.163588, 31
1697722846.183665, 32
1697722846.201352, 33
1697722846.218489, 33
1697722846.234984, 32
1697722846.252338, 32
1697722846.269237, 32
1697722846.286055, 33
1697722846.303110, 34
1697722846.319857, 34
1697722846.336701, 33
1697722846.353567, 34
1697722846.370952, 34
1697722846.387752, 33
1697722846.404693, 34
1697722846.421582, 34
1697722846.438761, 33
1697722846.456116, 34
1697722846.473614, 34
1697722846.490543, 34
1697722846.507615, 34
1697722846.524652, 35
1697722846.541683, 35
1697722846.559157, 34
1697722846.575968, 35
1697722846.592417, 35
1697722846.609817, 33
1697722846.626868, 35
1697722846.643929, 34
1697722846.660820, 34
1697722846.677683, 35
1697722846.694456, 36
1697722846.711600, 35
1697722846.728316, 36
1697722846.744948, 35
1697722846.762306, 35
1697722846.779192, 35
1697722846.796490, 36
1697722846.813583, 35
1697722846.830584, 36
1697722846.847870, 36
1697722846.864831, 36
1697722846.881759, 35
1697722846.899233, 37
1697722846.915763, 37
1697722846.932517, 36
1697722846.949902, 37
1697722846.966705, 37
1697722846.983566, 36
1697722847.000896, 37
1697722847.017622, 37
1697722847.034309, 36
1697722847.051317, 37
1697722847.068108, 37
1697722847.085237, 37
1697722847.101974, 37
1697722847.119411, 37
1697722847.136903, 38
1697722847.154039, 36
1697722847.171513, 38
1697722847.189412, 38
1697722847.206930, 37
1697722847.223946, 37
1697722847.241258, 38
1697722847.258660, 37
1697722847.275830, 37
1697722847.292954, 37
1697722847.309816, 38
1697722847.326579, 39
1697722847.343475, 39
1697722847.360421, 39
1697722847.377375, 38
1697722847.394605, 39
1697722847.412361, 38
1697722847.430772, 39
1697722847.447800, 39
1697722847.464669, 39
1697722847.481588, 37
1697722847.498921, 39
1697722847.517179, 39
1697722847.535328, 39
1697722847.552512, 40
1697722847.569397, 40
1697722847.586661, 39
1697722847.603752, 40
1697722847.620609, 40
1697722847.637563, 39
1697722847.655097, 39
1697722847.672130, 39
1697722847.689130, 40
1697722847.706393, 39
1697722847.724038, 39
1697722847.740915, 40
1697722847.757853, 41
1697722847.774811, 41
1697722847.792007, 41
1697722847.808926, 41
1697722847.826166, 41
1697722847.843383, 41
1697722847.860288, 42
1697722847.877274, 41
1697722847.894148, 41
1697722847.911631, 42
1697722847.929153, 41
1697722847.946550, 41
1697722847.963315, 41
1697722847.980324, 42
1697722847.998264, 41
1697722848.015832, 41
1697722848.033165, 42
1697722848.050548, 42
1697722848.067709, 41
1697722848.085018, 42
1697722848.102233, 42
1697722848.119266, 42
1697722848.135972, 41
1697722848.152702, 41
1697722848.169822, 41
1697722848.186774, 42
1697722848.203485, 43
1697722848.220844, 43
1697722848.237861, 42
1697722848.254403, 42
1697722848.271642, 42
1697722848.288298, 42
1697722848.305040, 43
1697722848.322410, 43
1697722848.339252, 43
1697722848.356101, 42
1697722848.373136, 42
1697722848.389972, 42
1697722848.407176, 43
1697722848.424220, 44
1697722848.441033, 44
1697722848.457820, 44
1697722848.474771, 43
1697722848.491973, 43
1697722848.508959, 43
1697722848.525613, 44
1697722848.542367, 44
1697722848.559706, 44
1697722848.576712, 43
1697722848.593659, 43
1697722848.610794, 43
1697722848.627792, 44
1697722848.644615, 44
1697722848.661757, 45
1697722848.678558, 44
1697722848.695596, 45
1697722848.713163, 45
1697722848.730255, 45
1697722848.746944, 44
1697722848.764323, 45
1697722848.780986, 44
1697722848.797518, 45
1697722848.815131, 45
1697722848.832174, 45
1697722848.849052, 44
1697722848.866491, 44
1697722848.883403, 44
1697722848.900192, 44
1697722848.918120, 45
1697722848.935091, 45
1697722848.952272, 45
1697722848.969122, 46
1697722848.985807, 46
1697722849.003057, 45
1697722849.019774, 46
1697722849.036607, 45
1697722849.053774, 47
1697722849.070499, 47
1697722849.087051, 47
1697722849.104100, 48
1697722849.120883, 47
1697722849.138031, 47
1697722849.155151, 48
1697722849.171697, 45
1697722849.188529, 47
1697722849.206049, 46
1697722849.223037, 47
1697722849.239783, 47
1697722849.256618, 47
1697722849.273223, 46
1697722849.290135, 47
1697722849.306943, 48
1697722849.323944, 48
1697722849.340439, 48
1697722849.357712, 48
1697722849.375311, 48
1697722849.392308, 47
1697722849.409103, 48
1697722849.426362, 48
1697722849.443791, 47
1697722849.460618, 48
1697722849.477299, 48
1697722849.494681, 47
1697722849.511608, 48
1697722849.528207, 49
1697722849.545334, 50
1697722849.562498, 49
1697722849.579629, 48
1697722849.596681, 49
1697722849.613871, 49
1697722849.630816, 49
1697722849.648140, 48
1697722849.664778, 49
1697722849.682683, 49
1697722849.700217, 49
1697722849.716879, 49
1697722849.734340, 49
1697722849.751181, 49
1697722849.768052, 50
1697722849.785258, 50
1697722849.801715, 51
1697722849.818379, 50
1697722849.835355, 50
1697722849.851947, 50
1697722849.868833, 50
1697722849.885611, 48
1697722849.902092, 48
1697722849.919146, 49
1697722849.936282, 50
1697722849.953141, 50
1697722849.969819, 50
1697722849.986608, 50
1697722850.003524, 50
1697722850.020443, 50
1697722850.037651, 50
1697722850.054416, 51
1697722850.070950, 52
1697722850.087812, 51
1697722850.104466, 51
1697722850.121107, 51
1697722850.138036, 51
1697722850.154726, 50
1697722850.171856, 50
1697722850.188589, 51
1697722850.205511, 50
1697722850.222650, 51
1697722850.239629, 51
1697722850.256858, 51
1697722850.274039, 52
1697722850.290727, 52
1697722850.307313, 51
1697722850.324065, 52
1697722850.341110, 51
1697722850.357875, 52
1697722850.374501, 51
1697722850.391090, 51
1697722850.407906, 52
1697722850.424692, 51
1697722850.441160, 51
1697722850.457796, 52
1697722850.474470, 51
1697722850.491105, 52
1697722850.507725, 53
1697722850.524656, 52
1697722850.541704, 52
1697722850.558686, 52
1697722850.575924, 52
1697722850.592747, 53
1697722850.609788, 53
1697722850.626418, 53
1697722850.643091, 52
1697722850.659796, 52
1697722850.676407, 53
1697722850.692842, 53
1697722850.709681, 52
1697722850.726248, 53
1697722850.742661, 52
1697722850.758909, 54
1697722850.775755, 54
1697722850.792569, 53
1697722850.809386, 54
1697722850.826044, 54
1697722850.842866, 53
1697722850.860116, 53
1697722850.876864, 53
1697722850.893497, 53
1697722850.910353, 53
1697722850.927023, 53
1697722850.943609, 54
1697722850.960373, 53
1697722850.976989, 53
1697722850.994042, 54
1697722851.010719, 55
1697722851.027309, 53
1697722851.044469, 54
1697722851.061303, 54
1697722851.078388, 54
1697722851.095698, 55
1697722851.112388, 55
1697722851.129064, 54
1697722851.145985, 54
1697722851.162730, 54
1697722851.179513, 54
1697722851.196556, 54
1697722851.213440, 55
1697722851.230259, 55
1697722851.247307, 54
1697722851.263933, 56
1697722851.280967, 56
1697722851.298114, 54
1697722851.314898, 54
1697722851.331859, 56
1697722851.349232, 56
1697722851.366011, 56
1697722851.382760, 55
1697722851.399776, 54
1697722851.416812, 54
1697722851.433412, 54
1697722851.450334, 54
1697722851.467299, 55
1697722851.483736, 56
1697722851.500995, 56
1697722851.517771, 56
1697722851.534608, 57
1697722851.551247, 57
1697722851.568331, 56
1697722851.585876, 57
1697722851.602451, 56
1697722851.618808, 56
1697722851.635886, 57
1697722851.652564, 56
1697722851.669403, 57
1697722851.686168, 57
1697722851.703038, 57
1697722851.719786, 56
1697722851.737062, 57
1697722851.753911, 58
1697722851.771007, 59
1697722851.788695, 56
1697722851.805748, 57
1697722851.822586, 58
1697722851.840939, 57
1697722851.857705, 58
1697722851.874269, 58
1697722851.891212, 57
1697722851.908219, 57
1697722851.925195, 57
1697722851.942692, 56
1697722851.959416, 57
1697722851.976101, 56
1697722851.993629, 56
1697722852.010449, 57
1697722852.027595, 58
1697722852.044184, 58
1697722852.061025, 57
1697722852.078159, 58
1697722852.095287, 58
1697722852.111911, 58
1697722852.128509, 59
1697722852.145278, 59
1697722852.162453, 57
1697722852.179835, 57
1697722852.196542, 58
1697722852.213479, 57
1697722852.230928, 58
1697722852.247761, 58
1697722852.265070, 57
1697722852.282288, 58
1697722852.299476, 59
1697722852.317190, 59
1697722852.335513, 59
1697722852.352350, 59
1697722852.368839, 60
1697722852.385842, 59
1697722852.403799, 60
1697722852.420955, 60
1697722852.438093, 58
1697722852.455004, 58
1697722852.472173, 58
1697722852.489064, 58
1697722852.505771, 59
1697722852.522674, 59
1697722852.539747, 58
1697722852.556693, 60
1697722852.574275, 60
1697722852.591808, 60
1697722852.608576, 59
1697722852.625602, 59
1697722852.642844, 60
1697722852.660021, 59
1697722852.676999, 61
1697722852.693865, 60
1697722852.711006, 59
1697722852.728903, 60
1697722852.746063, 60
1697722852.763484, 59
1697722852.780619, 60
1697722852.797697, 60
1697722852.815268, 60
1697722852.832414, 61
1697722852.849297, 61
1697722852.866395, 61
1697722852.883298, 61
1697722852.900240, 61
1697722852.917386, 60
1697722852.934962, 61
1697722852.951992, 61
1697722852.969376, 60
1697722852.986303, 60
1697722853.003012, 61
1697722853.020108, 61
1697722853.037234, 61
1697722853.053881, 61
1697722853.071313, 60
1697722853.088508, 61
1697722853.105420, 62
1697722853.122491, 62
1697722853.139462, 61
1697722853.156426, 61
1697722853.173345, 61
1697722853.190542, 62
1697722853.207828, 62
1697722853.224721, 62
1697722853.241863, 61
1697722853.258666, 60
1697722853.275350, 61
1697722853.292826, 61
1697722853.309942, 62
1697722853.326944, 62
1697722853.343570, 62
1697722853.360059, 62
1697722853.376718, 62
1697722853.393967, 63
1697722853.411170, 62
1697722853.427999, 63
1697722853.444761, 63
1697722853.462117, 63
1697722853.479205, 63
1697722853.496029, 62
1697722853.512770, 61
1697722853.529537, 61
1697722853.546109, 62
1697722853.562979, 62
1697722853.579684, 61
1697722853.596146, 62
1697722853.613081, 62
1697722853.629926, 64
1697722853.646628, 63
1697722853.664119, 63
1697722853.680826, 63
1697722853.697900, 64
1697722853.714654, 64
1697722853.731403, 64
1697722853.748618, 64
1697722853.765310, 64
1697722853.782323, 62
1697722853.799992, 62
1697722853.816833, 63
1697722853.833687, 63
1697722853.850731, 62
1697722853.867681, 62
1697722853.884754, 63
1697722853.902493, 64
1697722853.919068, 64
1697722853.935903, 64
1697722853.952839, 65
1697722853.969762, 63
1697722853.986565, 64
1697722854.003286, 64
1697722854.020235, 64
1697722854.037039, 65
1697722854.054285, 64
1697722854.071244, 63
1697722854.088297, 64
1697722854.105682, 64
1697722854.122663, 64
1697722854.139320, 64
1697722854.156217, 64
1697722854.172751, 65
1697722854.189363, 64
1697722854.206514, 65
1697722854.223437, 65
1697722854.240434, 65
1697722854.257723, 65
1697722854.274967, 65
1697722854.292058, 65
1697722854.308976, 65
1697722854.325684, 64
1697722854.342782, 64
1697722854.359631, 65
1697722854.376313, 65
1697722854.393238, 65
1697722854.410031, 65
1697722854.426844, 64
1697722854.444062, 64
1697722854.461099, 66
1697722854.477748, 66
1697722854.494941, 66
1697722854.511918, 67
1697722854.528630, 66
1697722854.545416, 66
1697722854.562134, 66
1697722854.578588, 66
1697722854.595240, 66
1697722854.611945, 64
1697722854.628979, 66
1697722854.646020, 66
1697722854.663031, 66
1697722854.680254, 65
1697722854.697289, 65
1697722854.714272, 65
1697722854.731310, 66
1697722854.747835, 67
1697722854.764472, 66
1697722854.781131, 66
1697722854.797743, 67
1697722854.814476, 67
1697722854.831529, 68
1697722854.848482, 67
1697722854.864924, 67
1697722854.881685, 65
1697722854.898438, 66
1697722854.915024, 66
1697722854.932106, 66
1697722854.948807, 66
1697722854.966091, 67
1697722854.983239, 67
1697722854.999934, 67
1697722855.016472, 68
1697722855.033393, 68
1697722855.051670, 68
1697722855.069074, 68
1697722855.085854, 68
1697722855.102176, 67
1697722855.119320, 67
1697722855.136018, 68
1697722855.152488, 68
1697722855.169595, 67
1697722855.186070, 66
1697722855.202718, 66
1697722855.219635, 67
1697722855.236641, 67
1697722855.253174, 67
1697722855.270278, 68
1697722855.287258, 67
1697722855.303603, 68
1697722855.320828, 68
1697722855.337797, 69
1697722855.355018, 69
1697722855.371740, 69
1697722855.388605, 69
1697722855.405792, 69
1697722855.422034, 69
1697722855.438739, 68
1697722855.456176, 67
1697722855.473077, 67
1697722855.489730, 68
1697722855.506132, 68
1697722855.522964, 67
1697722855.539778, 68
1697722855.556329, 68
1697722855.573251, 68
1697722855.590013, 69
1697722855.607275, 69
1697722855.623999, 69
1697722855.640571, 68
1697722855.658205, 69
1697722855.675260, 70
1697722855.692177, 70
1697722855.709675, 69
1697722855.726604, 70
1697722855.743574, 69
1697722855.760734, 68
1697722855.777670, 69
1697722855.794708, 69
1697722855.811365, 68
1697722855.828005, 68
1697722855.844970, 68
1697722855.861640, 69
1697722855.878674, 69
1697722855.895593, 69
1697722855.912126, 69
1697722855.928739, 70
1697722855.945749, 69
1697722855.962700, 69
1697722855.979281, 69
1697722855.996183, 69
1697722856.012757, 69
1697722856.029377, 69
1697722856.046341, 69
1697722856.063134, 69
1697722856.079782, 69
1697722856.096863, 70
1697722856.113484, 70
1697722856.130180, 70
1697722856.147117, 70
1697722856.164045, 70
1697722856.180997, 70
1697722856.197882, 69
1697722856.214399, 70
1697722856.232113, 70
1697722856.248856, 70
1697722856.265530, 69
1697722856.282642, 69
1697722856.299177, 69
1697722856.315959, 69
1697722856.332540, 69
1697722856.349491, 70
1697722856.366050, 69
1697722856.382712, 68
1697722856.399637, 69
1697722856.416438, 69
1697722856.433599, 69
1697722856.450479, 70
1697722856.467085, 69
1697722856.484330, 69
1697722856.501041, 69
1697722856.518298, 68
1697722856.534950, 69
1697722856.551636, 69
1697722856.568720, 69
1697722856.585410, 67
1697722856.601961, 62
1697722856.619217, 56
1697722856.636348, 49
1697722856.653089, 42
1697722856.670072, 34
1697722856.686694, 30
1697722856.703391, 32
1697722856.720151, 32
1697722856.736949, 32
1697722856.753558, 32
1697722856.770482, 33
1697722856.787390, 33
1697722856.803842, 32
1697722856.820662, 33
1697722856.837476, 32
1697722856.854907, 32
1697722856.871865, 33
1697722856.888993, 34
1697722856.906289, 33
1697722856.923034, 32
1697722856.939760, 34
1697722856.957126, 33
1697722856.973942, 34
1697722856.990641, 34
1697722857.007430, 34
1697722857.024242, 34
1697722857.040757, 34
1697722857.058003, 34
1697722857.074920, 34
1697722857.091424, 35
1697722857.108457, 34
1697722857.125198, 34
1697722857.142051, 35
1697722857.159393, 35
1697722857.176090, 35
1697722857.192580, 35
1697722857.209469, 35
1697722857.226190, 34
1697722857.243150, 35
1697722857.260101, 34
1697722857.276800, 36
1697722857.294235, 35
1697722857.310794, 36
1697722857.327464, 36
1697722857.344692, 35
1697722857.361457, 35
1697722857.378647, 36
1697722857.395674, 36
1697722857.412590, 36
1697722857.429027, 36
1697722857.446093, 36
1697722857.462476, 36
1697722857.478997, 37
1697722857.495661, 37
1697722857.512524, 36
1697722857.530075, 37
1697722857.547006, 36
1697722857.563840, 37
1697722857.581294, 37
1697722857.598052, 37
1697722857.614763, 36
1697722857.631826, 37
1697722857.648768, 36
1697722857.665459, 36
1697722857.682416, 38
1697722857.698964, 38
1697722857.715640, 37
1697722857.732935, 37
1697722857.749612, 38
1697722857.766378, 38
1697722857.783518, 37
1697722857.799917, 37
1697722857.816478, 37
1697722857.833677, 37
1697722857.850492, 38
1697722857.868043, 38
1697722857.884757, 38
1697722857.901456, 38
1697722857.918393, 38
1697722857.935308, 38
1697722857.952003, 39
1697722857.968976, 39
1697722857.985436, 38
1697722858.001874, 38
1697722858.018588, 39
1697722858.035504, 39
1697722858.052177, 39
1697722858.069114, 39
1697722858.085879, 39
1697722858.102911, 39
1697722858.120178, 40
1697722858.137121, 40
1697722858.153944, 40
1697722858.171253, 40
1697722858.188034, 40
1697722858.204778, 40
1697722858.221416, 39
1697722858.238159, 39
1697722858.255370, 39
1697722858.272164, 39
1697722858.288691, 40
1697722858.305690, 40
1697722858.322336, 41
1697722858.339123, 41
1697722858.356238, 41
1697722858.372829, 40
1697722858.389576, 40
1697722858.406802, 40
1697722858.423643, 40
1697722858.440213, 41
1697722858.456743, 40
1697722858.473234, 41
1697722858.490616, 42
1697722858.507513, 41
1697722858.524114, 42
1697722858.540731, 42
1697722858.557524, 42
1697722858.574184, 42
1697722858.591190, 41
1697722858.607920, 41
1697722858.624698, 42
1697722858.641830, 41
1697722858.658925, 42
1697722858.675450, 42
1697722858.692436, 42
1697722858.709063, 43
1697722858.726086, 42
1697722858.743930, 42
1697722858.760993, 43
1697722858.777831, 43
1697722858.794812, 43
1697722858.811349, 42
1697722858.828749, 43
1697722858.845900, 43
1697722858.862766, 43
1697722858.879362, 43
1697722858.896608, 43
1697722858.913447, 43
1697722858.930447, 43
1697722858.947381, 43
1697722858.964041, 43
1697722858.980903, 44
1697722858.997954, 43
1697722859.014890, 44
1697722859.031896, 43
1697722859.048760, 43
1697722859.065427, 43
1697722859.082658, 43
1697722859.099196, 44
1697722859.115932, 44
1697722859.133200, 43
1697722859.150164, 44
1697722859.166894, 43
1697722859.183903, 44
1697722859.200651, 44
1697722859.217158, 44
1697722859.234237, 44
1697722859.251112, 45
1697722859.268106, 45
1697722859.285168, 45
1697722859.302255, 44
1697722859.319521, 45
1697722859.336610, 45
1697722859.353408, 44
1697722859.370644, 44
1697722859.387723, 44
1697722859.404389, 44
1697722859.421747, 45
1697722859.438525, 45
1697722859.455578, 45
1697722859.472910, 45
1697722859.489721, 45
1697722859.506558, 46
1697722859.523869, 46
1697722859.541063, 46
1697722859.558077, 45
1697722859.575154, 45
1697722859.591813, 46
1697722859.608577, 46
1697722859.625514, 47
1697722859.642531, 46
1697722859.659046, 46
1697722859.675820, 47
1697722859.692481, 46
1697722859.709030, 46
1697722859.726135, 46
1697722859.743083, 46
1697722859.760303, 47
1697722859.777438, 47
1697722859.794196, 46
1697722859.811498, 46
1697722859.828359, 47
1697722859.845415, 46
1697722859.862657, 47
1697722859.879477, 47
1697722859.896253, 47
1697722859.913524, 46
1697722859.930345, 46
1697722859.947220, 47
1697722859.964222, 47
1697722859.980967, 47
1697722859.997664, 48
1697722860.014803, 48
1697722860.031604, 48
1697722860.048577, 47
1697722860.065805, 47
1697722860.082687, 48
1697722860.099456, 48
1697722860.116529, 49
1697722860.133098, 48
1697722860.149729, 48
1697722860.166673, 49
1697722860.183491, 47
1697722860.200298, 47
1697722860.217292, 48
1697722860.234129, 48
1697722860.251146, 49
1697722860.267927, 49
1697722860.284603, 49
1697722860.301655, 49
1697722860.318464, 49
1697722860.335194, 48
1697722860.352433, 49
1697722860.369419, 49
1697722860.386110, 50
1697722860.402958, 49
1697722860.419424, 49
1697722860.436230, 50
1697722860.453351, 49
1697722860.470365, 49
1697722860.486974, 50
1697722860.503489, 49
1697722860.520078, 49
1697722860.536817, 49
1697722860.553686, 49
1697722860.570499, 50
1697722860.587903, 50
1697722860.604746, 50
1697722860.621568, 49
1697722860.638633, 50
1697722860.655308, 51
1697722860.672253, 50
1697722860.689256, 50
1697722860.706214, 51
1697722860.722885, 51
1697722860.740264, 50
1697722860.757098, 51
1697722860.773914, 50
1697722860.791171, 51
1697722860.807971, 51
1697722860.824485, 51
1697722860.841446, 51
1697722860.858053, 51
1697722860.874740, 51
1697722860.891687, 50
1697722860.908507, 50
1697722860.925676, 51
1697722860.942713, 51
1697722860.959354, 51
1697722860.976777, 52
1697722860.993646, 51
1697722861.010494, 50
1697722861.027472, 51
1697722861.044302, 51
1697722861.061060, 52
1697722861.078156, 52
1697722861.094666, 51
1697722861.111152, 52
1697722861.128130, 52
1697722861.145548, 52
1697722861.162606, 51
1697722861.179653, 52
1697722861.196337, 52
1697722861.212914, 53
1697722861.230227, 52
1697722861.247092, 53
1697722861.264376, 52
1697722861.280942, 51
1697722861.297898, 53
1697722861.315103, 52
1697722861.331934, 53
1697722861.348918, 53
1697722861.365745, 53
1697722861.382553, 52
1697722861.399121, 53
1697722861.415977, 53
1697722861.432477, 52
1697722861.449250, 53
1697722861.466707, 54
1697722861.483375, 53
1697722861.500298, 53
1697722861.517310, 54
1697722861.533977, 53
1697722861.550634, 52
1697722861.567957, 53
1697722861.584696, 53
1697722861.601600, 53
1697722861.618801, 54
1697722861.635657, 54
1697722861.653051, 53
1697722861.669833, 54
1697722861.686815, 54
1697722861.703891, 54
1697722861.720755, 54
1697722861.737400, 54
1697722861.754077, 55
1697722861.770829, 54
1697722861.787731, 55
1697722861.804956, 54
1697722861.821846, 54
1697722861.838398, 55
1697722861.855473, 55
1697722861.872169, 54
1697722861.888633, 54
1697722861.905514, 55
1697722861.922185, 55
1697722861.939191, 55
1697722861.956822, 54
1697722861.973528, 54
1697722861.990435, 55
1697722862.007393, 55
1697722862.024155, 54
1697722862.041215, 55
1697722862.057888, 56
1697722862.074618, 56
1697722862.091591, 55
1697722862.108543, 55
1697722862.125090, 55
1697722862.141910, 55
1697722862.158626, 55
1697722862.175811, 56
1697722862.193031, 55
1697722862.209804, 56
1697722862.226287, 56
1697722862.242941, 55
1697722862.259642, 55
1697722862.276303, 56
1697722862.294055, 56
1697722862.310974, 56
1697722862.327537, 56
1697722862.344546, 57
1697722862.361254, 56
1697722862.378974, 57
1697722862.395572, 57
1697722862.412415, 57
1697722862.429506, 56
1697722862.446443, 57
1697722862.463224, 56
1697722862.480504, 57
1697722862.497302, 57
1697722862.514252, 57
1697722862.531460, 57
1697722862.548300, 57
1697722862.564888, 57
1697722862.581452, 55
1697722862.598313, 57
1697722862.614976, 57
1697722862.632000, 57
1697722862.648566, 57
1697722862.665233, 57
1697722862.682030, 57
1697722862.698837, 57
1697722862.715505, 58
1697722862.732606, 58
1697722862.749453, 57
1697722862.766051, 58
1697722862.783319, 58
1697722862.799994, 58
1697722862.817278, 58
1697722862.834106, 58
1697722862.850851, 57
1697722862.867526, 58
1697722862.884245, 58
1697722862.900812, 57
1697722862.918420, 58
1697722862.935869, 59
1697722862.952424, 58
1697722862.969313, 58
1697722862.986049, 59
1697722863.002886, 59
1697722863.019598, 58
1697722863.036480, 59
1697722863.053337, 59
1697722863.070234, 58
1697722863.087146, 58
1697722863.103709, 59
1697722863.120974, 58
1697722863.137602, 59
1697722863.154444, 58
1697722863.172749, 58
1697722863.189427, 59
1697722863.206511, 59
1697722863.223439, 58
1697722863.240208, 58
1697722863.257486, 59
1697722863.274250, 60
1697722863.290925, 59
1697722863.308273, 60
1697722863.325340, 60
1697722863.341976, 59
1697722863.359213, 59
1697722863.375934, 60
1697722863.392411, 59
1697722863.409474, 60
1697722863.426118, 59
1697722863.443020, 60
1697722863.460554, 60
1697722863.477174, 60
1697722863.493708, 59
1697722863.510448, 60
1697722863.527232, 59
1697722863.544365, 59
1697722863.561359, 60
1697722863.577808, 61
1697722863.594502, 60
1697722863.611228, 60
1697722863.627924, 61
1697722863.644842, 61
1697722863.661796, 61
1697722863.678476, 61
1697722863.695657, 61
1697722863.712269, 60
1697722863.728660, 61
1697722863.745798, 60
1697722863.762463, 61
1697722863.779165, 60
1697722863.796343, 61
1697722863.812790, 61
1697722863.830018, 61
1697722863.846900, 61
1697722863.863711, 61
1697722863.880911, 61
1697722863.897813, 62
1697722863.914418, 62
1697722863.931487, 62
1697722863.948257, 62
1697722863.965126, 62
1697722863.982280, 62
1697722863.998848, 60
1697722864.015392, 61
1697722864.032660, 61
1697722864.049360, 61
1697722864.066211, 62
1697722864.083370, 62
1697722864.100367, 61
1697722864.117400, 62
1697722864.134624, 61
1697722864.151284, 62
1697722864.168694, 62
1697722864.185722, 62
1697722864.202728, 62
1697722864.219831, 63
1697722864.236701, 63
1697722864.253466, 63
1697722864.270667, 62
1697722864.287733, 63
1697722864.304491, 63
1697722864.321736, 62
1697722864.338521, 63
1697722864.355176, 63
1697722864.372053, 63
1697722864.388914, 63
1697722864.406236, 62
1697722864.423798, 62
1697722864.440462, 63
1697722864.457144, 63
1697722864.474098, 63
1697722864.490812, 63
1697722864.507902, 63
1697722864.524435, 63
1697722864.541272, 63
1697722864.558606, 63
1697722864.575298, 63
1697722864.591859, 63
1697722864.608651, 64
1697722864.625434, 63
1697722864.641968, 64
1697722864.659064, 64
1697722864.676071, 64
1697722864.692811, 63
1697722864.709766, 63
1697722864.726568, 63
1697722864.743326, 64
1697722864.760065, 64
1697722864.776801, 64
1697722864.793584, 64
1697722864.810405, 63
1697722864.826923, 64
1697722864.844095, 64
1697722864.860857, 65
1697722864.877587, 64
1697722864.894808, 64
1697722864.911769, 64
1697722864.928331, 65
1697722864.945436, 65
1697722864.962086, 65
1697722864.978949, 64
1697722864.995507, 65
1697722865.011994, 65
1697722865.028541, 66
1697722865.045448, 65
1697722865.062385, 65
1697722865.079057, 64
1697722865.096028, 64
1697722865.112815, 65
1697722865.129391, 64
1697722865.146283, 65
1697722865.162831, 65
1697722865.179043, 65
1697722865.195753, 65
1697722865.212477, 66
1697722865.229725, 66
1697722865.246616, 66
1697722865.263608, 65
1697722865.281101, 66
1697722865.297866, 65
1697722865.314604, 66
1697722865.331789, 66
1697722865.348603, 66
1697722865.365242, 66
1697722865.382362, 66
1697722865.398798, 66
1697722865.415693, 66
1697722865.432235, 66
1697722865.449245, 66
1697722865.466013, 66
1697722865.483121, 66
1697722865.500150, 66
1697722865.517139, 67
1697722865.534077, 66
1697722865.550945, 67
1697722865.567425, 66
1697722865.584239, 67
1697722865.601328, 66
1697722865.617992, 66
1697722865.634885, 67
1697722865.651536, 67
1697722865.668831, 67
1697722865.685743, 67
1697722865.702470, 66
1697722865.719504, 66
1697722865.736510, 67
1697722865.753050, 67
1697722865.769899, 67
1697722865.786697, 67
1697722865.803491, 67
1697722865.820495, 67
1697722865.837251, 67
1697722865.853650, 67
1697722865.870707, 67
1697722865.887049, 68
1697722865.904302, 67
1697722865.921195, 67
1697722865.937932, 68
1697722865.955076, 67
1697722865.971744, 68
1697722865.989102, 69
1697722866.006554, 68
1697722866.023144, 68
1697722866.039652, 68
1697722866.056638, 68
1697722866.073462, 69
1697722866.090156, 69
1697722866.106997, 69
1697722866.124164, 68
1697722866.141037, 67
1697722866.158343, 67
1697722866.175058, 69
1697722866.191582, 69
1697722866.208360, 69
1697722866.225446, 70
1697722866.242326, 70
1697722866.259544, 70
1697722866.276448, 69
1697722866.292671, 69
1697722866.309773, 69
1697722866.326778, 70
1697722866.343967, 69
1697722866.360897, 69
1697722866.377787, 69
1697722866.394678, 68
1697722866.411981, 69
1697722866.429197, 69
1697722866.446169, 70
1697722866.463254, 69
1697722866.480062, 69
1697722866.496994, 69
1697722866.513968, 69
1697722866.530899, 69
1697722866.547670, 69
1697722866.564215, 69
1697722866.581082, 69
1697722866.598316, 70
1697722866.615252, 68
1697722866.631816, 69
1697722866.648610, 70
1697722866.665352, 69
1697722866.682680, 70
1697722866.699655, 70
1697722866.716437, 69
1697722866.733802, 69
1697722866.750823, 69
1697722866.767543, 69
1697722866.784640, 70
1697722866.801636, 70
1697722866.818858, 69
1697722866.836127, 69
1697722866.852820, 69
1697722866.869639, 70
1697722866.886609, 69
1697722866.903578, 69
1697722866.920310, 69
1697722866.937240, 69
1697722866.953965, 69
1697722866.970410, 70
1697722866.987325, 70
1697722867.004148, 69
1697722867.020862, 70
1697722867.037940, 68
1697722867.054720, 69
1697722867.071372, 69
1697722867.088285, 70
1697722867.105066, 68
1697722867.122163, 68
1697722867.139096, 68
1697722867.155897, 68
1697722867.173021, 65
1697722867.189695, 57
1697722867.206456, 50
1697722867.223343, 43
1697722867.240250, 36
1697722867.256955, 31
1697722867.273983, 32
1697722867.290908, 32
1697722867.307613, 32
1697722867.324825, 32
1697722867.341513, 33
1697722867.358052, 33
1697722867.374971, 33
1697722867.391779, 33
1697722867.408507, 33
1697722867.425653, 32
1697722867.442327, 32
1697722867.459446, 33
1697722867.476040, 33
1697722867.492757, 33
1697722867.509935, 34
1697722867.526735, 34
1697722867.543443, 33
1697722867.560469, 34
1697722867.577301, 34
1697722867.593760, 33
1697722867.610545, 33
1697722867.627308, 34
1697722867.643949, 34
1697722867.661254, 35
1697722867.678221, 35
1697722867.694811, 35
1697722867.711849, 34
1697722867.728664, 35
1697722867.745500, 34
1697722867.762689, 35
1697722867.779431, 35
1697722867.796437, 35
1697722867.813594, 34
1697722867.830592, 34
1697722867.847864, 35
1697722867.864884, 35
1697722867.881691, 36
1697722867.899000, 36
1697722867.915797, 35
1697722867.932619, 36
1697722867.949995, 36
1697722867.966905, 35
1697722867.983838, 36
1697722868.000833, 36
1697722868.017834, 35
1697722868.034567, 36
1697722868.051895, 37
1697722868.069101, 37
1697722868.086139, 35
1697722868.103489, 36
1697722868.120196, 36
1697722868.137141, 36
1697722868.154438, 37
1697722868.171211, 37
1697722868.187840, 36
1697722868.205080, 37
1697722868.221753, 37
1697722868.238314, 36
1697722868.255285, 38
1697722868.272275, 38
1697722868.289428, 38
1697722868.306294, 37
1697722868.323003, 38
1697722868.339640, 38
1697722868.356381, 38
1697722868.372923, 38
1697722868.389528, 38
1697722868.406132, 38
1697722868.422795, 38
1697722868.439521, 38
1697722868.456178, 38
1697722868.472783, 38
1697722868.489764, 38
1697722868.506664, 39
1697722868.523232, 39
1697722868.539952, 39
1697722868.556841, 38
1697722868.573683, 39
1697722868.590707, 39
1697722868.607272, 39
1697722868.624588, 38
1697722868.641516, 38
1697722868.658088, 39
1697722868.674563, 39
1697722868.691021, 39
1697722868.707686, 40
1697722868.724519, 40
1697722868.741160, 40
1697722868.758016, 39
1697722868.774445, 39
1697722868.791247, 39
1697722868.807813, 40
1697722868.824658, 40
1697722868.841636, 39
1697722868.858174, 40
1697722868.874802, 40
1697722868.891678, 40
1697722868.908700, 40
1697722868.925798, 41
1697722868.942678, 41
1697722868.959397, 41
1697722868.975912, 40
1697722868.992731, 41
1697722869.009966, 42
1697722869.027046, 41
1697722869.043768, 41
1697722869.060567, 40
1697722869.077301, 40
1697722869.094024, 40
1697722869.111178, 41
1697722869.128055, 42
1697722869.144668, 42
1697722869.161458, 41
1697722869.177994, 42
1697722869.194735, 42
1697722869.211378, 42
1697722869.228215, 43
1697722869.245046, 42
1697722869.261564, 42
1697722869.278502, 42
1697722869.295264, 41
1697722869.312273, 41
1697722869.329180, 41
1697722869.345981, 43
1697722869.363464, 43
1697722869.380068, 42
1697722869.396783, 43
1697722869.413607, 43
1697722869.430124, 43
1697722869.446504, 42
1697722869.463442, 43
1697722869.480070, 43
1697722869.496743, 43
1697722869.513623, 42
1697722869.530285, 42
1697722869.547059, 42
1697722869.563687, 43
1697722869.580466, 44
1697722869.597163, 44
1697722869.613913, 45
1697722869.630387, 45
1697722869.647060, 45
1697722869.663963, 45
1697722869.680852, 45
1697722869.698056, 44
1697722869.714752, 44
1697722869.731360, 43
1697722869.748423, 43
1697722869.765226, 45
1697722869.782852, 44
1697722869.799392, 44
1697722869.816198, 44
1697722869.833256, 44
1697722869.849866, 45
1697722869.866714, 44
1697722869.884367, 44
1697722869.901414, 45
1697722869.918387, 45
1697722869.935596, 45
1697722869.952571, 45
1697722869.969337, 44
1697722869.986015, 45
1697722870.002829, 45
1697722870.019758, 45
1697722870.036699, 45
1697722870.053830, 44
1697722870.070634, 45
1697722870.087820, 45
1697722870.104612, 46
1697722870.120982, 46
1697722870.138106, 46
1697722870.154721, 45
1697722870.171102, 46
1697722870.188490, 46
1697722870.205627, 46
1697722870.222657, 46
1697722870.239575, 46
1697722870.256251, 47
1697722870.273594, 46
1697722870.290474, 46
1697722870.307285, 46
1697722870.324365, 47
1697722870.341230, 47
1697722870.358275, 47
1697722870.375385, 46
1697722870.392389, 47
1697722870.409014, 46
1697722870.426701, 46
1697722870.443395, 47
1697722870.460572, 47
1697722870.477915, 47
1697722870.494835, 47
1697722870.512198, 47
1697722870.529602, 47
1697722870.546616, 46
1697722870.563213, 47
1697722870.580426, 47
1697722870.597103, 48
1697722870.613951, 48
1697722870.631146, 48
1697722870.648121, 46
1697722870.665032, 47
1697722870.682278, 47
1697722870.699136, 48
1697722870.715889, 48
1697722870.733047, 48
1697722870.749988, 49
1697722870.766680, 47
1697722870.783710, 48
1697722870.800436, 48
1697722870.817046, 49
1697722870.834232, 49
1697722870.851239, 49
1697722870.868324, 49
1697722870.885413, 48
1697722870.902685, 49
1697722870.920106, 48
1697722870.936864, 49
1697722870.953850, 50
1697722870.971046, 49
1697722870.987968, 49
1697722871.005032, 50
1697722871.022186, 50
1697722871.039003, 49
1697722871.056450, 49
1697722871.073885, 50
1697722871.091243, 50
1697722871.108098, 50
1697722871.125046, 49
1697722871.142457, 50
1697722871.159464, 50
1697722871.176293, 50
1697722871.193127, 49
1697722871.209997, 49
1697722871.227208, 50
1697722871.244193, 50
1697722871.260922, 50
1697722871.278086, 51
1697722871.295002, 50
1697722871.311925, 50
1697722871.329507, 51
1697722871.346291, 50
1697722871.362883, 51
1697722871.379601, 51
1697722871.396493, 51
1697722871.413196, 51
1697722871.429789, 51
1697722871.446585, 51
1697722871.463613, 50
1697722871.480386, 51
1697722871.497511, 52
1697722871.514886, 52
1697722871.531740, 51
1697722871.548655, 52
1697722871.566014, 51
1697722871.582873, 51
1697722871.599776, 52
1697722871.617041, 52
1697722871.633819, 52
1697722871.650450, 52
1697722871.667052, 52
1697722871.683543, 51
1697722871.700115, 52
1697722871.717406, 52
1697722871.734314, 51
1697722871.751037, 52
1697722871.768520, 53
1697722871.785248, 52
1697722871.802600, 52
1697722871.819180, 53
1697722871.835908, 52
1697722871.852526, 51
1697722871.869371, 51
1697722871.886246, 52
1697722871.903373, 53
1697722871.920163, 53
1697722871.937233, 53
1697722871.954159, 52
1697722871.970812, 52
1697722871.987642, 52
1697722872.004717, 52
1697722872.021805, 53
1697722872.038680, 54
1697722872.055785, 53
1697722872.072876, 52
1697722872.089564, 53
1697722872.106657, 53
1697722872.123332, 53
1697722872.139936, 54
1697722872.157193, 54
1697722872.173996, 53
1697722872.190426, 54
1697722872.207369, 54
1697722872.223953, 53
1697722872.241167, 53
1697722872.257959, 53
1697722872.275046, 54
1697722872.292686, 54
1697722872.309398, 54
1697722872.326244, 54
1697722872.343398, 54
1697722872.360329, 55
1697722872.377232, 54
1697722872.394675, 53
1697722872.411579, 55
1697722872.428380, 54
1697722872.445764, 54
1697722872.462527, 54
1697722872.479439, 55
1697722872.496811, 54
1697722872.513523, 54
1697722872.530349, 54
1697722872.547363, 54
1697722872.564213, 55
1697722872.580708, 55
1697722872.597778, 55
1697722872.614924, 55
1697722872.631723, 56
1697722872.648986, 56
1697722872.665884, 55
1697722872.682724, 56
1697722872.699983, 56
1697722872.716802, 56
1697722872.733483, 55
1697722872.750173, 56
1697722872.766980, 55
1697722872.784223, 55
1697722872.800830, 55
1697722872.817632, 56
1697722872.835149, 55
1697722872.852528, 56
1697722872.869262, 55
1697722872.886418, 56
1697722872.903293, 57
1697722872.920135, 57
1697722872.937397, 55
1697722872.954507, 57
1697722872.971791, 57
1697722872.988766, 57
1697722873.005938, 57
1697722873.023028, 57
1697722873.040202, 56
1697722873.056974, 57
1697722873.073990, 57
1697722873.090834, 57
1697722873.107724, 57
1697722873.124346, 57
1697722873.141245, 56
1697722873.158098, 56
1697722873.174826, 56
1697722873.191842, 56
1697722873.208844, 57
1697722873.225853, 58
1697722873.242465, 58
1697722873.259049, 58
1697722873.276005, 58
1697722873.292941, 58
1697722873.309993, 57
1697722873.327029, 57
1697722873.344120, 58
1697722873.361065, 57
1697722873.378428, 57
1697722873.395275, 57
1697722873.412312, 57
1697722873.429139, 58
1697722873.445736, 58
1697722873.462325, 57
1697722873.479103, 57
1697722873.495781, 58
1697722873.512600, 59
1697722873.529974, 58
1697722873.546714, 58
1697722873.563485, 58
1697722873.580715, 58
1697722873.597589, 58
1697722873.614294, 59
1697722873.631461, 58
1697722873.648213, 58
1697722873.664680, 59
1697722873.681653, 59
1697722873.698435, 58
1697722873.714985, 59
1697722873.731825, 59
1697722873.748372, 58
1697722873.765449, 59
1697722873.782265, 58
1697722873.798619, 58
1697722873.815279, 60
1697722873.832246, 60
1697722873.848985, 60
1697722873.866069, 59
1697722873.883164, 59
1697722873.900349, 60
1697722873.917711, 59
1697722873.934530, 60
1697722873.951643, 60
1697722873.968570, 59
1697722873.985594, 60
1697722874.002550, 60
1697722874.019524, 60
1697722874.036475, 60
1697722874.053536, 60
1697722874.070793, 59
1697722874.087740, 60
1697722874.104512, 60
1697722874.121547, 60
1697722874.138665, 59
1697722874.155723, 60
1697722874.173078, 60
1697722874.189801, 60
1697722874.206470, 61
1697722874.223750, 61
1697722874.240767, 60
1697722874.257910, 61
1697722874.274960, 61
1697722874.291986, 61
1697722874.309351, 60
1697722874.326544, 60
1697722874.343496, 60
1697722874.360456, 61
1697722874.377477, 61
1697722874.394508, 60
1697722874.411418, 60
1697722874.428485, 60
1697722874.445173, 60
1697722874.462179, 61
1697722874.479085, 62
1697722874.495647, 62
1697722874.512515, 62
1697722874.529304, 62
1697722874.545884, 62
1697722874.562856, 62
1697722874.579510, 62
1697722874.596246, 62
1697722874.612962, 61
1697722874.629820, 62
1697722874.647088, 62
1697722874.663963, 62
1697722874.680917, 61
1697722874.698040, 62
1697722874.714902, 62
1697722874.731945, 61
1697722874.749637, 62
1697722874.766825, 62
1697722874.783942, 62
1697722874.800948, 63
1697722874.818268, 63
1697722874.834960, 62
1697722874.852221, 62
1697722874.869159, 63
1697722874.886055, 62
1697722874.903182, 63
1697722874.920109, 63
1697722874.936847, 63
1697722874.953610, 63
1697722874.970456, 63
1697722874.987240, 63
1697722875.004318, 62
1697722875.021357, 63
1697722875.038587, 63
1697722875.055580, 62
1697722875.072668, 62
1697722875.089748, 62
1697722875.106674, 63
1697722875.123426, 64
1697722875.140597, 64
1697722875.157601, 64
1697722875.174182, 63
1697722875.191365, 64
1697722875.208128, 64
1697722875.224864, 63
1697722875.242247, 64
1697722875.259041, 64
1697722875.276135, 65
1697722875.292877, 64
1697722875.309990, 63
1697722875.327274, 63
1697722875.344265, 64
1697722875.360938, 64
1697722875.378093, 63
1697722875.395126, 63
1697722875.411977, 64
1697722875.429395, 64
1697722875.446607, 65
1697722875.463239, 65
1697722875.480315, 65
1697722875.497344, 64
1697722875.514220, 65
1697722875.531572, 65
1697722875.548424, 65
1697722875.565335, 65
1697722875.582322, 65
1697722875.599364, 64
1697722875.616350, 65
1697722875.633562, 65
1697722875.650678, 64
1697722875.667536, 64
1697722875.684462, 64
1697722875.701170, 65
1697722875.717708, 65
1697722875.735126, 65
1697722875.752120, 65
1697722875.768773, 66
1697722875.785860, 66
1697722875.802736, 66
1697722875.819460, 65
1697722875.836179, 65
1697722875.852888, 66
1697722875.870282, 66
1697722875.887144, 66
1697722875.903592, 66
1697722875.920468, 65
1697722875.937371, 66
1697722875.954223, 66
1697722875.970987, 66
1697722875.987648, 66
1697722876.004216, 66
1697722876.021652, 65
1697722876.038306, 66
1697722876.055309, 66
1697722876.072850, 66
1697722876.089515, 66
1697722876.106718, 66
1697722876.123356, 66
1697722876.140038, 66
1697722876.157089, 67
1697722876.173954, 67
1697722876.190603, 67
1697722876.207808, 65
1697722876.224612, 66
1697722876.241396, 66
1697722876.258687, 66
1697722876.275364, 67
1697722876.292009, 67
1697722876.308942, 68
1697722876.325689, 67
1697722876.342447, 67
1697722876.359542, 67
1697722876.376426, 67
1697722876.393116, 67
1697722876.410429, 67
1697722876.427150, 68
1697722876.443952, 68
1697722876.461289, 69
1697722876.478130, 68
1697722876.494668, 68
1697722876.511890, 68
1697722876.528633, 67
1697722876.545374, 68
1697722876.562747, 68
1697722876.579649, 67
1697722876.596494, 67
1697722876.613681, 67
1697722876.630625, 68
1697722876.647907, 68
1697722876.664706, 69
1697722876.681699, 69
1697722876.699439, 69
1697722876.716671, 69
1697722876.733625, 69
1697722876.750983, 69
1697722876.767723, 68
1697722876.784234, 68
1697722876.801229, 69
1697722876.817988, 69
1697722876.834877, 69
1697722876.851918, 69
1697722876.868830, 69
1697722876.885745, 68
1697722876.902915, 68
1697722876.919904, 69
1697722876.936676, 69
1697722876.953238, 70
1697722876.970104, 69
1697722876.986985, 70
1697722877.004393, 70
1697722877.020959, 69
1697722877.038270, 69
1697722877.055647, 69
1697722877.072566, 69
1697722877.089983, 68
1697722877.106797, 67
1697722877.123595, 69
1697722877.140930, 68
1697722877.157907, 68
1697722877.174592, 69
1697722877.191877, 69
1697722877.208721, 68
1697722877.225516, 68
1697722877.242136, 69
1697722877.259003, 70
1697722877.275873, 69
1697722877.293070, 69
1697722877.309870, 68
1697722877.326570, 68
1697722877.343100, 68
1697722877.360084, 65
1697722877.376737, 57
1697722877.393639, 51
1697722877.410379, 44
1697722877.427112, 36
1697722877.444528, 31
1697722877.461292, 32
1697722877.478924, 32
1697722877.496293, 33
1697722877.513044, 33
1697722877.530279, 33
1697722877.547135, 33
1697722877.563783, 33
1697722877.580798, 31
1697722877.597504, 32
1697722877.614251, 33
1697722877.631661, 32
1697722877.648443, 33
1697722877.665277, 32
1697722877.682520, 32
1697722877.699428, 33
1697722877.716054, 33
1697722877.732842, 33
1697722877.749495, 35
1697722877.766071, 35
1697722877.782947, 33
1697722877.799646, 33
1697722877.816610, 34
1697722877.833810, 33
1697722877.850694, 33
1697722877.867615, 34
1697722877.884873, 34
1697722877.901960, 35
1697722877.918844, 34
1697722877.936433, 36
1697722877.953006, 35
1697722877.969961, 36
1697722877.986978, 35
1697722878.003845, 34
1697722878.020340, 35
1697722878.037866, 35
1697722878.054752, 34
1697722878.071621, 35
1697722878.088397, 34
1697722878.105173, 34
1697722878.122025, 36
1697722878.139096, 37
1697722878.155713, 36
1697722878.172785, 35
1697722878.189455, 37
1697722878.206052, 36
1697722878.222272, 36
1697722878.238840, 36
1697722878.255651, 36
1697722878.272604, 35
1697722878.289315, 36
1697722878.305772, 36
1697722878.322758, 37
1697722878.339558, 38
1697722878.356316, 37
1697722878.373039, 37
1697722878.389813, 37
1697722878.406879, 37
1697722878.423817, 37
1697722878.440765, 36
1697722878.457978, 37
1697722878.474962, 37
1697722878.492013, 36
1697722878.508734, 37
1697722878.525580, 38
1697722878.542320, 38
1697722878.559578, 38
1697722878.576479, 38
1697722878.593435, 39
1697722878.610599, 39
1697722878.627707, 38
1697722878.644517, 38
1697722878.661389, 38
1697722878.678454, 37
1697722878.695327, 38
1697722878.712387, 37
1697722878.728927, 38
1697722878.745622, 40
1697722878.762445, 40
1697722878.779450, 40
1697722878.796304, 40
1697722878.812860, 39
1697722878.829841, 39
1697722878.846715, 38
1697722878.863559, 38
1697722878.880225, 39
1697722878.897162, 39
1697722878.914020, 39
1697722878.930815, 38
1697722878.948107, 40
1697722878.964881, 40
1697722878.981971, 40
1697722878.998759, 41
1697722879.015270, 40
1697722879.032020, 41
1697722879.049211, 41
1697722879.066017, 40
1697722879.082697, 39
1697722879.099652, 40
1697722879.116505, 39
1697722879.133626, 39
1697722879.150368, 40
1697722879.167246, 41
1697722879.184491, 42
1697722879.201173, 42
1697722879.217956, 42
1697722879.234984, 42
1697722879.251885, 41
1697722879.268966, 42
1697722879.286118, 41
1697722879.302787, 41
1697722879.319474, 41
1697722879.336292, 41
1697722879.352874, 41
1697722879.369688, 41
1697722879.386257, 41
1697722879.403016, 42
1697722879.419909, 42
1697722879.436957, 42
1697722879.453728, 42
1697722879.470251, 42
1697722879.486931, 43
1697722879.503774, 42
1697722879.520327, 41
1697722879.537217, 42
1697722879.553983, 42
1697722879.571503, 42
1697722879.588154, 41
1697722879.604934, 42
1697722879.622545, 43
1697722879.639221, 43
1697722879.655611, 44
1697722879.672351, 44
1697722879.689276, 44
1697722879.706110, 44
1697722879.723075, 44
1697722879.739944, 42
1697722879.756760, 43
1697722879.773939, 43
1697722879.790707, 42
1697722879.807420, 43
1697722879.824110, 43
1697722879.840619, 42
1697722879.857184, 43
1697722879.873844, 45
1697722879.890697, 45
1697722879.907984, 44
1697722879.924802, 44
1697722879.941715, 45
1697722879.958382, 44
1697722879.975129, 44
1697722879.992058, 44
1697722880.009239, 44
1697722880.025970, 44
1697722880.042971, 44
1697722880.059762, 44
1697722880.076589, 44
1697722880.093345, 46
1697722880.110634, 45
1697722880.127120, 45
1697722880.144196, 46
1697722880.161525, 46
1697722880.178310, 45
1697722880.195128, 44
1697722880.212008, 45
1697722880.228710, 45
1697722880.246262, 45
1697722880.263134, 45
1697722880.280009, 45
1697722880.297443, 45
1697722880.314090, 44
1697722880.331454, 46
1697722880.348500, 47
1697722880.365025, 47
1697722880.381622, 47
1697722880.399081, 46
1697722880.415928, 46
1697722880.432692, 46
1697722880.450091, 46
1697722880.467106, 46
1697722880.483761, 46
1697722880.501198, 46
1697722880.517977, 46
1697722880.534807, 46
1697722880.551886, 48
1697722880.568941, 47
1697722880.585504, 48
1697722880.602746, 48
1697722880.619479, 47
1697722880.636627, 47
1697722880.653138, 47
1697722880.669990, 46
1697722880.686763, 47
1697722880.703490, 47
1697722880.720438, 47
1697722880.737709, 47
1697722880.754469, 47
1697722880.771434, 47
1697722880.788741, 48
1697722880.805912, 48
1697722880.822687, 49
1697722880.839754, 48
1697722880.856707, 48
1697722880.873646, 49
1697722880.891177, 49
1697722880.908160, 48
1697722880.924855, 48
1697722880.942052, 47
1697722880.959198, 48
1697722880.976177, 48
1697722880.993117, 49
1697722881.009919, 47
1697722881.027295, 49
1697722881.043939, 50
1697722881.061191, 49
1697722881.078568, 49
1697722881.095923, 50
1697722881.112993, 49
1697722881.130051, 50
1697722881.146988, 49
1697722881.163685, 49
1697722881.180715, 49
1697722881.197381, 49
1697722881.213817, 49
1697722881.230392, 49
1697722881.247323, 49
1697722881.263821, 50
1697722881.280535, 50
1697722881.297317, 50
1697722881.313748, 51
1697722881.330723, 50
1697722881.347633, 49
1697722881.364495, 51
1697722881.381715, 51
1697722881.398498, 50
1697722881.415680, 49
1697722881.433055, 49
1697722881.449894, 50
1697722881.466869, 50
1697722881.483869, 49
1697722881.500928, 50
1697722881.517795, 51
1697722881.534784, 51
1697722881.551868, 51
1697722881.569148, 51
1697722881.585727, 52
1697722881.602428, 52
1697722881.619434, 51
1697722881.636328, 51
1697722881.653120, 50
1697722881.670384, 51
1697722881.687268, 51
1697722881.704123, 50
1697722881.721637, 51
1697722881.738316, 51
1697722881.755269, 51
1697722881.772370, 52
1697722881.789179, 52
1697722881.806090, 53
1697722881.822824, 52
1697722881.839852, 52
1697722881.856742, 53
1697722881.873898, 51
1697722881.890767, 51
1697722881.907966, 52
1697722881.924874, 52
1697722881.941498, 52
1697722881.958566, 52
1697722881.975648, 51
1697722881.992439, 51
1697722882.008998, 52
1697722882.025846, 52
1697722882.042776, 53
1697722882.060308, 53
1697722882.077071, 54
1697722882.093430, 54
1697722882.110198, 53
1697722882.127000, 53
1697722882.143504, 52
1697722882.160572, 51
1697722882.177294, 52
1697722882.194095, 53
1697722882.211415, 53
1697722882.228119, 53
1697722882.244656, 53
1697722882.261323, 54
1697722882.277983, 54
1697722882.295263, 54
1697722882.312248, 53
1697722882.329013, 54
1697722882.346355, 55
1697722882.363307, 55
1697722882.380383, 53
1697722882.397099, 54
1697722882.413999, 53
1697722882.430585, 53
1697722882.447742, 53
1697722882.464612, 53
1697722882.481198, 54
1697722882.498518, 55
1697722882.515430, 55
1697722882.532261, 55
1697722882.549866, 55
1697722882.567142, 54
1697722882.585331, 54
1697722882.602157, 55
1697722882.619074, 56
1697722882.635684, 55
1697722882.652855, 54
1697722882.669976, 55
1697722882.687033, 54
1697722882.704017, 54
1697722882.720965, 55
1697722882.737480, 55
1697722882.754565, 56
1697722882.771401, 55
1697722882.789076, 55
1697722882.805756, 56
1697722882.822579, 56
1697722882.839260, 55
1697722882.855882, 55
1697722882.872507, 56
1697722882.889862, 55
1697722882.906461, 55
1697722882.923397, 54
1697722882.940326, 56
1697722882.957019, 55
1697722882.973759, 55
1697722882.990779, 56
1697722883.007610, 55
1697722883.024328, 56
1697722883.040891, 57
1697722883.057652, 57
1697722883.074771, 57
1697722883.091537, 57
1697722883.108337, 57
1697722883.125235, 56
1697722883.142045, 56
1697722883.158928, 55
1697722883.175403, 55
1697722883.192168, 56
1697722883.208737, 56
1697722883.225280, 56
1697722883.242097, 56
1697722883.258780, 57
1697722883.275647, 58
1697722883.292595, 57
1697722883.309067, 58
1697722883.325908, 58
1697722883.342567, 58
1697722883.358964, 58
1697722883.375756, 58
1697722883.392844, 57
1697722883.409800, 57
1697722883.426922, 57
1697722883.443761, 57
1697722883.461112, 57
1697722883.477996, 57
1697722883.495047, 58
1697722883.512057, 57
1697722883.528749, 59
1697722883.545675, 59
1697722883.562826, 59
1697722883.579839, 58
1697722883.597132, 58
1697722883.614349, 58
1697722883.631121, 58
1697722883.648040, 59
1697722883.664929, 57
1697722883.681896, 57
1697722883.698990, 57
1697722883.716005, 57
1697722883.733012, 58
1697722883.750112, 58
1697722883.767058, 58
1697722883.784134, 57
1697722883.800582, 59
1697722883.817818, 59
1697722883.834433, 59
1697722883.851122, 60
1697722883.868135, 60
1697722883.884702, 60
1697722883.901511, 59
1697722883.918672, 60
1697722883.935345, 58
1697722883.952266, 58
1697722883.969324, 59
1697722883.986618, 59
1697722884.004153, 57
1697722884.021399, 59
1697722884.038520, 58
1697722884.057737, 59
1697722884.075188, 60
1697722884.091971, 60
1697722884.109190, 60
1697722884.126341, 61
1697722884.143191, 61
1697722884.161272, 60
1697722884.178203, 61
1697722884.195043, 61
1697722884.212240, 60
1697722884.229347, 60
1697722884.247359, 60
1697722884.264701, 59
1697722884.281688, 59
1697722884.299045, 60
1697722884.316080, 60
1697722884.333090, 61
1697722884.350230, 60
1697722884.367903, 61
1697722884.385286, 60
1697722884.402251, 61
1697722884.419351, 62
1697722884.436269, 61
1697722884.452953, 62
1697722884.470104, 61
1697722884.487344, 60
1697722884.504838, 60
1697722884.521773, 60
1697722884.538782, 60
1697722884.557286, 61
1697722884.574499, 61
1697722884.591799, 61
1697722884.608757, 61
1697722884.626034, 62
1697722884.643186, 62
1697722884.660531, 62
1697722884.677608, 61
1697722884.694938, 62
1697722884.712500, 60
1697722884.730126, 63
1697722884.747522, 62
1697722884.764786, 61
1697722884.782045, 62
1697722884.799511, 62
1697722884.816872, 61
1697722884.834494, 61
1697722884.851130, 61
1697722884.868237, 62
1697722884.885067, 63
1697722884.901817, 63
1697722884.918803, 63
1697722884.935597, 63
1697722884.952294, 63
1697722884.969399, 63
1697722884.986443, 63
1697722885.002994, 63
1697722885.020566, 62
1697722885.037430, 61
1697722885.054812, 63
1697722885.071994, 62
1697722885.089105, 63
1697722885.106506, 63
1697722885.123236, 63
1697722885.140126, 63
1697722885.157118, 64
1697722885.174124, 64
1697722885.190868, 64
1697722885.208066, 64
1697722885.224975, 64
1697722885.242259, 63
1697722885.259510, 64
1697722885.276353, 64
1697722885.293355, 63
1697722885.310958, 63
1697722885.327599, 62
1697722885.344750, 63
1697722885.361570, 63
1697722885.378568, 63
1697722885.395345, 64
1697722885.412486, 64
1697722885.429612, 65
1697722885.446386, 64
1697722885.463014, 64
1697722885.479947, 65
1697722885.496618, 65
1697722885.514439, 65
1697722885.531169, 63
1697722885.547886, 65
1697722885.565050, 63
1697722885.581913, 64
1697722885.598600, 64
1697722885.615679, 64
1697722885.632344, 63
1697722885.649306, 64
1697722885.665916, 64
1697722885.682856, 63
1697722885.699531, 64
1697722885.716237, 66
1697722885.732885, 65
1697722885.750121, 66
1697722885.767158, 66
1697722885.784075, 66
1697722885.801168, 65
1697722885.818109, 66
1697722885.835424, 66
1697722885.852267, 64
1697722885.869164, 65
1697722885.885718, 65
1697722885.902408, 65
1697722885.919019, 65
1697722885.935518, 65
1697722885.953056, 64
1697722885.970419, 66
1697722885.987078, 66
1697722886.003863, 66
1697722886.020801, 66
1697722886.038235, 66
1697722886.054926, 67
1697722886.071856, 66
1697722886.088718, 67
1697722886.105507, 66
1697722886.122085, 65
1697722886.139089, 66
1697722886.155891, 66
1697722886.172564, 66
1697722886.189617, 66
1697722886.206289, 66
1697722886.223019, 66
1697722886.239964, 66
1697722886.257146, 67
1697722886.273991, 67
1697722886.291353, 68
1697722886.307956, 67
1697722886.324630, 67
1697722886.341554, 67
1697722886.358229, 67
1697722886.374945, 66
1697722886.392500, 66
1697722886.409276, 67
1697722886.426229, 67
1697722886.443384, 66
1697722886.460383, 66
1697722886.476935, 67
1697722886.493624, 66
1697722886.510827, 66
1697722886.527702, 68
1697722886.544594, 68
1697722886.561302, 68
1697722886.578269, 68
1697722886.595036, 68
1697722886.611922, 68
1697722886.628841, 68
1697722886.645769, 68
1697722886.662688, 67
1697722886.679637, 68
1697722886.696584, 67
1697722886.713193, 67
1697722886.729969, 67
1697722886.746853, 68
1697722886.763423, 68
1697722886.780160, 67
1697722886.797008, 67
1697722886.813876, 68
1697722886.830717, 68
1697722886.847353, 69
1697722886.864060, 69
1697722886.881393, 68
1697722886.898846, 68
1697722886.915576, 68
1697722886.932328, 69
1697722886.949189, 69
1697722886.966350, 69
1697722886.983326, 68
1697722887.000381, 68
1697722887.017395, 67
1697722887.034462, 67
1697722887.051260, 68
1697722887.068210, 68
1697722887.085017, 68
1697722887.101791, 70
1697722887.118571, 70
1697722887.135430, 70
1697722887.151975, 69
1697722887.168878, 69
1697722887.185598, 70
1697722887.202175, 70
1697722887.218832, 69
1697722887.235616, 70
1697722887.252177, 70
1697722887.269872, 69
1697722887.286673, 69
1697722887.303344, 69
1697722887.320162, 70
1697722887.336946, 68
1697722887.354177, 68
1697722887.371351, 69
1697722887.388449, 70
1697722887.405683, 69
1697722887.423032, 70
1697722887.439827, 69
1697722887.456678, 70
1697722887.473706, 70
1697722887.490625, 70
1697722887.507705, 70
1697722887.524489, 70
1697722887.541210, 69
1697722887.558706, 69
1697722887.575464, 69
1697722887.592334, 69
1697722887.609455, 68
1697722887.626184, 68
1697722887.642952, 68
1697722887.659787, 68
1697722887.676648, 70
1697722887.693684, 70
1697722887.710589, 68
1697722887.727113, 68
1697722887.744125, 68
1697722887.761600, 68
1697722887.779051, 62
1697722887.797302, 55
1697722887.814380, 47
1697722887.831454, 40
1697722887.848947, 32
1697722887.866695, 31
1697722887.884042, 32
1697722887.901361, 31
1697722887.918615, 31
1697722887.935988, 33
1697722887.953717, 33
1697722887.971980, 33
1697722887.989139, 33
1697722888.007936, 33
1697722888.027801, 33
1697722888.045585, 32
1697722888.062638, 33
1697722888.079533, 32
1697722888.096842, 33
1697722888.113975, 33
1697722888.130657, 34
1697722888.147656, 33
1697722888.164383, 35
1697722888.180944, 35
1697722888.198355, 34
1697722888.215850, 34
1697722888.232767, 34
1697722888.249655, 33
1697722888.266596, 34
1697722888.283232, 33
1697722888.300173, 33
1697722888.317180, 34
1697722888.334002, 35
1697722888.350825, 36
1697722888.367370, 36
1697722888.384278, 37
1697722888.401070, 37
1697722888.418024, 35
1697722888.435132, 36
1697722888.452386, 34
1697722888.469233, 35
1697722888.486759, 35
1697722888.503770, 35
1697722888.520723, 34
1697722888.537622, 37
1697722888.554912, 37
1697722888.571836, 36
1697722888.588792, 35
1697722888.605673, 36
1697722888.622955, 37
1697722888.640249, 36
1697722888.657256, 36
1697722888.673897, 36
1697722888.690936, 35
1697722888.707825, 36
1697722888.724966, 36
1697722888.742916, 36
1697722888.759557, 38
1697722888.776176, 38
1697722888.793265, 37
1697722888.810331, 38
1697722888.827643, 38
1697722888.844849, 36
1697722888.862127, 37
1697722888.879462, 37
1697722888.896545, 36
1697722888.913798, 37
1697722888.931426, 37
1697722888.948718, 38
1697722888.965299, 37
1697722888.982400, 38
1697722888.999562, 39
1697722889.017358, 38
1697722889.035563, 39
1697722889.053075, 38
1697722889.070370, 37
1697722889.087700, 38
1697722889.104797, 38
1697722889.121717, 38
1697722889.138589, 38
1697722889.155538, 39
1697722889.172445, 38
1697722889.190065, 40
1697722889.206963, 40
1697722889.224314, 39
1697722889.241399, 40
1697722889.258359, 40
1697722889.275882, 39
1697722889.292789, 37
1697722889.309823, 39
1697722889.327223, 39
1697722889.344306, 39
1697722889.361180, 40
1697722889.378245, 40
1697722889.395129, 40
1697722889.412186, 41
1697722889.429530, 41
1697722889.446372, 40
1697722889.464546, 41
1697722889.481765, 41
1697722889.498879, 39
1697722889.516760, 40
1697722889.539992, 40
1697722889.559180, 39
1697722889.576585, 40
1697722889.594040, 41
1697722889.611197, 41
1697722889.628963, 41
1697722889.646839, 42
1697722889.664554, 41
1697722889.682021, 42
1697722889.699504, 42
1697722889.717057, 40
1697722889.734519, 40
1697722889.753565, 41
1697722889.771769, 40
1697722889.789361, 41
1697722889.806683, 41
1697722889.824576, 41
1697722889.841829, 43
1697722889.859419, 42
1697722889.876678, 43
1697722889.894201, 42
1697722889.912094, 43
1697722889.929558, 43
1697722889.946594, 42
1697722889.963371, 42
1697722889.980235, 42
1697722889.997228, 42
1697722890.015364, 41
1697722890.033302, 43
1697722890.050511, 42
1697722890.068432, 44
1697722890.085990, 44
1697722890.103668, 43
1697722890.121123, 44
1697722890.138499, 44
1697722890.156623, 44
1697722890.174961, 43
1697722890.194212, 43
1697722890.211844, 44
1697722890.231593, 43
1697722890.249677, 43
1697722890.267208, 43
1697722890.285112, 44
1697722890.302874, 44
1697722890.320369, 45
1697722890.338120, 44
1697722890.355367, 45
1697722890.372872, 44
1697722890.391241, 45
1697722890.408381, 44
1697722890.425292, 44
1697722890.442986, 44
1697722890.460175, 44
1697722890.477270, 43
1697722890.494793, 44
1697722890.512299, 45
1697722890.529349, 46
1697722890.546366, 45
1697722890.563287, 46
1697722890.580321, 45
1697722890.597842, 46
1697722890.615093, 46
1697722890.631489, 45
1697722890.648501, 45
1697722890.665598, 45
1697722890.683142, 45
1697722890.700364, 45
1697722890.717918, 45
1697722890.735508, 45
1697722890.752609, 46
1697722890.769651, 46
1697722890.786839, 47
1697722890.804040, 47
1697722890.821114, 47
1697722890.838239, 47
1697722890.854939, 47
1697722890.871820, 45
1697722890.889187, 46
1697722890.905815, 45
1697722890.922611, 47
1697722890.939883, 46
1697722890.956761, 46
1697722890.973467, 46
1697722890.990202, 46
1697722891.007180, 48
1697722891.024482, 47
1697722891.041389, 48
1697722891.058511, 48
1697722891.075263, 48
1697722891.091907, 47
1697722891.108454, 47
1697722891.124859, 47
1697722891.141610, 48
1697722891.158115, 47
1697722891.175071, 47
1697722891.191698, 47
1697722891.208415, 46
1697722891.225241, 48
1697722891.241937, 48
1697722891.258562, 49
1697722891.275443, 49
1697722891.292494, 48
1697722891.309007, 48
1697722891.326025, 49
1697722891.342814, 48
1697722891.359476, 48
1697722891.376310, 48
1697722891.393111, 48
1697722891.409781, 48
1697722891.426872, 47
1697722891.443699, 47
1697722891.460447, 49
1697722891.477181, 49
1697722891.493753, 49
1697722891.510523, 49
1697722891.527182, 49
1697722891.544011, 50
1697722891.561046, 50
1697722891.578427, 48
1697722891.595474, 49
1697722891.613096, 49
1697722891.630283, 48
1697722891.647110, 48
1697722891.664013, 48
1697722891.680903, 49
1697722891.697851, 50
1697722891.714631, 50
1697722891.731701, 51
1697722891.748378, 49
1697722891.765727, 49
1697722891.782768, 50
1697722891.799773, 50
1697722891.816623, 50
1697722891.833727, 50
1697722891.850572, 49
1697722891.867647, 49
1697722891.884682, 49
1697722891.901639, 50
1697722891.919163, 50
1697722891.935928, 50
1697722891.952868, 51
1697722891.969959, 51
1697722891.986947, 51
1697722892.004305, 51
1697722892.021538, 50
1697722892.038148, 51
1697722892.054679, 52
1697722892.071501, 50
1697722892.088320, 51
1697722892.105679, 51
1697722892.122495, 51
1697722892.139412, 50
1697722892.156826, 51
1697722892.173390, 50
1697722892.190266, 52
1697722892.207565, 53
1697722892.224316, 53
1697722892.241379, 52
1697722892.258349, 52
1697722892.275210, 53
1697722892.292338, 52
1697722892.309234, 51
1697722892.326002, 52
1697722892.342923, 52
1697722892.359955, 52
1697722892.376836, 52
1697722892.393538, 51
1697722892.410548, 51
1697722892.427189, 52
1697722892.443809, 52
1697722892.461334, 53
1697722892.478189, 54
1697722892.494486, 54
1697722892.511627, 53
1697722892.528501, 53
1697722892.545675, 54
1697722892.562390, 52
1697722892.579096, 52
1697722892.596328, 53
1697722892.613231, 53
1697722892.630194, 53
1697722892.647268, 53
1697722892.664196, 52
1697722892.681177, 54
1697722892.698365, 54
1697722892.715301, 53
1697722892.732359, 53
1697722892.749289, 54
1697722892.766371, 54
1697722892.783344, 54
1697722892.800864, 54
1697722892.817816, 54
1697722892.835112, 53
1697722892.852168, 53
1697722892.869380, 54
1697722892.886213, 53
1697722892.903577, 53
1697722892.920518, 53
1697722892.937255, 54
1697722892.953994, 55
1697722892.970932, 55
1697722892.987804, 54
1697722893.005220, 55
1697722893.021753, 56
1697722893.038435, 55
1697722893.055872, 55
1697722893.073106, 55
1697722893.090218, 55
1697722893.107023, 55
1697722893.123618, 53
1697722893.140917, 54
1697722893.157747, 54
1697722893.174625, 55
1697722893.191566, 56
1697722893.208632, 55
1697722893.225656, 55
1697722893.242838, 55
1697722893.259753, 55
1697722893.276568, 56
1697722893.293393, 56
1697722893.310094, 57
1697722893.326683, 55
1697722893.343642, 56
1697722893.360235, 56
1697722893.376712, 56
1697722893.393623, 55
1697722893.410447, 56
1697722893.427196, 55
1697722893.444232, 55
1697722893.460588, 57
1697722893.477103, 56
1697722893.493859, 56
1697722893.510703, 57
1697722893.527938, 57
1697722893.544801, 56
1697722893.561613, 57
1697722893.578518, 56
1697722893.595597, 55
1697722893.612157, 56
1697722893.629391, 56
1697722893.645990, 56
1697722893.662581, 56
1697722893.679502, 57
1697722893.696247, 56
1697722893.712939, 57
1697722893.729654, 58
1697722893.746313, 58
1697722893.762764, 57
1697722893.779556, 58
1697722893.796438, 58
1697722893.813272, 57
1697722893.830367, 57
1697722893.847400, 56
1697722893.864377, 56
1697722893.881032, 57
1697722893.897806, 58
1697722893.915100, 57
1697722893.931739, 57
1697722893.948270, 58
1697722893.965222, 59
1697722893.982090, 58
1697722893.999071, 59
1697722894.016290, 59
1697722894.033941, 58
1697722894.051193, 59
1697722894.068744, 59
1697722894.086017, 58
1697722894.102840, 57
1697722894.119910, 57
1697722894.136648, 57
1697722894.153042, 58
1697722894.170147, 58
1697722894.186949, 58
1697722894.204132, 58
1697722894.221279, 60
1697722894.238243, 59
1697722894.255262, 59
1697722894.271651, 59
1697722894.288445, 60
1697722894.305615, 60
1697722894.322515, 60
1697722894.339743, 59
1697722894.357319, 59
1697722894.374278, 59
1697722894.391188, 59
1697722894.408288, 58
1697722894.425300, 58
1697722894.441867, 58
1697722894.458834, 58
1697722894.475676, 59
1697722894.493261, 60
1697722894.510220, 60
1697722894.527200, 59
1697722894.544031, 61
1697722894.561400, 61
1697722894.578906, 60
1697722894.595869, 61
1697722894.613549, 61
1697722894.630450, 60
1697722894.647396, 59
1697722894.665304, 60
1697722894.682351, 59
