1697722960.408004, 0
1697722960.424825, 0
1697722960.441839, 0
1697722960.458704, 2
1697722960.476132, 8
1697722960.492985, 6
1697722960.509819, 13
1697722960.526779, 17
1697722960.543495, 18
1697722960.561177, 24
1697722960.578054, 26
1697722960.594833, 31
1697722960.611760, 36
1697722960.628966, 40
1697722960.645494, 44
1697722960.661986, 47
1697722960.678802, 53
1697722960.696037, 59
1697722960.713163, 66
1697722960.730179, 70
1697722960.747329, 75
1697722960.764343, 78
1697722960.781388, 84
1697722960.798134, 89
1697722960.815597, 90
1697722960.832562, 90
1697722960.849162, 90
1697722960.866231, 90
1697722960.882849, 90
1697722960.899607, 90
1697722960.916347, 89
1697722960.932822, 90
1697722960.949552, 90
1697722960.967453, 90
1697722960.984698, 89
1697722961.001958, 90
1697722961.018955, 90
1697722961.035947, 89
1697722961.052902, 90
1697722961.069811, 90
1697722961.087703, 90
1697722961.104780, 89
1697722961.122016, 90
1697722961.139243, 90
1697722961.155951, 89
1697722961.173069, 90
1697722961.189826, 89
1697722961.206589, 90
1697722961.223258, 90
1697722961.239891, 89
1697722961.256894, 90
1697722961.273885, 90
1697722961.291515, 89
1697722961.308735, 89
1697722961.325789, 89
1697722961.343483, 90
1697722961.361037, 90
1697722961.377788, 89
1697722961.394645, 90
1697722961.411479, 89
1697722961.428154, 90
1697722961.445257, 90
1697722961.462256, 89
1697722961.479203, 88
1697722961.496379, 88
1697722961.513434, 87
1697722961.530354, 89
1697722961.547478, 90
1697722961.564662, 89
1697722961.581458, 89
1697722961.598836, 86
1697722961.615650, 86
1697722961.632534, 89
1697722961.649944, 90
1697722961.666784, 89
1697722961.683872, 89
1697722961.700850, 89
1697722961.717685, 90
1697722961.734432, 90
1697722961.751795, 88
1697722961.768718, 90
1697722961.785215, 90
1697722961.802323, 88
1697722961.819079, 88
1697722961.836460, 88
1697722961.853348, 88
1697722961.870136, 88
1697722961.887886, 88
1697722961.904845, 90
1697722961.921697, 90
1697722961.939046, 90
1697722961.956040, 86
1697722961.972850, 83
1697722961.989810, 84
1697722962.006371, 85
1697722962.022865, 86
1697722962.039860, 84
1697722962.056614, 85
1697722962.073473, 89
1697722962.090609, 89
1697722962.107186, 87
1697722962.124464, 89
1697722962.141709, 87
1697722962.158598, 89
1697722962.176208, 88
1697722962.193133, 88
1697722962.209877, 87
1697722962.227297, 85
1697722962.244172, 89
1697722962.260959, 89
1697722962.278311, 90
1697722962.295324, 89
1697722962.312465, 88
1697722962.329482, 90
1697722962.346323, 89
1697722962.363152, 89
1697722962.381156, 87
1697722962.398318, 87
1697722962.415119, 89
1697722962.432574, 89
1697722962.449620, 86
1697722962.466284, 82
1697722962.483360, 79
1697722962.499997, 76
1697722962.516494, 72
1697722962.533760, 68
1697722962.550548, 63
1697722962.567853, 61
1697722962.585025, 56
1697722962.601672, 53
1697722962.618803, 53
1697722962.635736, 53
1697722962.652626, 53
1697722962.670173, 56
1697722962.686973, 49
1697722962.703658, 43
1697722962.720773, 36
1697722962.737557, 29
1697722962.754650, 31
1697722962.771858, 29
1697722962.789111, 29
1697722962.805902, 30
1697722962.823156, 30
1697722962.840236, 30
1697722962.857068, 30
1697722962.874947, 31
1697722962.892171, 31
1697722962.909050, 30
1697722962.926048, 32
1697722962.942769, 32
1697722962.959396, 32
1697722962.976795, 31
1697722962.993454, 31
1697722963.010263, 32
1697722963.027301, 31
1697722963.044443, 32
1697722963.061105, 31
1697722963.079363, 31
1697722963.095997, 33
1697722963.112672, 32
1697722963.129761, 32
1697722963.146641, 32
1697722963.163749, 33
1697722963.181319, 32
1697722963.198099, 33
1697722963.214912, 33
1697722963.231793, 31
1697722963.249204, 33
1697722963.266407, 33
1697722963.283314, 33
1697722963.300170, 33
1697722963.317713, 33
1697722963.334932, 34
1697722963.351850, 34
1697722963.368778, 34
1697722963.385608, 33
1697722963.402426, 32
1697722963.419657, 33
1697722963.436255, 33
1697722963.453036, 33
1697722963.469982, 34
1697722963.486746, 34
1697722963.503325, 34
1697722963.520202, 35
1697722963.536927, 35
1697722963.554175, 34
1697722963.571259, 35
1697722963.587898, 34
1697722963.604752, 34
1697722963.621587, 34
1697722963.638553, 35
1697722963.656195, 34
1697722963.673071, 35
1697722963.689998, 35
1697722963.706875, 35
1697722963.725684, 36
1697722963.742742, 36
1697722963.759770, 36
1697722963.776763, 35
1697722963.793747, 36
1697722963.811524, 36
1697722963.828318, 36
1697722963.844881, 36
1697722963.862411, 36
1697722963.879242, 35
1697722963.895818, 35
1697722963.912678, 36
1697722963.929303, 36
1697722963.946108, 37
1697722963.963482, 38
1697722963.980381, 37
1697722963.997464, 36
1697722964.015140, 37
1697722964.032175, 37
1697722964.049313, 36
1697722964.066932, 36
1697722964.083537, 37
1697722964.100640, 37
1697722964.117835, 37
1697722964.134901, 38
1697722964.151927, 37
1697722964.168528, 39
1697722964.185771, 39
1697722964.202905, 38
1697722964.220010, 38
1697722964.236612, 38
1697722964.253889, 37
1697722964.270933, 38
1697722964.287766, 38
1697722964.305151, 38
1697722964.322255, 36
1697722964.339051, 39
1697722964.356300, 39
1697722964.373379, 39
1697722964.390484, 40
1697722964.409002, 40
1697722964.426137, 39
1697722964.442703, 39
1697722964.459542, 39
1697722964.476427, 38
1697722964.493347, 39
1697722964.510446, 39
1697722964.527314, 39
1697722964.544547, 39
1697722964.561412, 40
1697722964.578598, 39
1697722964.595951, 41
1697722964.612793, 41
1697722964.629569, 41
1697722964.646296, 40
1697722964.662894, 40
1697722964.679654, 40
1697722964.697203, 39
1697722964.714832, 40
1697722964.731607, 40
1697722964.748691, 39
1697722964.765658, 39
1697722964.782587, 41
1697722964.799923, 41
1697722964.816874, 42
1697722964.833684, 42
1697722964.851090, 41
1697722964.868708, 41
1697722964.885488, 41
1697722964.902493, 41
1697722964.919119, 40
1697722964.936516, 40
1697722964.953079, 40
1697722964.970347, 40
1697722964.987217, 42
1697722965.003950, 42
1697722965.020679, 42
1697722965.037391, 43
1697722965.054551, 43
1697722965.071198, 42
1697722965.088480, 42
1697722965.105518, 42
1697722965.122424, 42
1697722965.139722, 40
1697722965.156642, 41
1697722965.173604, 41
1697722965.190753, 42
1697722965.207407, 42
1697722965.224986, 42
1697722965.242753, 43
1697722965.259694, 43
1697722965.276605, 44
1697722965.294476, 43
1697722965.311918, 43
1697722965.328700, 43
1697722965.346042, 42
1697722965.363186, 42
1697722965.379921, 44
1697722965.397227, 44
1697722965.414085, 44
1697722965.431413, 44
1697722965.448105, 45
1697722965.465256, 45
1697722965.482493, 44
1697722965.499422, 45
1697722965.516261, 44
1697722965.533515, 44
1697722965.550371, 44
1697722965.567010, 43
1697722965.584157, 45
1697722965.601027, 45
1697722965.617603, 46
1697722965.634566, 45
1697722965.651478, 45
1697722965.668377, 46
1697722965.685506, 44
1697722965.702271, 44
1697722965.718951, 44
1697722965.736073, 45
1697722965.752882, 46
1697722965.769471, 45
1697722965.785967, 44
1697722965.802746, 45
1697722965.820296, 45
1697722965.836985, 44
1697722965.853629, 44
1697722965.870677, 44
1697722965.887729, 44
1697722965.904402, 46
1697722965.921141, 46
1697722965.937985, 46
1697722965.955030, 46
1697722965.972349, 46
1697722965.989065, 47
1697722966.006001, 46
1697722966.023542, 46
1697722966.040378, 46
1697722966.057293, 45
1697722966.074684, 46
1697722966.091416, 45
1697722966.108087, 46
1697722966.125291, 46
1697722966.142158, 47
1697722966.158820, 48
1697722966.176056, 46
1697722966.192967, 47
1697722966.210117, 46
1697722966.226565, 47
1697722966.243489, 47
1697722966.260611, 47
1697722966.277522, 46
1697722966.294560, 47
1697722966.312036, 46
1697722966.329117, 47
1697722966.345794, 47
1697722966.363260, 48
1697722966.380156, 48
1697722966.396988, 48
1697722966.414209, 48
1697722966.430853, 49
1697722966.447693, 47
1697722966.465160, 48
1697722966.482047, 48
1697722966.499070, 47
1697722966.515973, 48
1697722966.532910, 48
1697722966.549898, 47
1697722966.567185, 47
1697722966.584205, 47
1697722966.600982, 48
1697722966.618294, 49
1697722966.635170, 49
1697722966.651994, 49
1697722966.669268, 48
1697722966.686127, 48
1697722966.702765, 49
1697722966.719629, 48
1697722966.736564, 48
1697722966.754070, 49
1697722966.770900, 48
1697722966.788035, 49
1697722966.805433, 49
1697722966.822132, 48
1697722966.838745, 49
1697722966.855587, 50
1697722966.871912, 51
1697722966.888885, 50
1697722966.906243, 50
1697722966.922981, 51
1697722966.939862, 50
1697722966.956881, 49
1697722966.973885, 50
1697722966.990780, 50
1697722967.007891, 50
1697722967.024549, 50
1697722967.041260, 49
1697722967.058468, 50
1697722967.075376, 50
1697722967.092485, 50
1697722967.109766, 51
1697722967.126498, 51
1697722967.143126, 51
1697722967.160383, 51
1697722967.177749, 51
1697722967.194712, 52
1697722967.211655, 50
1697722967.228401, 49
1697722967.245979, 50
1697722967.262722, 50
1697722967.279860, 51
1697722967.297199, 51
1697722967.313890, 50
1697722967.330528, 51
1697722967.347665, 52
1697722967.365036, 52
1697722967.381841, 52
1697722967.399300, 51
1697722967.416331, 52
1697722967.433095, 52
1697722967.450750, 51
1697722967.467993, 52
1697722967.484916, 51
1697722967.502233, 51
1697722967.518934, 52
1697722967.535809, 51
1697722967.553272, 52
1697722967.570071, 52
1697722967.587156, 52
1697722967.604185, 53
1697722967.621085, 53
1697722967.637713, 52
1697722967.655060, 52
1697722967.672061, 52
1697722967.689007, 53
1697722967.705438, 51
1697722967.722011, 52
1697722967.739303, 53
1697722967.756512, 52
1697722967.773391, 52
1697722967.790311, 53
1697722967.807350, 52
1697722967.824679, 54
1697722967.841997, 54
1697722967.858790, 53
1697722967.875499, 53
1697722967.892629, 54
1697722967.909205, 53
1697722967.925924, 54
1697722967.943233, 54
1697722967.960017, 54
1697722967.976913, 52
1697722967.994225, 53
1697722968.011114, 54
1697722968.027837, 53
1697722968.044915, 53
1697722968.062088, 54
1697722968.079018, 54
1697722968.096123, 54
1697722968.112840, 55
1697722968.129357, 54
1697722968.146182, 54
1697722968.163146, 55
1697722968.180549, 54
1697722968.197785, 54
1697722968.215259, 54
1697722968.232622, 54
1697722968.249678, 54
1697722968.266662, 55
1697722968.283530, 55
1697722968.300568, 54
1697722968.317500, 54
1697722968.334778, 56
1697722968.351585, 55
1697722968.368919, 55
1697722968.386743, 56
1697722968.404000, 55
1697722968.420834, 56
1697722968.438174, 56
1697722968.455183, 55
1697722968.471998, 55
1697722968.489648, 55
1697722968.506307, 54
1697722968.523191, 55
1697722968.540035, 56
1697722968.557047, 55
1697722968.573875, 55
1697722968.590404, 57
1697722968.607168, 57
1697722968.624173, 57
1697722968.641095, 56
1697722968.657695, 57
1697722968.674472, 56
1697722968.691963, 57
1697722968.708636, 57
1697722968.725542, 56
1697722968.742615, 56
1697722968.759195, 56
1697722968.776634, 56
1697722968.793468, 56
1697722968.810577, 56
1697722968.827795, 57
1697722968.844683, 58
1697722968.861405, 57
1697722968.879158, 57
1697722968.895852, 57
1697722968.912714, 57
1697722968.929860, 58
1697722968.948548, 58
1697722968.965435, 56
1697722968.983063, 56
1697722968.999778, 56
1697722969.016453, 57
1697722969.033434, 57
1697722969.050345, 57
1697722969.067201, 57
1697722969.084894, 57
1697722969.102341, 58
1697722969.119447, 57
1697722969.136467, 59
1697722969.153292, 59
1697722969.169967, 58
1697722969.187194, 59
1697722969.204293, 59
1697722969.221197, 58
1697722969.238453, 57
1697722969.255452, 57
1697722969.272470, 58
1697722969.290257, 58
1697722969.307369, 57
1697722969.324567, 57
1697722969.341752, 58
1697722969.358448, 58
1697722969.375089, 59
1697722969.392326, 58
1697722969.409025, 59
1697722969.425764, 59
1697722969.443058, 59
1697722969.459714, 59
1697722969.476226, 59
1697722969.492983, 59
1697722969.509762, 59
1697722969.526648, 59
1697722969.543347, 58
1697722969.560021, 58
1697722969.577444, 59
1697722969.594495, 59
1697722969.611257, 59
1697722969.628752, 60
1697722969.645517, 60
1697722969.662156, 60
1697722969.679457, 59
1697722969.696617, 60
1697722969.713291, 59
1697722969.730499, 60
1697722969.747530, 61
1697722969.764331, 59
1697722969.781645, 59
1697722969.798316, 60
1697722969.814913, 59
1697722969.831948, 59
1697722969.848658, 59
1697722969.865491, 60
1697722969.882726, 59
1697722969.899727, 61
1697722969.916369, 61
1697722969.933332, 60
1697722969.950227, 61
1697722969.967182, 60
1697722969.983932, 60
1697722970.000698, 61
1697722970.018362, 61
1697722970.035215, 59
1697722970.051980, 60
1697722970.069408, 61
1697722970.086253, 61
1697722970.103134, 60
1697722970.120844, 60
1697722970.138204, 60
1697722970.154975, 61
1697722970.172274, 62
1697722970.189054, 62
1697722970.206120, 61
1697722970.223527, 62
1697722970.240089, 62
1697722970.257006, 62
1697722970.274128, 62
1697722970.291272, 62
1697722970.307909, 60
1697722970.324802, 61
1697722970.341655, 61
1697722970.358850, 61
1697722970.375624, 62
1697722970.392427, 62
1697722970.409308, 62
1697722970.426321, 62
1697722970.443094, 62
1697722970.460533, 63
1697722970.477688, 63
1697722970.494616, 62
1697722970.512359, 62
1697722970.529358, 62
1697722970.546098, 63
1697722970.563526, 63
1697722970.580145, 61
1697722970.597151, 61
1697722970.613971, 61
1697722970.631016, 62
1697722970.648606, 62
1697722970.665424, 62
1697722970.682338, 62
1697722970.699065, 63
1697722970.716155, 64
1697722970.733234, 64
1697722970.750334, 63
1697722970.767426, 64
1697722970.784325, 64
1697722970.801237, 63
1697722970.818288, 64
1697722970.835088, 64
1697722970.852466, 62
1697722970.869881, 62
1697722970.886466, 62
1697722970.903615, 62
1697722970.920559, 63
1697722970.937305, 63
1697722970.954856, 63
1697722970.971678, 64
1697722970.988575, 64
1697722971.005886, 64
1697722971.022696, 63
1697722971.040138, 64
1697722971.057275, 64
1697722971.074066, 64
1697722971.091347, 65
1697722971.108210, 65
1697722971.125015, 63
1697722971.142162, 63
1697722971.158973, 64
1697722971.175776, 63
1697722971.193189, 64
1697722971.210135, 64
1697722971.226970, 64
1697722971.244147, 65
1697722971.261117, 64
1697722971.278064, 64
1697722971.294836, 64
1697722971.311699, 65
1697722971.328515, 65
1697722971.345323, 65
1697722971.362104, 66
1697722971.378943, 66
1697722971.395766, 64
1697722971.412457, 65
1697722971.429464, 65
1697722971.446839, 65
1697722971.463853, 64
1697722971.480724, 64
1697722971.498367, 64
1697722971.515359, 64
1697722971.532642, 65
1697722971.550663, 66
1697722971.568045, 67
1697722971.584808, 66
1697722971.602121, 66
1697722971.619035, 65
1697722971.635929, 66
1697722971.653694, 66
1697722971.671221, 65
1697722971.687971, 65
1697722971.705344, 66
1697722971.722106, 65
1697722971.739299, 65
1697722971.756483, 65
1697722971.773316, 65
1697722971.790197, 65
1697722971.807607, 67
1697722971.824701, 66
1697722971.842426, 66
1697722971.859222, 67
1697722971.876196, 67
1697722971.893436, 67
1697722971.910687, 67
1697722971.927801, 67
1697722971.945011, 68
1697722971.961938, 66
1697722971.979084, 65
1697722971.996611, 66
1697722972.013620, 66
1697722972.030437, 66
1697722972.047792, 67
1697722972.065644, 67
1697722972.082371, 68
1697722972.099050, 68
1697722972.116002, 68
1697722972.132673, 68
1697722972.149738, 68
1697722972.166304, 67
1697722972.183055, 67
1697722972.199698, 68
1697722972.216226, 68
1697722972.232907, 68
1697722972.249738, 66
1697722972.266531, 66
1697722972.283309, 67
1697722972.301287, 66
1697722972.318402, 67
1697722972.335408, 67
1697722972.352444, 67
1697722972.369406, 68
1697722972.386348, 68
1697722972.403876, 69
1697722972.420735, 68
1697722972.437451, 68
1697722972.454451, 69
1697722972.471371, 69
1697722972.488911, 68
1697722972.506087, 69
1697722972.522943, 69
1697722972.539746, 68
1697722972.556724, 68
1697722972.573605, 67
1697722972.591326, 67
1697722972.608252, 68
1697722972.625577, 68
1697722972.642566, 68
1697722972.659732, 69
1697722972.676816, 69
1697722972.694360, 69
1697722972.711104, 69
1697722972.727945, 69
1697722972.745242, 69
1697722972.761971, 70
1697722972.779353, 69
1697722972.796884, 70
1697722972.813733, 69
1697722972.830760, 69
1697722972.847573, 69
1697722972.864509, 69
1697722972.881701, 68
1697722972.898519, 69
1697722972.915325, 68
1697722972.932744, 69
1697722972.949515, 70
1697722972.966320, 70
1697722972.983043, 71
1697722972.999871, 70
1697722973.016711, 70
1697722973.034012, 70
1697722973.050567, 69
1697722973.067187, 69
1697722973.084022, 70
1697722973.100884, 71
1697722973.117757, 70
1697722973.134880, 70
1697722973.151719, 69
1697722973.169130, 70
1697722973.186352, 70
1697722973.203221, 70
1697722973.220349, 70
1697722973.237618, 71
1697722973.254370, 70
1697722973.271930, 71
1697722973.289036, 71
1697722973.305998, 71
1697722973.323246, 71
1697722973.340684, 71
1697722973.357245, 72
1697722973.374272, 71
1697722973.391067, 71
1697722973.408231, 71
1697722973.425081, 70
1697722973.442223, 70
1697722973.458932, 71
1697722973.475955, 71
1697722973.492504, 72
1697722973.509463, 72
1697722973.526759, 72
1697722973.543658, 73
1697722973.560062, 73
1697722973.576902, 72
1697722973.594248, 73
1697722973.611504, 73
1697722973.628300, 73
1697722973.645006, 72
1697722973.661735, 72
1697722973.678598, 73
1697722973.695935, 72
1697722973.713250, 71
1697722973.730003, 71
1697722973.746908, 71
1697722973.764074, 70
1697722973.780761, 70
1697722973.797815, 71
1697722973.814638, 72
1697722973.831183, 72
1697722973.847742, 73
1697722973.864689, 73
1697722973.881330, 73
1697722973.898663, 73
1697722973.915673, 72
1697722973.932544, 72
1697722973.949361, 72
1697722973.966045, 72
1697722973.982788, 73
1697722973.999502, 72
1697722974.016876, 73
1697722974.033709, 72
1697722974.050746, 72
1697722974.067669, 72
1697722974.084754, 72
1697722974.102068, 72
1697722974.118743, 74
1697722974.135623, 72
1697722974.152708, 72
1697722974.169638, 74
1697722974.186264, 73
1697722974.203712, 74
1697722974.220825, 74
1697722974.237861, 73
1697722974.254960, 73
1697722974.271778, 73
1697722974.288471, 72
1697722974.305028, 73
1697722974.322196, 73
1697722974.339103, 72
1697722974.356333, 73
1697722974.373071, 72
1697722974.390205, 74
1697722974.407684, 74
1697722974.424605, 74
1697722974.442077, 74
1697722974.459066, 74
1697722974.475503, 74
1697722974.492893, 75
1697722974.509707, 75
1697722974.526627, 73
1697722974.543925, 75
1697722974.561456, 75
1697722974.578454, 75
1697722974.595842, 74
1697722974.612961, 73
1697722974.629695, 74
1697722974.647175, 74
1697722974.664150, 74
1697722974.680762, 72
1697722974.697766, 73
1697722974.714994, 74
1697722974.732302, 74
1697722974.748841, 75
1697722974.765689, 76
1697722974.782252, 76
1697722974.799403, 75
1697722974.816117, 76
1697722974.833213, 75
1697722974.850355, 75
1697722974.867328, 75
1697722974.884483, 74
1697722974.901407, 73
1697722974.918267, 74
1697722974.936123, 75
1697722974.953739, 73
1697722974.970577, 75
1697722974.987912, 74
1697722975.004639, 74
1697722975.021627, 76
1697722975.038870, 76
1697722975.055961, 75
1697722975.072793, 76
1697722975.089782, 75
1697722975.106369, 75
1697722975.123085, 76
1697722975.140150, 76
1697722975.157134, 76
1697722975.173841, 76
1697722975.190594, 75
1697722975.207594, 75
1697722975.224879, 75
1697722975.242871, 75
1697722975.259851, 76
1697722975.276581, 75
1697722975.293526, 75
1697722975.310260, 77
1697722975.327199, 77
1697722975.344471, 77
1697722975.361255, 76
1697722975.378624, 76
1697722975.395418, 77
1697722975.412093, 77
1697722975.429301, 77
1697722975.446180, 77
1697722975.463191, 76
1697722975.480759, 76
1697722975.497652, 75
1697722975.514678, 76
1697722975.532223, 76
1697722975.549008, 76
1697722975.565773, 76
1697722975.582922, 77
1697722975.599884, 77
1697722975.616873, 77
1697722975.633946, 78
1697722975.650839, 77
1697722975.667785, 77
1697722975.684811, 78
1697722975.701638, 77
1697722975.718237, 77
1697722975.735680, 78
1697722975.752681, 78
1697722975.769361, 77
1697722975.786005, 77
1697722975.802974, 76
1697722975.819881, 77
1697722975.837284, 77
1697722975.854046, 77
1697722975.871411, 76
1697722975.888104, 76
1697722975.904975, 77
1697722975.922343, 78
1697722975.939086, 78
1697722975.956023, 79
1697722975.973328, 79
1697722975.990241, 78
1697722976.007118, 79
1697722976.023652, 78
1697722976.040318, 78
1697722976.056943, 78
1697722976.073894, 79
1697722976.090837, 79
1697722976.107625, 77
1697722976.124674, 78
1697722976.141661, 77
1697722976.158397, 78
1697722976.175498, 78
1697722976.193010, 77
1697722976.209701, 77
1697722976.227017, 77
1697722976.244650, 79
1697722976.261617, 78
1697722976.278367, 79
1697722976.294989, 79
1697722976.311942, 78
1697722976.329123, 78
1697722976.345943, 80
1697722976.363567, 80
1697722976.380127, 79
1697722976.396947, 79
1697722976.414479, 78
1697722976.431326, 78
1697722976.448127, 79
1697722976.465544, 78
1697722976.482369, 78
1697722976.499253, 79
1697722976.516954, 79
1697722976.533736, 78
1697722976.550414, 80
1697722976.567760, 80
1697722976.584630, 79
1697722976.601560, 80
1697722976.618748, 80
1697722976.635543, 79
1697722976.652456, 79
1697722976.670401, 80
1697722976.688103, 80
1697722976.705062, 79
1697722976.722476, 79
1697722976.739113, 79
1697722976.755864, 79
1697722976.773371, 80
1697722976.789962, 80
1697722976.806794, 79
1697722976.823671, 80
1697722976.840441, 80
1697722976.857843, 80
1697722976.875126, 81
1697722976.891962, 81
1697722976.909096, 81
1697722976.925437, 80
1697722976.942024, 81
1697722976.959456, 80
1697722976.976300, 81
1697722976.993285, 81
1697722977.010335, 81
1697722977.027336, 81
1697722977.044251, 80
1697722977.061271, 79
1697722977.078363, 79
1697722977.095344, 80
1697722977.112663, 80
1697722977.129730, 79
1697722977.146569, 81
1697722977.163638, 80
1697722977.180210, 81
1697722977.196807, 81
1697722977.214320, 82
1697722977.231328, 81
1697722977.247953, 80
1697722977.265042, 81
1697722977.282079, 82
1697722977.299766, 80
1697722977.317061, 81
1697722977.333991, 82
1697722977.350825, 81
1697722977.368301, 81
1697722977.385201, 81
1697722977.402486, 80
1697722977.419176, 80
1697722977.435970, 80
1697722977.452864, 80
1697722977.469745, 81
1697722977.486327, 82
1697722977.503524, 81
1697722977.520730, 82
1697722977.537398, 81
1697722977.554710, 82
1697722977.571319, 82
1697722977.587976, 83
1697722977.604863, 83
1697722977.621643, 83
1697722977.638973, 82
1697722977.656225, 83
1697722977.673006, 82
1697722977.690433, 82
1697722977.707877, 82
1697722977.725084, 81
1697722977.742490, 82
1697722977.759535, 82
1697722977.776642, 81
1697722977.794166, 82
1697722977.810872, 83
1697722977.827763, 83
1697722977.844977, 82
1697722977.862328, 83
1697722977.878933, 83
1697722977.895921, 82
1697722977.913103, 83
1697722977.929836, 83
1697722977.947035, 82
1697722977.964049, 82
1697722977.981369, 83
1697722977.998057, 82
1697722978.015079, 83
1697722978.031951, 83
1697722978.049474, 82
1697722978.066376, 83
1697722978.083444, 83
1697722978.100346, 82
1697722978.116984, 82
1697722978.133753, 84
1697722978.150612, 84
1697722978.167413, 84
1697722978.184389, 84
1697722978.201394, 83
1697722978.218668, 83
1697722978.235487, 84
1697722978.252847, 84
1697722978.269655, 83
1697722978.286703, 84
1697722978.303642, 84
1697722978.320872, 83
1697722978.338161, 82
1697722978.355555, 83
1697722978.372216, 82
1697722978.389209, 83
1697722978.406368, 84
1697722978.423083, 84
1697722978.440556, 84
1697722978.457212, 85
1697722978.474645, 85
1697722978.491554, 84
1697722978.508377, 85
1697722978.525661, 85
1697722978.542688, 84
1697722978.559430, 85
1697722978.576338, 85
1697722978.593299, 85
1697722978.610280, 85
1697722978.626832, 85
1697722978.643861, 84
1697722978.660413, 83
1697722978.676872, 84
1697722978.693769, 84
1697722978.710621, 84
1697722978.727092, 84
1697722978.744054, 84
1697722978.760897, 83
1697722978.777691, 85
1697722978.794585, 85
1697722978.811583, 84
1697722978.829250, 85
1697722978.846172, 85
1697722978.862913, 85
1697722978.880097, 86
1697722978.897217, 86
1697722978.914230, 86
1697722978.931858, 85
1697722978.948788, 86
1697722978.965494, 85
1697722978.982581, 85
1697722978.999343, 85
1697722979.016089, 85
1697722979.033292, 84
1697722979.050272, 85
1697722979.067210, 85
1697722979.084190, 84
1697722979.100698, 86
1697722979.117524, 86
1697722979.134592, 86
1697722979.151525, 84
1697722979.168431, 85
1697722979.185379, 86
1697722979.202005, 85
1697722979.218799, 86
1697722979.235658, 86
1697722979.252499, 86
1697722979.269804, 86
1697722979.286898, 86
1697722979.303984, 85
1697722979.321144, 86
1697722979.337790, 86
1697722979.354903, 85
1697722979.372123, 85
1697722979.388827, 85
1697722979.405978, 85
1697722979.422689, 86
1697722979.439348, 87
1697722979.456293, 87
1697722979.472885, 87
1697722979.489973, 87
1697722979.506568, 87
1697722979.523218, 86
1697722979.540091, 86
1697722979.557185, 86
1697722979.574329, 86
1697722979.591130, 87
1697722979.607749, 87
1697722979.624819, 86
1697722979.641550, 86
1697722979.658257, 85
1697722979.676016, 85
1697722979.692989, 85
1697722979.709460, 87
1697722979.726533, 87
1697722979.743494, 87
1697722979.760534, 88
1697722979.777873, 87
1697722979.794730, 88
1697722979.811949, 88
1697722979.828846, 88
1697722979.845551, 87
1697722979.862681, 87
1697722979.879628, 87
1697722979.896451, 88
1697722979.913745, 87
1697722979.930805, 88
1697722979.947727, 88
1697722979.964550, 88
1697722979.981041, 87
1697722979.997762, 87
1697722980.014773, 86
1697722980.031546, 86
1697722980.048022, 87
1697722980.065428, 87
1697722980.082588, 88
1697722980.099174, 88
1697722980.116458, 88
1697722980.133034, 87
1697722980.149777, 88
1697722980.166531, 88
1697722980.183727, 89
1697722980.201213, 89
1697722980.217810, 89
1697722980.234465, 88
1697722980.251580, 88
1697722980.268557, 88
1697722980.285489, 88
1697722980.302922, 88
1697722980.319700, 88
1697722980.336539, 87
1697722980.353564, 88
1697722980.370551, 88
1697722980.387789, 88
1697722980.404970, 88
1697722980.421958, 89
1697722980.438709, 88
1697722980.456081, 89
1697722980.472675, 89
1697722980.489335, 89
1697722980.506136, 90
1697722980.523305, 89
1697722980.539769, 89
1697722980.556454, 89
1697722980.573344, 89
1697722980.590010, 90
1697722980.607485, 89
1697722980.624378, 89
1697722980.641811, 89
1697722980.658483, 89
1697722980.675349, 88
1697722980.692734, 88
1697722980.709480, 89
1697722980.726225, 88
1697722980.743335, 90
1697722980.760355, 90
1697722980.777066, 89
1697722980.794617, 90
1697722980.811575, 90
1697722980.828548, 90
1697722980.846045, 89
1697722980.862835, 89
1697722980.879622, 88
1697722980.897276, 89
1697722980.914239, 89
1697722980.930960, 89
1697722980.947933, 89
1697722980.964980, 88
1697722980.981729, 88
1697722980.998765, 88
1697722981.015388, 88
1697722981.032024, 88
1697722981.049164, 89
1697722981.065981, 88
1697722981.082839, 89
1697722981.099277, 89
1697722981.116198, 89
1697722981.133236, 89
1697722981.150072, 89
1697722981.166836, 89
1697722981.183596, 89
1697722981.200496, 89
1697722981.217384, 88
1697722981.234571, 88
1697722981.251390, 88
1697722981.268246, 88
1697722981.285525, 80
1697722981.302779, 73
1697722981.319514, 66
1697722981.336558, 59
1697722981.353482, 52
1697722981.370087, 45
1697722981.387163, 41
1697722981.403957, 41
1697722981.420693, 42
1697722981.437672, 43
1697722981.454429, 43
1697722981.470990, 43
1697722981.487955, 44
1697722981.505058, 43
1697722981.521976, 43
1697722981.538663, 42
1697722981.555715, 43
1697722981.572410, 42
1697722981.589111, 42
1697722981.606029, 43
1697722981.623155, 43
1697722981.639718, 44
1697722981.656673, 45
1697722981.673408, 44
1697722981.690104, 44
1697722981.706952, 44
1697722981.723664, 43
1697722981.740594, 42
1697722981.757402, 44
1697722981.774693, 44
1697722981.791368, 44
1697722981.808056, 44
1697722981.824906, 44
1697722981.841557, 44
1697722981.858615, 45
1697722981.875815, 45
1697722981.892761, 45
1697722981.909708, 45
1697722981.926834, 45
1697722981.943913, 44
1697722981.960924, 44
1697722981.977819, 44
1697722981.995018, 45
1697722982.012159, 45
1697722982.028883, 44
1697722982.046226, 45
1697722982.063508, 45
1697722982.080076, 44
1697722982.096978, 46
1697722982.114113, 46
1697722982.131120, 46
1697722982.147879, 46
1697722982.165112, 46
1697722982.182087, 46
1697722982.199006, 46
1697722982.216220, 45
1697722982.233254, 46
1697722982.250208, 45
1697722982.268259, 45
1697722982.285491, 46
1697722982.302404, 45
1697722982.319566, 47
1697722982.336722, 47
1697722982.353580, 47
1697722982.371459, 47
1697722982.388305, 47
1697722982.404882, 48
1697722982.422514, 46
1697722982.439415, 46
1697722982.455978, 46
1697722982.473083, 46
1697722982.489784, 47
1697722982.506714, 47
1697722982.524214, 47
1697722982.540861, 47
1697722982.557756, 48
1697722982.574811, 47
1697722982.591777, 48
1697722982.609059, 48
1697722982.625920, 48
1697722982.643481, 48
1697722982.660392, 47
1697722982.677122, 47
1697722982.694242, 47
1697722982.711547, 47
1697722982.728609, 47
1697722982.745322, 47
1697722982.762559, 48
1697722982.779525, 48
1697722982.796141, 49
1697722982.813288, 49
1697722982.830198, 49
1697722982.846997, 48
1697722982.863791, 48
1697722982.880673, 48
1697722982.897281, 49
1697722982.914673, 48
1697722982.931457, 48
1697722982.947988, 49
1697722982.965405, 48
1697722982.982682, 47
1697722982.999568, 49
1697722983.016740, 48
1697722983.033389, 50
1697722983.050139, 50
1697722983.067970, 49
1697722983.084767, 49
1697722983.101088, 50
1697722983.118665, 50
1697722983.135588, 49
1697722983.152982, 49
1697722983.170426, 49
1697722983.187018, 49
1697722983.204391, 49
1697722983.221440, 50
1697722983.238659, 49
1697722983.255909, 50
1697722983.272582, 50
1697722983.289490, 51
1697722983.306238, 51
1697722983.323127, 51
1697722983.340552, 50
1697722983.357450, 51
1697722983.374266, 51
1697722983.390925, 51
1697722983.407767, 50
1697722983.424635, 50
1697722983.441710, 51
1697722983.458633, 49
1697722983.475722, 50
1697722983.492933, 51
1697722983.509882, 51
1697722983.526789, 52
1697722983.543647, 52
1697722983.560771, 51
1697722983.578160, 52
1697722983.595178, 52
1697722983.612048, 51
1697722983.629152, 51
1697722983.646423, 51
1697722983.662968, 51
1697722983.679861, 51
1697722983.696863, 51
1697722983.713893, 52
1697722983.730985, 50
1697722983.748329, 50
1697722983.765236, 52
1697722983.782076, 53
1697722983.799460, 53
1697722983.816356, 53
1697722983.833313, 52
1697722983.850677, 53
1697722983.867578, 53
1697722983.884464, 51
1697722983.901837, 51
1697722983.918686, 52
1697722983.935492, 52
1697722983.952382, 52
1697722983.969092, 52
1697722983.986048, 52
1697722984.002820, 52
1697722984.019643, 53
1697722984.036647, 54
1697722984.053677, 53
1697722984.070702, 54
1697722984.088132, 54
1697722984.105226, 53
1697722984.122460, 53
1697722984.139615, 52
1697722984.156351, 53
1697722984.173874, 53
1697722984.190932, 53
1697722984.207775, 52
1697722984.224926, 53
1697722984.241487, 52
1697722984.258341, 53
1697722984.275157, 54
1697722984.292672, 54
1697722984.309422, 55
1697722984.326217, 54
1697722984.343119, 53
1697722984.359791, 55
1697722984.376526, 54
1697722984.394292, 54
1697722984.412038, 54
1697722984.428673, 53
1697722984.445768, 54
1697722984.462533, 54
1697722984.479302, 54
1697722984.496317, 54
1697722984.512933, 56
1697722984.529782, 56
1697722984.546910, 55
1697722984.563803, 55
1697722984.581338, 56
1697722984.598283, 56
1697722984.614947, 55
1697722984.632239, 56
1697722984.649118, 54
1697722984.665829, 55
1697722984.682729, 55
1697722984.699838, 55
1697722984.716998, 55
1697722984.733946, 54
1697722984.751095, 55
1697722984.767691, 55
1697722984.784488, 57
1697722984.801365, 56
1697722984.817809, 56
1697722984.834700, 56
1697722984.851442, 57
1697722984.869128, 56
1697722984.886373, 56
1697722984.903383, 56
1697722984.920388, 55
1697722984.937862, 55
1697722984.954627, 55
1697722984.971633, 55
1697722984.988509, 56
1697722985.005465, 56
1697722985.022671, 56
1697722985.039482, 56
1697722985.056186, 57
1697722985.072817, 57
1697722985.089768, 57
1697722985.106646, 58
1697722985.123606, 57
1697722985.140332, 57
1697722985.156945, 57
1697722985.173828, 57
1697722985.190244, 56
1697722985.206792, 56
1697722985.224062, 57
1697722985.240804, 57
1697722985.257528, 56
1697722985.274306, 57
1697722985.291053, 57
1697722985.308337, 57
1697722985.325658, 58
1697722985.342477, 58
1697722985.359792, 57
1697722985.376565, 58
1697722985.393669, 58
1697722985.410534, 58
1697722985.427473, 57
1697722985.444319, 58
1697722985.461863, 57
1697722985.478626, 56
1697722985.495482, 58
1697722985.512611, 58
1697722985.529654, 57
1697722985.546409, 59
1697722985.563586, 59
1697722985.580942, 58
1697722985.597570, 59
1697722985.615248, 59
1697722985.632144, 58
1697722985.648937, 58
1697722985.665802, 59
1697722985.682304, 57
1697722985.699123, 58
1697722985.716040, 58
1697722985.732833, 58
1697722985.749647, 58
1697722985.766302, 59
1697722985.783097, 59
1697722985.800204, 58
1697722985.817187, 60
1697722985.833919, 59
1697722985.851279, 59
1697722985.868520, 60
1697722985.885488, 60
1697722985.902799, 59
1697722985.919730, 60
1697722985.936525, 60
1697722985.953481, 59
1697722985.970371, 59
1697722985.986945, 59
1697722986.003982, 60
1697722986.021013, 58
1697722986.037758, 60
1697722986.054572, 60
1697722986.071430, 60
1697722986.087996, 61
1697722986.105127, 61
1697722986.121870, 60
1697722986.139003, 61
1697722986.155929, 61
1697722986.172932, 60
1697722986.189455, 60
1697722986.206059, 61
1697722986.222819, 60
1697722986.239344, 60
1697722986.256443, 59
1697722986.273309, 60
1697722986.290433, 60
1697722986.307393, 61
1697722986.324364, 60
1697722986.342005, 61
1697722986.359060, 62
1697722986.375528, 62
1697722986.392769, 61
1697722986.409722, 62
1697722986.426444, 61
1697722986.443563, 61
1697722986.460356, 62
1697722986.477420, 61
1697722986.494593, 61
1697722986.511567, 60
1697722986.528731, 60
1697722986.545825, 60
1697722986.562581, 60
1697722986.579453, 61
1697722986.596719, 61
1697722986.613590, 61
1697722986.630414, 63
1697722986.647647, 63
1697722986.664601, 62
1697722986.681466, 63
1697722986.698260, 63
1697722986.715065, 63
1697722986.731413, 63
1697722986.748283, 62
1697722986.765029, 62
1697722986.782320, 61
1697722986.799344, 62
1697722986.816578, 62
1697722986.834250, 61
1697722986.851063, 62
1697722986.868167, 61
1697722986.885046, 62
1697722986.902063, 63
1697722986.919079, 62
1697722986.936957, 62
1697722986.954147, 64
1697722986.971613, 63
1697722986.988765, 63
1697722987.005433, 63
1697722987.021908, 62
1697722987.038622, 62
1697722987.055733, 62
1697722987.072488, 63
1697722987.089583, 63
1697722987.106800, 62
1697722987.123584, 63
1697722987.141134, 63
1697722987.157776, 64
1697722987.174739, 64
1697722987.191992, 64
1697722987.208915, 63
1697722987.225685, 64
1697722987.242851, 64
1697722987.259959, 63
1697722987.277177, 65
1697722987.294868, 64
1697722987.311791, 64
1697722987.328945, 63
1697722987.345997, 64
1697722987.362648, 64
1697722987.379859, 63
1697722987.396560, 64
1697722987.413482, 63
1697722987.430200, 65
1697722987.447309, 65
1697722987.464167, 65
1697722987.481233, 64
1697722987.498332, 64
1697722987.515094, 65
1697722987.532267, 64
1697722987.548818, 65
1697722987.565643, 65
1697722987.582490, 64
1697722987.599502, 64
1697722987.616594, 64
1697722987.633587, 64
1697722987.650689, 64
1697722987.667484, 65
1697722987.684918, 65
1697722987.701782, 65
1697722987.719220, 66
1697722987.736325, 66
1697722987.753115, 66
1697722987.769751, 66
1697722987.787041, 66
1697722987.803964, 66
1697722987.820559, 66
1697722987.837517, 65
1697722987.854110, 64
1697722987.870878, 66
1697722987.888345, 65
1697722987.905078, 65
1697722987.922189, 65
1697722987.939259, 64
1697722987.956174, 66
1697722987.973303, 66
1697722987.990128, 67
1697722988.006768, 67
1697722988.023770, 66
1697722988.040494, 67
1697722988.057124, 67
1697722988.073560, 67
1697722988.090674, 66
1697722988.107308, 66
1697722988.124288, 66
1697722988.140867, 66
1697722988.157685, 66
1697722988.175051, 66
1697722988.192111, 67
1697722988.208652, 66
1697722988.225485, 66
1697722988.242589, 65
1697722988.260165, 67
1697722988.277204, 67
1697722988.294188, 68
1697722988.310979, 66
1697722988.327831, 67
1697722988.344681, 67
1697722988.361616, 67
1697722988.378359, 68
1697722988.395120, 68
1697722988.412128, 67
1697722988.429420, 66
1697722988.446470, 66
1697722988.463538, 68
1697722988.480808, 67
1697722988.497673, 66
1697722988.515450, 66
1697722988.532632, 67
1697722988.549716, 68
1697722988.566856, 68
1697722988.583822, 67
1697722988.600367, 67
1697722988.617600, 68
1697722988.634604, 69
1697722988.651800, 69
1697722988.668744, 69
1697722988.686151, 68
1697722988.703247, 68
1697722988.720683, 68
1697722988.738162, 67
1697722988.755014, 68
1697722988.772019, 68
1697722988.789340, 67
1697722988.806565, 67
1697722988.823275, 67
1697722988.840326, 70
1697722988.857699, 69
1697722988.874739, 69
1697722988.891613, 69
1697722988.908786, 69
1697722988.926347, 69
1697722988.943341, 69
1697722988.960555, 69
1697722988.977525, 69
1697722988.994959, 69
1697722989.012189, 68
1697722989.030331, 69
1697722989.047453, 69
1697722989.064975, 68
1697722989.082104, 69
1697722989.098907, 69
1697722989.115945, 69
1697722989.133621, 70
1697722989.151212, 70
1697722989.168558, 70
1697722989.186112, 70
1697722989.203538, 70
1697722989.220697, 71
1697722989.237643, 69
1697722989.254749, 70
1697722989.271809, 69
1697722989.288678, 69
1697722989.305734, 69
1697722989.322618, 69
1697722989.339522, 69
1697722989.356417, 69
1697722989.373227, 70
1697722989.390072, 69
1697722989.407154, 71
1697722989.423984, 71
1697722989.440505, 71
1697722989.457191, 71
1697722989.473841, 71
1697722989.490220, 71
1697722989.507557, 71
1697722989.524375, 70
1697722989.541723, 71
1697722989.558303, 71
1697722989.575163, 70
1697722989.591905, 70
1697722989.608651, 70
1697722989.625430, 70
1697722989.642475, 70
1697722989.659393, 70
1697722989.676101, 70
1697722989.692825, 71
1697722989.709513, 72
1697722989.726168, 71
1697722989.743044, 71
1697722989.759804, 71
1697722989.776718, 72
1697722989.794118, 72
1697722989.811015, 72
1697722989.827872, 71
1697722989.845248, 72
1697722989.862204, 71
1697722989.879402, 71
1697722989.896164, 71
1697722989.913120, 71
1697722989.930316, 72
1697722989.947063, 71
1697722989.964340, 71
1697722989.981591, 73
1697722989.998298, 73
1697722990.015238, 71
1697722990.032383, 71
1697722990.049198, 72
1697722990.066143, 72
1697722990.082804, 73
1697722990.099509, 73
1697722990.116345, 73
1697722990.133555, 73
1697722990.150239, 72
1697722990.166820, 72
1697722990.184360, 71
1697722990.201032, 71
1697722990.217603, 71
1697722990.235037, 72
1697722990.251893, 72
1697722990.268723, 72
1697722990.285994, 72
1697722990.302795, 72
1697722990.319789, 74
1697722990.336826, 73
1697722990.353534, 73
1697722990.369999, 74
1697722990.386981, 73
1697722990.403841, 73
1697722990.420904, 74
1697722990.437875, 73
1697722990.455138, 73
1697722990.472575, 73
1697722990.489587, 72
1697722990.506345, 72
1697722990.523227, 72
1697722990.540224, 72
1697722990.556810, 73
1697722990.573753, 74
1697722990.591245, 73
1697722990.608327, 74
1697722990.625717, 74
1697722990.642733, 74
1697722990.659883, 73
1697722990.676625, 74
1697722990.693454, 74
1697722990.710668, 74
1697722990.727820, 74
1697722990.744942, 75
1697722990.762411, 74
1697722990.779140, 73
1697722990.795933, 74
1697722990.812813, 75
1697722990.830178, 75
1697722990.847397, 75
1697722990.864369, 74
1697722990.881837, 76
1697722990.898472, 76
1697722990.915356, 76
1697722990.932245, 75
1697722990.949020, 74
1697722990.966398, 74
1697722990.983395, 75
1697722991.000017, 74
1697722991.018868, 76
1697722991.037751, 75
1697722991.055476, 74
1697722991.072536, 75
1697722991.089322, 74
1697722991.106306, 74
1697722991.123373, 75
1697722991.141141, 74
1697722991.157912, 73
1697722991.174654, 76
1697722991.191510, 75
1697722991.208747, 76
1697722991.225944, 76
1697722991.243682, 75
1697722991.260712, 76
1697722991.277631, 76
1697722991.295574, 75
1697722991.312840, 76
1697722991.330127, 76
1697722991.346925, 76
1697722991.363984, 73
1697722991.380751, 74
1697722991.398086, 74
1697722991.414908, 75
1697722991.431901, 75
1697722991.448741, 76
1697722991.465946, 75
1697722991.483017, 76
1697722991.499913, 77
1697722991.516895, 77
1697722991.534027, 76
1697722991.550523, 77
1697722991.567326, 76
1697722991.584518, 75
1697722991.601374, 77
1697722991.618652, 77
1697722991.635739, 76
1697722991.652673, 77
1697722991.669754, 76
1697722991.686858, 75
1697722991.703770, 76
1697722991.720938, 76
1697722991.737709, 76
1697722991.754710, 76
1697722991.771459, 76
1697722991.788588, 76
1697722991.805700, 77
1697722991.822505, 77
1697722991.839032, 77
1697722991.856215, 77
1697722991.873218, 77
1697722991.890174, 78
1697722991.907269, 77
1697722991.924253, 77
1697722991.941921, 78
1697722991.959265, 76
1697722991.976072, 76
1697722991.993397, 77
1697722992.010413, 77
1697722992.027043, 77
1697722992.044459, 76
1697722992.061814, 77
1697722992.079589, 77
1697722992.096451, 78
1697722992.113511, 77
1697722992.130152, 77
1697722992.146693, 77
1697722992.163598, 77
1697722992.180424, 77
1697722992.197603, 78
1697722992.214430, 79
1697722992.230883, 79
1697722992.247731, 78
1697722992.264375, 79
1697722992.281617, 77
1697722992.298520, 77
1697722992.315388, 78
1697722992.332242, 77
1697722992.348938, 77
1697722992.365691, 78
1697722992.383208, 78
1697722992.399948, 77
1697722992.416799, 79
1697722992.434146, 79
1697722992.451015, 78
1697722992.468329, 79
1697722992.485543, 79
1697722992.502169, 78
1697722992.519124, 79
1697722992.536426, 79
1697722992.553088, 79
1697722992.570008, 79
1697722992.586974, 79
1697722992.603950, 78
1697722992.620625, 78
1697722992.638306, 79
1697722992.655308, 79
1697722992.672156, 78
1697722992.688543, 79
1697722992.705055, 80
1697722992.722402, 79
1697722992.739311, 79
1697722992.756472, 80
1697722992.773623, 80
1697722992.790609, 80
1697722992.807338, 80
1697722992.824055, 79
1697722992.840734, 80
1697722992.857393, 79
1697722992.874747, 79
1697722992.891809, 79
1697722992.908518, 79
1697722992.925636, 79
1697722992.942867, 78
1697722992.959742, 79
1697722992.976819, 79
1697722992.993957, 80
1697722993.010869, 79
1697722993.027822, 81
1697722993.044575, 80
1697722993.061572, 80
1697722993.078477, 80
1697722993.095367, 81
1697722993.112446, 80
1697722993.129142, 81
1697722993.146220, 81
1697722993.163723, 80
1697722993.180841, 81
1697722993.197526, 81
1697722993.214836, 80
1697722993.231510, 80
1697722993.248280, 80
1697722993.265176, 79
1697722993.282163, 79
1697722993.298591, 79
1697722993.315489, 79
1697722993.332163, 81
1697722993.349792, 81
1697722993.367225, 80
1697722993.383949, 81
1697722993.400817, 82
1697722993.417805, 82
1697722993.434982, 80
1697722993.452600, 82
1697722993.470041, 82
1697722993.486957, 82
1697722993.504033, 82
1697722993.521292, 81
1697722993.538002, 80
1697722993.555251, 81
1697722993.572280, 81
1697722993.589176, 80
1697722993.606615, 80
1697722993.623371, 80
1697722993.640103, 80
1697722993.656897, 82
1697722993.673798, 82
1697722993.690392, 82
1697722993.707644, 81
1697722993.724347, 82
1697722993.741066, 82
1697722993.758593, 81
1697722993.775590, 82
1697722993.792046, 82
1697722993.809941, 82
1697722993.826893, 83
1697722993.844491, 82
1697722993.861820, 82
1697722993.878928, 82
1697722993.896282, 82
1697722993.913474, 81
1697722993.930916, 80
1697722993.947973, 81
1697722993.964942, 83
1697722993.982366, 82
1697722993.999216, 83
1697722994.016081, 83
1697722994.032995, 82
1697722994.050461, 83
1697722994.067823, 83
1697722994.085098, 82
1697722994.102539, 83
1697722994.119449, 83
1697722994.136603, 83
1697722994.153496, 83
1697722994.170606, 82
1697722994.188594, 81
1697722994.206195, 81
1697722994.223246, 83
1697722994.240417, 82
1697722994.257951, 82
1697722994.274736, 83
1697722994.291499, 84
1697722994.308532, 83
1697722994.325717, 84
1697722994.343390, 84
1697722994.360570, 83
1697722994.377156, 83
1697722994.394022, 83
1697722994.410870, 83
1697722994.427589, 84
1697722994.444735, 84
1697722994.461862, 83
1697722994.478880, 83
1697722994.495998, 82
1697722994.512758, 82
1697722994.529620, 83
1697722994.546379, 83
1697722994.563223, 83
1697722994.580299, 81
1697722994.597296, 83
1697722994.613877, 84
1697722994.630478, 83
1697722994.647292, 83
1697722994.664149, 84
1697722994.681231, 84
1697722994.698026, 85
1697722994.715071, 85
1697722994.732359, 84
1697722994.749066, 84
1697722994.765570, 84
1697722994.782829, 84
1697722994.799538, 84
1697722994.816387, 84
1697722994.833575, 84
1697722994.850497, 83
1697722994.867753, 83
1697722994.884636, 83
1697722994.901504, 83
1697722994.918661, 84
1697722994.935157, 85
1697722994.951980, 85
1697722994.969131, 84
1697722994.986096, 85
1697722995.002753, 84
1697722995.019880, 85
1697722995.036780, 85
1697722995.053354, 85
1697722995.070130, 84
1697722995.087047, 86
1697722995.103920, 86
1697722995.121269, 85
1697722995.138240, 85
1697722995.155481, 85
1697722995.172398, 84
1697722995.188761, 85
1697722995.206198, 85
1697722995.223142, 84
1697722995.240088, 85
1697722995.257452, 86
1697722995.274438, 86
1697722995.291192, 85
1697722995.308521, 85
1697722995.325374, 86
1697722995.342252, 85
1697722995.359104, 86
1697722995.375777, 86
1697722995.392534, 86
1697722995.409742, 86
1697722995.426290, 86
1697722995.442941, 85
1697722995.460110, 84
1697722995.476884, 85
1697722995.493738, 84
1697722995.510876, 86
1697722995.527772, 86
1697722995.544837, 86
1697722995.562288, 86
1697722995.579176, 86
1697722995.595926, 86
1697722995.612953, 86
1697722995.629905, 87
1697722995.647378, 87
1697722995.664302, 86
1697722995.680977, 87
1697722995.697889, 87
1697722995.714900, 87
1697722995.731716, 87
1697722995.748689, 87
1697722995.765616, 86
1697722995.782270, 85
1697722995.799338, 85
1697722995.816308, 85
1697722995.832924, 86
1697722995.849753, 86
1697722995.866691, 86
1697722995.883573, 85
1697722995.900846, 86
1697722995.917501, 86
1697722995.934664, 86
1697722995.952047, 88
1697722995.968726, 88
1697722995.986084, 87
1697722996.002895, 87
1697722996.019818, 87
1697722996.036878, 87
1697722996.053896, 88
1697722996.071019, 88
1697722996.088240, 88
1697722996.105113, 87
1697722996.121828, 87
1697722996.139091, 87
1697722996.155977, 87
1697722996.172948, 87
1697722996.190005, 87
1697722996.207188, 86
1697722996.224612, 87
1697722996.241615, 88
1697722996.258421, 87
1697722996.275492, 88
1697722996.292677, 87
1697722996.309566, 87
1697722996.326345, 88
1697722996.343746, 88
1697722996.360439, 88
1697722996.378367, 88
1697722996.395665, 89
1697722996.412509, 89
1697722996.429750, 88
1697722996.446598, 88
1697722996.463454, 87
1697722996.480363, 88
1697722996.497397, 88
1697722996.514485, 88
1697722996.531823, 87
1697722996.548834, 88
1697722996.565651, 88
1697722996.582401, 89
1697722996.599207, 89
1697722996.615876, 89
1697722996.632784, 89
1697722996.649458, 90
1697722996.666260, 89
1697722996.683172, 89
1697722996.700064, 89
1697722996.716822, 89
1697722996.733634, 88
1697722996.750384, 89
1697722996.767748, 89
1697722996.784504, 88
1697722996.801444, 87
1697722996.818690, 88
1697722996.835642, 88
1697722996.852355, 88
1697722996.869261, 88
1697722996.886197, 89
1697722996.902917, 90
1697722996.919452, 90
1697722996.936203, 90
1697722996.952649, 90
1697722996.969550, 89
1697722996.986279, 90
1697722997.002836, 90
1697722997.019677, 89
1697722997.036718, 90
1697722997.053742, 90
1697722997.071049, 90
1697722997.087970, 88
1697722997.105332, 88
1697722997.122025, 88
1697722997.138791, 88
1697722997.155593, 88
1697722997.172149, 87
1697722997.189047, 89
1697722997.206394, 88
1697722997.223253, 88
1697722997.240008, 88
1697722997.256508, 89
1697722997.273288, 89
1697722997.289965, 90
1697722997.306935, 90
1697722997.323460, 89
1697722997.340128, 89
1697722997.357177, 88
1697722997.374222, 89
1697722997.391376, 89
1697722997.408656, 89
1697722997.425440, 89
1697722997.442249, 88
1697722997.459028, 86
1697722997.475714, 87
1697722997.492845, 87
1697722997.509703, 87
1697722997.526456, 83
1697722997.543505, 76
1697722997.560190, 69
1697722997.576889, 62
1697722997.593638, 56
1697722997.610622, 48
1697722997.627101, 41
1697722997.644169, 42
1697722997.660984, 43
1697722997.677866, 41
1697722997.695274, 41
1697722997.712062, 41
1697722997.728980, 41
1697722997.746271, 42
1697722997.763366, 43
1697722997.781068, 42
1697722997.798439, 44
1697722997.815622, 44
1697722997.832912, 44
1697722997.849455, 43
1697722997.866274, 43
1697722997.883278, 44
1697722997.900642, 45
1697722997.917497, 43
1697722997.934412, 43
1697722997.951694, 43
1697722997.968674, 43
1697722997.985518, 43
1697722998.002272, 43
1697722998.018882, 44
1697722998.035343, 45
1697722998.052021, 44
1697722998.068665, 44
1697722998.085707, 45
1697722998.102491, 45
1697722998.120078, 45
1697722998.137137, 44
1697722998.153828, 44
1697722998.171510, 45
1697722998.187973, 44
1697722998.204855, 44
1697722998.221508, 44
1697722998.238111, 44
1697722998.254954, 45
1697722998.272364, 45
1697722998.289039, 46
1697722998.305589, 46
1697722998.322505, 46
1697722998.339268, 46
1697722998.356277, 45
1697722998.373487, 45
1697722998.391046, 45
1697722998.407565, 45
1697722998.424799, 45
1697722998.441629, 45
1697722998.458529, 44
1697722998.475495, 44
1697722998.492527, 47
1697722998.509874, 47
1697722998.526745, 47
1697722998.543555, 47
1697722998.560718, 47
1697722998.577671, 46
1697722998.594503, 47
1697722998.611652, 47
1697722998.628482, 46
1697722998.644967, 46
1697722998.662248, 46
1697722998.678838, 46
1697722998.695813, 45
1697722998.712852, 46
1697722998.729860, 48
1697722998.746956, 48
1697722998.764434, 47
1697722998.781198, 48
1697722998.798115, 48
1697722998.815299, 47
1697722998.831910, 47
1697722998.848599, 47
1697722998.865702, 47
1697722998.882479, 48
1697722998.899290, 46
1697722998.916648, 46
1697722998.933463, 48
1697722998.950795, 47
1697722998.967611, 48
1697722998.984678, 48
1697722999.001919, 49
1697722999.018780, 48
1697722999.035423, 48
1697722999.052312, 49
1697722999.069359, 49
1697722999.086077, 48
1697722999.103252, 47
1697722999.120106, 47
1697722999.136893, 47
1697722999.154229, 48
1697722999.171022, 48
1697722999.188018, 48
1697722999.205352, 49
1697722999.222045, 48
1697722999.238743, 49
1697722999.255880, 50
1697722999.273055, 50
1697722999.289535, 50
1697722999.306192, 50
1697722999.322990, 48
1697722999.340031, 48
1697722999.357353, 49
1697722999.374594, 49
1697722999.391732, 49
1697722999.408543, 50
1697722999.425643, 49
1697722999.442816, 50
1697722999.459668, 49
1697722999.476439, 51
1697722999.493616, 50
1697722999.510423, 51
1697722999.527287, 50
1697722999.544021, 50
1697722999.560880, 50
1697722999.577632, 50
1697722999.595650, 49
1697722999.612678, 50
1697722999.629606, 50
1697722999.646744, 50
1697722999.663440, 49
1697722999.680038, 52
1697722999.697707, 52
1697722999.714368, 51
1697722999.731066, 51
1697722999.748017, 51
1697722999.764916, 50
1697722999.781452, 52
1697722999.798149, 52
1697722999.815212, 51
1697722999.832566, 51
1697722999.849252, 51
1697722999.866147, 50
1697722999.883477, 50
1697722999.900385, 50
1697722999.917212, 51
1697722999.934298, 52
1697722999.951335, 53
1697722999.968197, 52
1697722999.985404, 51
1697723000.002189, 51
1697723000.018791, 52
1697723000.035713, 52
1697723000.052519, 52
1697723000.069548, 52
1697723000.087520, 52
1697723000.104292, 51
1697723000.120724, 52
1697723000.137534, 51
1697723000.154099, 52
1697723000.171031, 51
1697723000.187740, 53
1697723000.204719, 53
1697723000.222274, 54
1697723000.239036, 53
1697723000.255644, 53
1697723000.272740, 54
1697723000.289799, 54
1697723000.306772, 52
1697723000.324013, 53
1697723000.341012, 53
1697723000.357553, 52
1697723000.374916, 53
1697723000.392418, 53
1697723000.409309, 52
1697723000.426486, 53
1697723000.443193, 53
1697723000.459952, 54
1697723000.476642, 54
1697723000.493490, 55
1697723000.510435, 54
1697723000.527587, 54
1697723000.544146, 55
1697723000.560631, 54
1697723000.577913, 52
1697723000.594761, 52
1697723000.611664, 54
1697723000.628941, 54
1697723000.645883, 54
1697723000.662963, 53
1697723000.680639, 54
1697723000.697212, 55
1697723000.714103, 55
1697723000.730999, 55
1697723000.747687, 55
1697723000.764904, 56
1697723000.781859, 55
1697723000.798810, 55
1697723000.815758, 55
1697723000.832651, 54
1697723000.849097, 54
1697723000.866102, 54
1697723000.882890, 55
1697723000.899973, 54
1697723000.916900, 54
1697723000.933953, 55
1697723000.950770, 56
1697723000.968381, 56
1697723000.985458, 56
1697723001.002154, 55
1697723001.018798, 55
1697723001.035562, 56
1697723001.052510, 57
1697723001.069234, 55
1697723001.085924, 56
1697723001.102811, 56
1697723001.119641, 56
1697723001.136516, 55
1697723001.153600, 56
1697723001.170599, 55
1697723001.187860, 57
1697723001.204923, 57
1697723001.221901, 57
1697723001.238674, 57
1697723001.255188, 57
1697723001.272262, 56
1697723001.288905, 56
1697723001.305811, 56
1697723001.322599, 56
1697723001.339265, 56
1697723001.356359, 57
1697723001.373146, 56
1697723001.389543, 56
1697723001.406469, 56
1697723001.423046, 57
1697723001.440385, 57
1697723001.457193, 56
1697723001.474310, 57
1697723001.491365, 57
1697723001.508076, 58
1697723001.524722, 58
1697723001.541474, 58
1697723001.558254, 57
1697723001.575045, 58
1697723001.592464, 57
1697723001.609551, 56
1697723001.626490, 58
1697723001.643517, 58
1697723001.660449, 58
1697723001.677667, 58
1697723001.695022, 57
1697723001.711708, 58
1697723001.728710, 58
1697723001.746066, 59
1697723001.763028, 58
1697723001.779973, 59
1697723001.797191, 59
1697723001.813859, 58
1697723001.830812, 58
1697723001.848246, 58
1697723001.864983, 58
1697723001.881947, 57
1697723001.899423, 58
1697723001.916291, 58
1697723001.933603, 58
1697723001.950364, 58
1697723001.967242, 59
1697723001.984469, 59
1697723002.001363, 59
1697723002.018291, 60
1697723002.035768, 59
1697723002.052702, 59
1697723002.069472, 59
1697723002.086141, 59
1697723002.102971, 59
1697723002.119544, 59
1697723002.136947, 59
1697723002.153776, 59
1697723002.170555, 58
1697723002.187914, 58
1697723002.204765, 58
1697723002.221447, 59
1697723002.238291, 61
1697723002.255075, 61
1697723002.271765, 60
1697723002.289065, 61
1697723002.306018, 61
1697723002.322599, 59
1697723002.339330, 60
1697723002.356133, 61
1697723002.373411, 59
1697723002.389957, 60
1697723002.406593, 60
1697723002.423604, 60
1697723002.440414, 60
1697723002.457265, 60
1697723002.474161, 59
1697723002.490917, 60
1697723002.507998, 60
1697723002.524729, 60
1697723002.541501, 61
1697723002.558290, 62
1697723002.575700, 62
1697723002.592336, 62
1697723002.609119, 61
1697723002.626455, 61
1697723002.643248, 60
1697723002.660002, 61
1697723002.676820, 61
1697723002.693617, 60
1697723002.710968, 60
1697723002.728093, 60
1697723002.744908, 61
1697723002.762459, 62
1697723002.779230, 62
1697723002.796055, 62
1697723002.813234, 60
1697723002.830074, 61
1697723002.846845, 62
1697723002.864090, 61
1697723002.880913, 63
1697723002.897776, 63
1697723002.915028, 61
1697723002.931938, 61
1697723002.948436, 62
1697723002.965240, 61
1697723002.982152, 62
1697723002.998945, 62
1697723003.015968, 62
1697723003.032629, 62
1697723003.049186, 63
1697723003.066145, 63
1697723003.082836, 63
1697723003.099391, 63
1697723003.116445, 63
1697723003.133265, 62
1697723003.150373, 63
1697723003.167757, 63
1697723003.185339, 61
1697723003.202116, 62
1697723003.218973, 62
1697723003.235798, 63
1697723003.253053, 63
1697723003.270189, 63
1697723003.286906, 63
1697723003.304076, 63
1697723003.320935, 63
1697723003.337602, 63
1697723003.354701, 64
1697723003.371708, 64
1697723003.388725, 64
1697723003.405981, 63
1697723003.422742, 63
1697723003.439314, 63
1697723003.456366, 62
1697723003.473281, 63
1697723003.490475, 63
1697723003.507839, 62
1697723003.524933, 64
1697723003.542170, 64
1697723003.559299, 64
1697723003.576081, 63
1697723003.592747, 65
1697723003.609704, 65
1697723003.626533, 64
1697723003.643795, 65
1697723003.660512, 65
1697723003.677359, 65
1697723003.694421, 65
1697723003.711356, 65
1697723003.728076, 64
1697723003.745482, 64
1697723003.762450, 64
1697723003.779618, 64
1697723003.796508, 64
1697723003.813208, 64
1697723003.829737, 64
1697723003.847028, 64
1697723003.863918, 65
1697723003.880472, 66
1697723003.898381, 65
1697723003.915173, 66
1697723003.931780, 65
1697723003.949155, 65
1697723003.965769, 66
1697723003.982482, 66
1697723003.999576, 66
1697723004.016281, 65
1697723004.033199, 65
1697723004.049788, 65
1697723004.066502, 64
1697723004.083594, 65
1697723004.100413, 65
1697723004.117241, 65
1697723004.134456, 65
1697723004.151456, 66
1697723004.167967, 67
1697723004.184818, 66
1697723004.201824, 67
1697723004.218774, 66
1697723004.235765, 67
1697723004.252692, 66
1697723004.269355, 67
1697723004.286637, 67
1697723004.303575, 66
1697723004.320721, 66
1697723004.338022, 65
1697723004.354716, 66
1697723004.372152, 66
1697723004.388843, 67
1697723004.405554, 66
1697723004.422887, 67
1697723004.439730, 67
1697723004.456476, 67
1697723004.473430, 67
1697723004.490329, 67
1697723004.507053, 67
1697723004.524160, 67
1697723004.541050, 68
1697723004.557740, 68
1697723004.574880, 67
1697723004.592102, 67
1697723004.609087, 67
1697723004.626244, 67
1697723004.643320, 66
1697723004.660439, 66
1697723004.677631, 67
1697723004.694570, 67
1697723004.711534, 68
1697723004.728466, 68
1697723004.745692, 68
1697723004.763419, 68
1697723004.780203, 68
1697723004.796874, 68
1697723004.814004, 68
1697723004.830670, 67
1697723004.847668, 68
1697723004.864767, 67
1697723004.881718, 68
1697723004.898707, 68
1697723004.915816, 68
1697723004.932209, 67
1697723004.948880, 67
1697723004.965986, 67
1697723004.983008, 68
1697723004.999610, 69
1697723005.016229, 69
1697723005.032865, 68
1697723005.049442, 69
1697723005.066272, 69
1697723005.083072, 69
1697723005.100316, 69
1697723005.117312, 68
1697723005.134150, 68
1697723005.151402, 68
1697723005.168358, 68
1697723005.185246, 68
1697723005.202152, 68
1697723005.218821, 68
1697723005.235452, 68
1697723005.252594, 68
1697723005.269806, 70
1697723005.286660, 70
1697723005.303731, 70
1697723005.320426, 69
1697723005.336923, 70
1697723005.354212, 70
1697723005.370903, 69
1697723005.387774, 69
1697723005.404344, 70
1697723005.421006, 70
1697723005.437820, 69
1697723005.455167, 69
1697723005.472053, 69
1697723005.489485, 68
1697723005.506373, 68
1697723005.523215, 69
1697723005.540429, 69
1697723005.557065, 70
1697723005.574048, 70
1697723005.591424, 70
1697723005.608297, 70
1697723005.625151, 71
1697723005.642239, 70
1697723005.658934, 71
1697723005.675512, 71
1697723005.692602, 71
1697723005.709429, 71
1697723005.725891, 70
1697723005.742902, 69
1697723005.759886, 70
1697723005.776835, 70
1697723005.793933, 71
1697723005.810831, 70
1697723005.827466, 70
1697723005.844938, 70
1697723005.861959, 71
1697723005.878949, 71
1697723005.896253, 71
1697723005.912930, 72
1697723005.929675, 70
1697723005.946863, 71
1697723005.963803, 71
1697723005.980666, 72
1697723005.997893, 72
1697723006.014876, 71
1697723006.031759, 71
1697723006.048447, 71
1697723006.065127, 71
1697723006.081954, 70
1697723006.099244, 71
1697723006.116092, 71
1697723006.133260, 71
1697723006.149923, 72
1697723006.166731, 72
1697723006.183815, 72
1697723006.200350, 72
1697723006.216980, 72
1697723006.233776, 72
1697723006.250348, 71
1697723006.267136, 71
1697723006.283789, 73
1697723006.300510, 72
1697723006.317345, 71
1697723006.334039, 71
1697723006.350862, 72
1697723006.367851, 72
1697723006.385019, 72
1697723006.401881, 71
1697723006.419148, 72
1697723006.436270, 73
1697723006.452967, 73
1697723006.469937, 73
1697723006.486285, 73
1697723006.503003, 73
1697723006.520056, 72
1697723006.537031, 73
1697723006.553643, 74
1697723006.570831, 73
1697723006.587498, 73
1697723006.604446, 74
1697723006.621488, 73
1697723006.638238, 72
1697723006.654998, 72
1697723006.672023, 72
1697723006.688776, 71
1697723006.705450, 72
1697723006.722468, 73
1697723006.739232, 74
1697723006.755870, 74
1697723006.772952, 74
1697723006.789692, 74
1697723006.806741, 74
1697723006.823449, 74
1697723006.840398, 73
1697723006.857568, 74
1697723006.874327, 73
1697723006.891429, 75
1697723006.908815, 73
1697723006.925786, 73
1697723006.942562, 73
1697723006.959666, 73
1697723006.976776, 73
1697723006.993777, 74
1697723007.011080, 72
1697723007.027815, 72
1697723007.044763, 75
1697723007.061474, 74
1697723007.078159, 75
1697723007.094938, 75
1697723007.112100, 74
1697723007.128429, 75
1697723007.145020, 75
1697723007.162290, 74
1697723007.179118, 74
1697723007.196245, 75
1697723007.213557, 73
1697723007.230285, 74
1697723007.247468, 74
1697723007.264367, 75
1697723007.281277, 74
1697723007.298345, 73
1697723007.315219, 74
1697723007.332510, 76
1697723007.349418, 75
1697723007.366271, 76
1697723007.383035, 75
1697723007.399907, 74
1697723007.416860, 74
1697723007.433616, 75
1697723007.450620, 75
1697723007.467287, 76
1697723007.483837, 76
1697723007.501102, 75
1697723007.517753, 75
1697723007.534508, 75
1697723007.551772, 74
1697723007.569006, 75
1697723007.585799, 75
1697723007.602758, 75
1697723007.619658, 74
1697723007.637145, 75
1697723007.654008, 76
1697723007.671019, 76
1697723007.688477, 77
1697723007.705437, 76
1697723007.722438, 76
1697723007.739690, 76
1697723007.756510, 77
1697723007.773296, 76
1697723007.790650, 76
1697723007.807526, 77
1697723007.824393, 75
1697723007.841643, 76
1697723007.858617, 76
1697723007.875355, 76
1697723007.892541, 76
1697723007.909896, 75
1697723007.926564, 76
1697723007.944244, 77
1697723007.961093, 77
1697723007.977529, 76
1697723007.994724, 76
1697723008.011571, 76
1697723008.028557, 76
1697723008.045739, 77
1697723008.062302, 77
1697723008.078874, 77
1697723008.095308, 77
1697723008.112020, 77
1697723008.129432, 77
1697723008.146290, 76
1697723008.163041, 75
1697723008.180222, 76
1697723008.196983, 76
1697723008.213686, 76
1697723008.230622, 77
1697723008.247501, 78
1697723008.264535, 77
1697723008.281348, 78
1697723008.298342, 78
1697723008.315414, 77
1697723008.332663, 78
1697723008.349699, 78
1697723008.366481, 78
1697723008.382991, 78
1697723008.399737, 78
1697723008.416938, 77
1697723008.433559, 76
1697723008.450463, 78
1697723008.467567, 77
1697723008.484338, 77
1697723008.500902, 78
1697723008.518523, 78
1697723008.535582, 77
1697723008.552629, 78
1697723008.569685, 79
1697723008.586172, 78
1697723008.602888, 78
1697723008.620009, 79
1697723008.636868, 78
1697723008.653399, 78
1697723008.670569, 79
1697723008.687129, 78
1697723008.703867, 79
1697723008.720824, 78
1697723008.737417, 77
1697723008.754310, 77
1697723008.771920, 78
1697723008.788391, 78
1697723008.805381, 77
1697723008.822184, 77
1697723008.838827, 78
1697723008.856317, 78
1697723008.873008, 79
1697723008.889492, 80
1697723008.906790, 80
1697723008.923554, 79
1697723008.940663, 79
1697723008.957800, 79
1697723008.974824, 79
1697723008.991636, 80
1697723009.008286, 80
1697723009.024831, 79
1697723009.041976, 80
1697723009.059120, 79
1697723009.075992, 78
1697723009.092730, 79
1697723009.109646, 79
1697723009.126491, 78
1697723009.143107, 79
1697723009.160404, 79
1697723009.177245, 79
1697723009.194515, 80
1697723009.211423, 79
1697723009.228040, 79
1697723009.245089, 80
1697723009.261909, 81
1697723009.278579, 81
1697723009.295511, 81
1697723009.312012, 80
1697723009.328530, 81
1697723009.345669, 80
1697723009.362532, 78
1697723009.379413, 79
1697723009.396357, 79
1697723009.413275, 79
1697723009.429856, 80
1697723009.446832, 80
1697723009.463682, 79
1697723009.480325, 80
1697723009.496876, 81
1697723009.513640, 80
1697723009.530974, 80
1697723009.547689, 81
1697723009.564235, 80
1697723009.581702, 81
1697723009.598574, 81
1697723009.615790, 80
1697723009.632836, 80
1697723009.649607, 82
1697723009.666184, 82
1697723009.683081, 80
1697723009.700036, 81
1697723009.716938, 81
1697723009.734097, 81
1697723009.750898, 81
1697723009.767519, 81
1697723009.784717, 80
1697723009.801595, 82
1697723009.818525, 82
1697723009.835503, 81
1697723009.852299, 82
1697723009.869274, 82
1697723009.886405, 81
1697723009.903271, 81
1697723009.919906, 81
1697723009.936631, 81
1697723009.953505, 81
1697723009.970442, 82
1697723009.987530, 82
1697723010.004552, 80
1697723010.022125, 80
1697723010.038691, 80
1697723010.055521, 82
1697723010.072846, 82
1697723010.089763, 82
1697723010.106516, 81
1697723010.123091, 82
1697723010.139895, 83
1697723010.156876, 82
1697723010.174034, 82
1697723010.190982, 83
1697723010.207731, 83
1697723010.225058, 82
1697723010.242025, 82
1697723010.259124, 83
1697723010.276176, 82
1697723010.293097, 83
1697723010.310275, 82
1697723010.327558, 81
1697723010.344455, 82
1697723010.361351, 82
1697723010.378510, 81
1697723010.395972, 81
1697723010.412972, 82
1697723010.429430, 82
1697723010.446246, 83
1697723010.463285, 83
1697723010.480292, 84
1697723010.496819, 84
1697723010.513705, 84
1697723010.530511, 84
1697723010.547067, 83
1697723010.564051, 83
1697723010.580999, 84
1697723010.597658, 83
1697723010.614613, 84
1697723010.631084, 82
1697723010.647805, 82
1697723010.664997, 82
1697723010.682393, 83
1697723010.699168, 83
1697723010.716268, 82
1697723010.733099, 83
1697723010.750186, 83
1697723010.767082, 84
1697723010.784130, 84
1697723010.801411, 84
1697723010.818192, 83
1697723010.835006, 84
1697723010.851673, 83
1697723010.868282, 83
1697723010.885041, 84
1697723010.901794, 85
1697723010.918543, 85
1697723010.935394, 84
1697723010.952728, 84
1697723010.969606, 84
1697723010.986447, 83
1697723011.003624, 84
1697723011.020044, 83
1697723011.036631, 83
1697723011.053795, 84
1697723011.070507, 84
1697723011.087141, 85
1697723011.103924, 85
1697723011.120646, 85
1697723011.137673, 85
1697723011.154687, 85
1697723011.171788, 85
1697723011.189071, 85
1697723011.205739, 85
1697723011.222685, 85
1697723011.239515, 85
1697723011.256392, 84
1697723011.273306, 85
1697723011.290648, 84
1697723011.307397, 83
1697723011.323996, 85
1697723011.341348, 85
1697723011.358138, 84
1697723011.375036, 85
1697723011.392088, 84
1697723011.408878, 86
1697723011.426519, 86
1697723011.444250, 86
1697723011.461461, 86
1697723011.479030, 85
1697723011.495761, 86
1697723011.512504, 86
1697723011.529571, 85
1697723011.546527, 86
1697723011.563192, 86
1697723011.579910, 86
1697723011.596844, 86
1697723011.613616, 85
1697723011.630987, 84
1697723011.647801, 84
1697723011.664555, 85
1697723011.681677, 84
1697723011.698310, 84
1697723011.715058, 85
1697723011.732606, 86
1697723011.749305, 85
1697723011.766645, 87
1697723011.783902, 87
1697723011.801099, 86
1697723011.818534, 87
1697723011.836402, 87
1697723011.853256, 86
1697723011.870585, 86
1697723011.887140, 87
1697723011.903722, 86
1697723011.920837, 87
1697723011.937387, 86
1697723011.954193, 86
1697723011.971205, 85
1697723011.988252, 86
1697723012.005339, 86
1697723012.022346, 85
1697723012.039484, 86
1697723012.056329, 87
1697723012.073305, 87
1697723012.089959, 87
1697723012.106706, 87
1697723012.123968, 86
1697723012.140465, 87
1697723012.157962, 87
1697723012.174912, 87
1697723012.191774, 87
1697723012.209361, 88
1697723012.226001, 88
1697723012.242988, 87
1697723012.260139, 87
1697723012.277342, 87
1697723012.294413, 86
1697723012.311498, 86
1697723012.328409, 86
1697723012.345110, 86
1697723012.362397, 87
1697723012.379480, 87
1697723012.396163, 87
1697723012.413015, 87
1697723012.429768, 88
1697723012.446393, 87
1697723012.463590, 88
1697723012.480475, 88
1697723012.497619, 88
1697723012.514700, 88
1697723012.531625, 87
1697723012.548578, 88
1697723012.566036, 87
1697723012.582779, 88
1697723012.599649, 87
1697723012.616973, 86
1697723012.633799, 88
1697723012.651105, 88
1697723012.668004, 87
1697723012.684699, 88
1697723012.702152, 88
1697723012.719050, 89
1697723012.735922, 89
1697723012.753134, 89
1697723012.770370, 89
1697723012.787210, 88
1697723012.804390, 89
1697723012.821534, 88
1697723012.838226, 89
1697723012.855440, 89
1697723012.872283, 89
1697723012.889046, 88
1697723012.905961, 89
1697723012.922595, 89
1697723012.939424, 87
1697723012.956778, 88
1697723012.973895, 88
1697723012.990395, 88
1697723013.007413, 88
1697723013.024455, 88
1697723013.041525, 88
1697723013.059029, 89
1697723013.075763, 89
1697723013.092468, 90
1697723013.109477, 90
1697723013.126148, 90
1697723013.143076, 90
1697723013.159875, 89
1697723013.176442, 90
1697723013.192839, 90
1697723013.209486, 90
1697723013.226064, 88
1697723013.242910, 89
1697723013.259721, 88
1697723013.276677, 88
1697723013.293788, 89
1697723013.310923, 89
1697723013.328082, 89
1697723013.345223, 89
1697723013.362006, 89
1697723013.379503, 90
1697723013.396090, 89
1697723013.412739, 89
1697723013.429840, 88
1697723013.446306, 89
1697723013.463088, 88
1697723013.480315, 89
1697723013.496848, 89
1697723013.513445, 89
1697723013.530626, 89
1697723013.547393, 90
1697723013.564349, 90
1697723013.581510, 90
1697723013.598419, 89
1697723013.615707, 90
1697723013.632984, 90
1697723013.649858, 89
1697723013.666721, 90
1697723013.684457, 90
1697723013.701093, 90
1697723013.718099, 90
1697723013.734864, 90
1697723013.751738, 90
1697723013.768807, 89
1697723013.785897, 88
1697723013.802280, 88
1697723013.819348, 89
1697723013.836082, 89
1697723013.852694, 89
1697723013.869461, 89
1697723013.886024, 89
1697723013.902395, 89
1697723013.919415, 89
1697723013.936242, 89
1697723013.953184, 89
1697723013.970428, 89
1697723013.987159, 89
1697723014.004118, 89
1697723014.020987, 89
1697723014.037633, 89
1697723014.055104, 90
1697723014.071877, 90
1697723014.088560, 89
1697723014.105770, 88
1697723014.122659, 88
1697723014.139363, 88
1697723014.156089, 88
1697723014.172962, 88
1697723014.189691, 87
1697723014.206733, 87
1697723014.223685, 79
1697723014.240969, 72
1697723014.258381, 65
1697723014.275309, 57
1697723014.292833, 51
1697723014.309677, 44
1697723014.326287, 41
1697723014.343357, 42
1697723014.359903, 42
1697723014.376910, 43
1697723014.394065, 43
1697723014.411023, 42
1697723014.427758, 42
1697723014.444399, 42
1697723014.461227, 42
1697723014.478160, 43
1697723014.495311, 43
1697723014.512276, 43
1697723014.529188, 43
1697723014.546187, 42
1697723014.563198, 42
1697723014.579761, 43
1697723014.596583, 44
1697723014.613393, 44
1697723014.630308, 44
1697723014.647255, 44
1697723014.663845, 44
1697723014.681045, 44
1697723014.697766, 43
1697723014.714692, 43
1697723014.731734, 43
1697723014.748456, 44
1697723014.765366, 44
1697723014.782326, 44
1697723014.799136, 45
1697723014.815891, 45
1697723014.832951, 45
1697723014.849834, 44
1697723014.866994, 45
1697723014.884406, 45
1697723014.901217, 44
1697723014.918380, 44
1697723014.935146, 44
1697723014.952143, 44
1697723014.968934, 45
1697723014.985706, 45
1697723015.002371, 45
1697723015.019569, 46
1697723015.036352, 45
1697723015.053171, 46
1697723015.069844, 45
1697723015.086730, 46
1697723015.103521, 47
1697723015.120635, 46
1697723015.137428, 47
1697723015.154532, 47
1697723015.171854, 47
1697723015.188841, 46
1697723015.205575, 46
1697723015.222844, 46
1697723015.239730, 46
1697723015.256137, 46
1697723015.273108, 46
1697723015.290026, 46
1697723015.308133, 47
1697723015.325081, 47
1697723015.341914, 46
1697723015.359437, 47
1697723015.376171, 46
1697723015.392992, 46
1697723015.410034, 47
1697723015.426978, 47
1697723015.443847, 48
1697723015.460589, 46
1697723015.477413, 47
1697723015.494224, 46
1697723015.511398, 47
1697723015.528063, 47
1697723015.544811, 47
1697723015.561750, 48
1697723015.578550, 48
1697723015.595292, 48
1697723015.612398, 47
1697723015.629122, 48
1697723015.645661, 48
1697723015.662592, 48
1697723015.679415, 48
1697723015.696860, 48
1697723015.713669, 49
1697723015.730571, 48
1697723015.747781, 47
1697723015.764776, 47
1697723015.782004, 49
1697723015.799136, 48
1697723015.815849, 49
1697723015.832693, 48
1697723015.849351, 49
1697723015.865818, 49
1697723015.882714, 48
1697723015.899703, 48
1697723015.916135, 48
1697723015.932790, 49
1697723015.949510, 49
1697723015.966493, 49
1697723015.983534, 50
1697723016.000239, 50
1697723016.017039, 49
1697723016.033756, 49
1697723016.050583, 49
1697723016.067208, 49
1697723016.084157, 49
1697723016.101153, 49
1697723016.118218, 50
1697723016.135488, 50
1697723016.152394, 50
1697723016.169285, 48
1697723016.185860, 50
1697723016.202571, 50
1697723016.219080, 50
1697723016.236045, 49
1697723016.252846, 50
1697723016.269855, 51
1697723016.286932, 50
1697723016.303798, 50
1697723016.320820, 50
1697723016.337863, 49
1697723016.354752, 51
1697723016.372300, 51
1697723016.389169, 51
1697723016.406058, 51
1697723016.423162, 51
1697723016.440111, 50
1697723016.456900, 51
1697723016.473964, 51
1697723016.490766, 51
1697723016.507252, 51
1697723016.524374, 52
1697723016.541251, 51
1697723016.557909, 50
1697723016.575099, 50
1697723016.592024, 51
1697723016.608699, 51
1697723016.625769, 52
1697723016.642489, 52
1697723016.659361, 50
1697723016.676515, 51
1697723016.693671, 52
1697723016.711004, 51
1697723016.727641, 52
1697723016.744350, 52
1697723016.761868, 52
1697723016.778869, 52
1697723016.795724, 52
1697723016.812589, 53
1697723016.829636, 52
1697723016.846347, 53
1697723016.863222, 52
1697723016.880060, 52
1697723016.896862, 53
1697723016.913857, 53
1697723016.930446, 52
1697723016.947212, 53
1697723016.964610, 53
1697723016.981507, 53
1697723016.998573, 53
1697723017.015420, 53
1697723017.032358, 53
1697723017.049171, 53
1697723017.066135, 54
1697723017.083019, 54
1697723017.100262, 53
1697723017.117295, 54
1697723017.133904, 54
1697723017.150542, 53
1697723017.167737, 53
1697723017.184457, 54
1697723017.201622, 53
1697723017.218260, 54
